0 0.419921875 0.6015625 0.640625 0.55859375 0.630859375 0.501953125 0.408203125 0.546875
0 0.556640625 0.044921875 0.326171875 0.091796875 0.337890625 0.150390625 0.568359375 0.103515625
0 0.365234375 0.302734375 0.5859375 0.2578125 0.576171875 0.20703125 0.353515625 0.251953125
0 0.208984375 0.798828125 0.4296875 0.75390625 0.419921875 0.697265625 0.197265625 0.7421875
0 0.779296875 0.001953125 0.58203125 0.041015625 0.59375 0.099609375 0.791015625 0.060546875
0 0.8671875 0.505859375 0.85546875 0.447265625 0.669921875 0.484375 0.681640625 0.54296875 0.865234375 0.505859375
0 0.623046875 0.24609375 0.814453125 0.208984375 0.802734375 0.154296875 0.611328125 0.19140625
0 0.388671875 0.453125 0.615234375 0.408203125 0.603515625 0.349609375 0.376953125 0.39453125
0 0.388671875 0.60546875 0.376953125 0.548828125 0.16796875 0.58984375 0.1796875 0.646484375 0.255859375 0.630859375
0 0.677734375 0.701171875 0.666015625 0.64453125 0.439453125 0.689453125 0.451171875 0.74609375
0 0.708984375 0.6953125 0.908203125 0.65625 0.896484375 0.595703125 0.697265625 0.634765625
0 0.84765625 0.353515625 0.8359375 0.298828125 0.638671875 0.337890625 0.650390625 0.392578125 0.8359375 0.35546875
0 0.865234375 0.505859375 0.806640625 0.517578125 0.81640625 0.564453125 0.875 0.552734375
0 0.8359375 0.35546875 0.77734375 0.3671875 0.794921875 0.458984375 0.853515625 0.447265625
0 0.3671875 0.4609375 0.357421875 0.408203125 0.14453125 0.44921875 0.154296875 0.50390625 0.228515625 0.490234375
0 0.255859375 0.630859375 0.1875 0.64453125 0.20703125 0.740234375 0.275390625 0.7265625
0 0.228515625 0.490234375 0.16015625 0.50390625 0.17578125 0.58984375 0.24609375 0.576171875
0 0.78515625 0.060546875 0.71875 0.07421875 0.73828125 0.166015625 0.802734375 0.154296875
0 0.931640625 0.275390625 1 0.26171875 1 0.197265625 0.919921875 0.21484375
0 1 0.060546875 1 0 0.88671875 0.0234375 0.8984375 0.080078125 0.955078125 0.0703125
0 0.8828125 0.025390625 0.919921875 0.21484375 0.98046875 0.203125 0.955078125 0.0703125 0.8984375 0.080078125 0.88671875 0.0234375
0 0.4140625 0.943359375 0.287109375 0.97265625 0.291015625 1 0.380859375 1 0.423828125 0.990234375
0 0.857421875 0.849609375 0.705078125 0.8828125 0.712890625 0.927734375 0.8671875 0.892578125 0.859375 0.86328125
0 0.513671875 0.970703125 0.3828125 1 0.517578125 1
0 0.705078125 0.8828125 0.55078125 0.91796875 0.560546875 0.9609375 0.712890625 0.927734375
0 0.525390625 0.96875 0.515625 0.921875 0.4140625 0.943359375 0.423828125 0.990234375 0.513671875 0.970703125
0 0.080078125 0.22265625 0.123046875 0.212890625 0.0859375 0.02734375 0.04296875 0.03515625
0 0.09375 0.025390625 0.087890625 0 0.03515625 0 0.04296875 0.03515625 0.0859375 0.02734375
0 0.3046875 0.255859375 0.103515625 0.296875 0.11328125 0.345703125 0.314453125 0.306640625
0 0.244140625 0.14453125 0.296875 0.1328125 0.27734375 0.037109375 0.224609375 0.046875
0 0.296875 0.1328125 0.244140625 0.14453125 0.267578125 0.263671875 0.322265625 0.25390625
0 1 0.876953125 0.998046875 0.810546875 0.90234375 0.828125 0.9140625 0.89453125 1 0.876953125
0 0.998046875 0.634765625 1 0.369140625 0.958984375 0.369140625 0.95703125 0.634765625 0.998046875 0.634765625
0 0.4140625 0.021484375 0.4140625 0 0.283203125 0 0.28515625 0.021484375 0.4140625 0.021484375