0 0.228515625 0 0.189453125 0 0.236328125 0.09375 0.267578125 0.078125
0 0.81640625 0.23828125 0.83203125 0.26953125 1 0.185546875 1 0.146484375
0 0.755859375 0.119140625 0.771484375 0.146484375 1 0.03125 1 0 0.994140625 0
0 0.990234375 0.26171875 0.982421875 0.24609375 0.943359375 0.265625 0.951171875 0.28125 0.9296875 0.291015625 0.921875 0.27734375 0.86328125 0.306640625 0.88671875 0.35546875 1 0.296875 1 0.255859375
0 0.98828125 0.361328125 0.99609375 0.375 0.884765625 0.4296875 0.908203125 0.4765625 1 0.4296875 1 0.35546875
0 0.732421875 0.1484375 0.658203125 0.185546875 0.6953125 0.26171875 0.7109375 0.25390625 0.71875 0.271484375 0.779296875 0.2421875
0 0.7578125 0.44140625 0.732421875 0.388671875 0.447265625 0.53125 0.47265625 0.583984375
0 0.7890625 0.494140625 0.49609375 0.638671875 0.513671875 0.67578125 0.806640625 0.529296875
0 0.673828125 0.3125 0.400390625 0.44921875 0.427734375 0.50390625 0.701171875 0.3671875
0 0.609375 0.19140625 0.341796875 0.326171875 0.3671875 0.375 0.634765625 0.2421875
0 0.58984375 0.009765625 0.583984375 0 0.482421875 0 0.314453125 0.083984375 0.33984375 0.134765625 0.458984375 0.076171875
0 0.619140625 0.0625 0.494140625 0.125 0.5078125 0.15234375 0.6328125 0.091796875
0 0.486328125 0.12890625 0.37109375 0.185546875 0.384765625 0.21484375 0.5 0.15625
0 0.900390625 0.60546875 0.84765625 0.630859375 0.861328125 0.658203125 0.9140625 0.630859375
0 0.9375 0.923828125 0.931640625 0.91015625 0.890625 0.931640625 0.892578125 0.9375 0.873046875 0.94921875 0.896484375 0.99609375 1 0.943359375 1 0.892578125
0 0.22265625 0.400390625 0.177734375 0.421875 0.333984375 0.73828125 0.37890625 0.71484375
0 0.0390625 0.83984375 0 0.859375 0 0.912109375 0.060546875 0.8828125
0 0.22265625 0.75 0.0390625 0.83984375 0.060546875 0.8828125 0.244140625 0.791015625
0 0.310546875 0.806640625 0 0.9609375 0 1 0.00390625 1 0.326171875 0.83984375
0 0.046875 0.404296875 0.025390625 0.361328125 0 0.373046875 0 0.427734375
0 0.087890625 0.14453125 0.05078125 0.162109375 0.15234375 0.36328125 0.1875 0.345703125
0 0.474609375 0.640625 0.4453125 0.58984375 0.40234375 0.615234375 0.431640625 0.666015625 0.474609375 0.640625
0 0.03125 0.837890625 0.0234375 0.7890625 0 0.79296875 0 0.84375 0.03125 0.837890625