0 0.0703125 0.109375 0.07421875 0.060546875 0 0.0546875 0 0.10546875
0 0 0.14453125 0 0.248046875 0.01953125 0.25 0.01953125 0.2421875 0.033203125 0.2421875 0.033203125 0.228515625 0.0546875 0.23046875 0.05859375 0.146484375
0 0.064453125 0.4609375 0.060546875 0.529296875 0.12109375 0.53125 0.125 0.44921875 0.0859375 0.412109375 0 0.40625 0 0.45703125
0 0.04296875 0.607421875 0.05078125 0.78515625 0.078125 0.78515625 0.080078125 0.859375 0.130859375 0.857421875 0.12109375 0.603515625
0 0.775390625 0.052734375 1 0.048828125 1 0.001953125 0.826171875 0.00390625 0.826171875 0 0.7734375 0
0 0.525390625 0.0078125 0.701171875 0.009765625 0.701171875 0 0.525390625 0
0 0.28125 0.03515625 0.251953125 0.05078125 0.287109375 0.10546875 0.33984375 0.072265625 0.3046875 0.01953125 0.330078125 0.0078125 0.326171875 0 0.26171875 0
0 0.62109375 0.171875 0.76953125 0.173828125 0.76953125 0.111328125 0.62109375 0.109375
0 0.3828125 0.107421875 0.3828125 0.169921875 0.62109375 0.171875 0.62109375 0.109375
0 0.318359375 0.2265625 0.345703125 0.208984375 0.3046875 0.14453125 0.251953125 0.1796875 0.29296875 0.244140625 0.263671875 0.26171875 0.30078125 0.3203125 0.357421875 0.287109375
0 0.375 0.296875 0.375 0.314453125 0.330078125 0.314453125 0.330078125 0.359375 0.806640625 0.357421875 0.806640625 0.310546875 0.75390625 0.310546875 0.75390625 0.294921875
0 0.33203125 1 0.455078125 1 0.404296875 0.97265625 0.396484375 0.9765625 0.390625 0.955078125 0.416015625 0.947265625 0.408203125 0.921875 0.37890625 0.92578125 0.376953125 0.91015625 0.32421875 0.91796875
0 0.521484375 0.923828125 0.546875 0.970703125 0.513671875 0.990234375 0.517578125 1 0.623046875 1 0.677734375 0.970703125 0.642578125 0.90625 0.611328125 0.92578125 0.58984375 0.88671875
0 0.84765625 0.3203125 0.908203125 0.3203125 0.908203125 0.1484375 0.845703125 0.1484375
0 0.306640625 0.484375 0.306640625 0.576171875 0.37109375 0.57421875 0.37109375 0.533203125 0.78515625 0.52734375 0.78515625 0.56640625 0.84375 0.56640625 0.841796875 0.513671875 0.798828125 0.513671875 0.798828125 0.4765625
0 0.40234375 0.626953125 0.337890625 0.626953125 0.33984375 0.859375 0.404296875 0.859375
0 0.4375 0.814453125 0.64453125 0.814453125 0.646484375 0.75 0.4375 0.748046875
0 0.794921875 0.75 0.794921875 0.724609375 0.70703125 0.72265625 0.701171875 0.919921875 0.767578125 0.951171875 0.78515625 0.912109375 0.71484375 0.869140625 0.716796875 0.732421875 0.775390625 0.73828125 0.775390625 0.75
0 0.6796875 0.671875 0.6796875 0.619140625 0.40234375 0.62109375 0.40234375 0.673828125
0 0.794921875 0.91796875 1 0.806640625 1 0.740234375 0.796875 0.845703125 0.787109375 0.859375 0.775390625 0.83984375 0.775390625 0.73828125 0.716796875 0.732421875 0.71484375 0.869140625 0.78515625 0.912109375
0 0.71484375 0.681640625 1 0.677734375 1 0.62109375 0.71484375 0.625
0 0.89453125 0.556640625 1 0.5625 1 0.498046875 0.8984375 0.494140625
0 0.998046875 0.416015625 1 0.361328125 0.84375 0.345703125 0.83984375 0.400390625 0.998046875 0.416015625
0 0.033203125 0.9453125 0.033203125 0.859375 0 0.859375 0 0.9453125 0.033203125 0.9453125
0 1 0.201171875 1 0.15625 0.91796875 0.154296875 0.916015625 0.201171875 1 0.201171875
0 0.998046875 0.998046875 0.998046875 0.935546875 0.880859375 0.935546875 0.880859375 1 0.998046875 0.998046875