0 0.5344366776315789 0.528782894736842 0.9959909539473684 0.4496299342105263 1 0.6023848684210525 0.5508840460526315 0.6696134868421052
0 0.5508840460526315 0.6675575657894737 0.998046875 0.6058799342105262 0.9970189144736841 0.7405427631578947 0.563219572368421 0.816611842105263
0 0.568359375 0.816611842105263 0.998046875 0.7578125 0.998046875 1 0.5859375 1
0 0.00390625 0.794921875 0.21371299342105265 0.7611019736842105 0.232421875 0.966796875 0.0390625 1
0 0.787109375 0.3671875 0.982421875 0.3515625 0.986328125 0.3984375 0.791015625 0.412109375
0 0.78125 0.30078125 0.982421875 0.28515625 0.984375 0.337890625 0.783203125 0.3515625
0 0.771484375 0.236328125 0.970703125 0.21875 0.974609375 0.26171875 0.775390625 0.279296875
0 0.76171875 0.166015625 0.966796875 0.146484375 0.970703125 0.19921875 0.765625 0.21875
0 0.75 0.103515625 0.958984375 0.080078125 0.962890625 0.130859375 0.75390625 0.15234375
0 0.748046875 0.0390625 0.94921875 0.01953125 0.953125 0.060546875 0.751953125 0.08203125
0 0.3668791118421053 0.7446546052631579 0.4994860197368421 0.724095394736842 0.5426603618421052 0.9918791118421053 0.4030633223684211 0.9938322368421051
0 0.2702508223684211 0.758018092105263 0.3668791118421053 0.7333470394736842 0.4141652960526316 0.998046875 0.30468750000000006 0.9999999999999998
0 0.123046875 0.58203125 0.29296875 0.556640625 0.302734375 0.64453125 0.134765625 0.669921875
0 0.38024259868421056 0.6181126644736842 0.45250822368421056 0.6063939144736842 0.45641447368421056 0.6571751644736842 0.38610197368421056 0.6708470394736842
0 0.30859375 0.548828125 0.359375 0.541015625 0.376953125 0.630859375 0.326171875 0.638671875
0 0.392578125 0.029296875 0.408203125 0 0.4453125 0.00390625 0.4296875 0.033203125
0 0.00390625 0.59375 0.103515625 0.578125 0.109375 0.623046875 0.009765625 0.638671875
0 0 0.6417557565789473 0.08203125 0.6398026315789473 0.1015625 0.7159745065789473 0.015625 0.7218338815789473
0 0.4453125 0.580078125 0.50390625 0.576171875 0.517578125 0.615234375 0.4609375 0.62109375
0 0.26983963815789475 0.6937705592105262 0.30108963815789475 0.6879111842105262 0.30890213815789475 0.7347861842105262 0.27569901315789475 0.7406455592105262
0 0.49609375 0.72265625 0.4921875 0.66796875 0.412109375 0.67578125 0.416015625 0.73046875 0.49609375 0.72265625
0 0.4921875 0.56640625 0.48046875 0.505859375 0.359375 0.525390625 0.37109375 0.587890625 0.4921875 0.56640625