0 0.7265625 0.57421875 0.908203125 0.57421875 0.908203125 0.65625 0.7265625 0.65625
0 0.71875 0.765625 0.890625 0.765625 0.890625 0.833984375 0.71875 0.833984375
0 0.705078125 0.994140625 0.712890625 0.9609375 0.888671875 0.96484375 0.87890625 1
0 0.91015625 0.052734375 0.91015625 0 0.9453125 0 0.9453125 0.052734375
0 0.005139802631578941 0.189453125 0.06157483552631583 0.16796875000000003 0.1839021381578948 0.11040296052631582 0.27744654605263164 0.14740953947368424 0.19212582236842107 0.2368421052631579 0.005139802631578941 0.2421875
0 0.8915501644736843 0.11636513157894736 0.9481907894736843 0.11636513157894736 0.9481907894736843 0.17105263157894735 0.8915501644736843 0.17105263157894735
0 0.3660567434210526 0.14668996710526316 0.3699629934210526 0.10176809210526315 0.4383223684210526 0.10958059210526315 0.4344161184210526 0.15254934210526316
0 0.709189967105263 0.251233552631579 0.5539679276315789 0.23375822368421054 0.4676192434210526 0.18647203947368424 0.4737870065789474 0.1402138157894737 0.6680715460526315 0.19366776315789477 0.7112458881578947 0.16282894736842107 0.918482730263158 0.17619243421052627 0.9034745065789473 0.22245065789473686
0 0.06291118421052633 0.9431537828947368 0.21525493421052633 0.9431537828947368 0.21525493421052633 0.9958881578947368 0.06291118421052633 0.9958881578947368
0 0.049033717105263164 0.600842927631579 0.20723684210526316 0.600842927631579 0.20723684210526316 0.653577302631579 0.049033717105263164 0.653577302631579
0 0.419921875 0.595703125 0.611328125 0.58984375 0.615234375 0.6484375 0.42578125 0.65625
0 0.345703125 0.791015625 0.630859375 0.791015625 0.630859375 0.859375 0.345703125 0.859375
0 0.48026315789473684 0.4838610197368419 0.48612253289473684 0.4213610197368421 0.755653782894737 0.4350328947368421 0.749794407894737 0.49753289473684226
0 0.024362664473684195 0.7684004934210527 0.18256578947368418 0.7684004934210527 0.18256578947368418 0.8211348684210527 0.024362664473684195 0.8211348684210527
0 0.023334703947368404 0.4178659539473685 0.18153782894736842 0.4178659539473685 0.18153782894736842 0.4706003289473685 0.023334703947368404 0.4706003289473685
0 0.856188322368421 0.6500822368421052 0.9137541118421052 0.6613898026315789 0.9111842105263159 0.7590460526315789 0.8545435855263159 0.7590460526315789
0 0.851048519736842 0.8710937499999999 0.9024465460526315 0.8731496710526315 0.9039884868421053 0.9471628289473683 0.8473478618421053 0.9471628289473683