0 0.98046875 0.208984375 0.962890625 0.267578125 1 0.27734375 1 0.216796875 0.9921875 0.21484375
0 0.80859375 0.76171875 0.787109375 0.826171875 1 0.89453125 1 0.822265625 0.861328125 0.779296875
0 0.85546875 0.623046875 0.8359375 0.69140625 1 0.740234375 1 0.6640625 0.904296875 0.63671875
0 0.76953125 0.90625 0.75 0.97265625 0.833984375 1 0.974609375 1 0.984375 0.974609375 0.818359375 0.921875
0 0.90234375 0.486328125 0.8828125 0.552734375 1 0.58984375 1 0.515625 0.947265625 0.5
0 1 0.412109375 1 0.337890625 0.94921875 0.322265625 0.92578125 0.390625 0.9765625 0.40625
0 0.796875 0.98828125 0.75 0.97265625 0.76953125 0.90625 0.818359375 0.921875 0.841796875 0.84375 0.787109375 0.826171875 0.80859375 0.76171875 0.861328125 0.779296875 0.884765625 0.705078125 0.8359375 0.69140625 0.85546875 0.623046875 0.904296875 0.63671875 0.927734375 0.56640625 0.8828125 0.552734375 0.90234375 0.486328125 0.947265625 0.5 0.9765625 0.40625 0.92578125 0.390625 0.73046875 1 0.79296875 1
0 0.072265625 0.611328125 0.0703125 0.5625 0.07421875 0.556640625 0 0.51171875 0 0.578125 0.025390625 0.59375 0 0.63671875 0 0.76953125 0.0859375 0.619140625
0 0.330078125 0.369140625 0.30859375 0.345703125 0.341796875 0.3125 0.3203125 0.291015625 0.337890625 0.2734375 0.27734375 0.2109375 0.21484375 0.26953125 0.23828125 0.29296875 0.216796875 0.314453125 0.25 0.349609375 0.2421875 0.357421875 0.2890625 0.408203125 0.3203125 0.376953125
0 0.34765625 0.38671875 0.330078125 0.369140625 0.3203125 0.376953125 0.369140625 0.427734375 0.349609375 0.447265625 0.380859375 0.478515625 0.40234375 0.458984375 0.42578125 0.482421875 0.494140625 0.41796875 0.431640625 0.3515625 0.416015625 0.3671875 0.392578125 0.34375
0 0.751953125 0.39453125 0.8359375 0.20703125 0.734375 0.162109375 0.650390625 0.34765625 0.734375 0.38671875
0 0.650390625 0.34765625 0.564453125 0.4296875 0.623046875 0.4921875 0.734375 0.38671875
0 0.482421875 0.373046875 0.474609375 0.365234375 0.458984375 0.380859375 0.494140625 0.41796875 0.466796875 0.443359375 0.50390625 0.482421875 0.529296875 0.45703125 0.556640625 0.486328125 0.587890625 0.455078125 0.564453125 0.4296875 0.6015625 0.39453125 0.560546875 0.3515625 0.53515625 0.376953125 0.5078125 0.349609375
0 0.564453125 0.921875 0.5703125 0.90234375 0.595703125 0.91015625 0.658203125 0.716796875 0.630859375 0.708984375 0.623046875 0.685546875 0.62890625 0.6640625 0.59765625 0.654296875 0.580078125 0.70703125 0.58984375 0.708984375 0.595703125 0.73046875 0.55078125 0.8671875 0.54296875 0.865234375 0.529296875 0.91015625
0 0.3828125 0.814453125 0.365234375 0.865234375 0.52734375 0.91796875 0.54296875 0.865234375
0 0.427734375 0.6015625 0.412109375 0.6484375 0.58203125 0.701171875 0.59765625 0.654296875
0 0.1484375 0.69921875 0.3359375 0.76171875 0.353515625 0.712890625 0.1640625 0.6484375
0 0.1015625 0.865234375 0.2890625 0.923828125 0.3046875 0.87890625 0.115234375 0.8203125
0 0.142578125 0.05078125 0.009765625 0.033203125 0 0.048828125 0 0.40234375 0.08203125 0.451171875 0.146484375 0.33984375
0 0.46875 1 0.46875 0.9609375 0.298828125 0.958984375 0.298828125 0.998046875 0.46875 1
0 0.0234375 0.859375 0.03125 0.80078125 0 0.794921875 0 0.853515625 0.0234375 0.859375
0 0.19921875 1 0.19921875 0.958984375 0.056640625 0.958984375 0.056640625 0.998046875 0.19921875 1
0 0.296875 0.197265625 0.302734375 0.1015625 0.21875 0.095703125 0.212890625 0.193359375 0.296875 0.197265625