0 0.98046875 0.8125 1 0.818359375 1 0.75390625
0 0.927734375 0.7890625 0.97265625 0.80859375 0.9921875 0.765625 0.9453125 0.74609375
0 0.97265625 0.80859375 0.94140625 0.908203125 1 0.92578125 1 0.81640625
0 0.798828125 0.818359375 0.861328125 0.80078125 0.849609375 0.75390625 0.787109375 0.76953125
0 0.919921875 0.650390625 0.9765625 0.640625 0.96875 0.595703125 0.912109375 0.60546875
0 0.845703125 0.626953125 0.80078125 0.634765625 0.814453125 0.708984375 0.859375 0.701171875 0.85546875 0.677734375
0 0.904296875 0.615234375 0.845703125 0.626953125 0.85546875 0.677734375 0.9140625 0.66796875
0 0.513671875 0.962890625 0.57421875 0.93359375 0.548828125 0.880859375 0.48828125 0.908203125
0 0.470703125 0.91796875 0.49609375 0.970703125 0.513671875 0.962890625 0.48828125 0.908203125
0 0.453125 0.99609375 0.46875 0.9921875 0.4609375 0.96484375 0.447265625 0.96875
0 0.443359375 0.955078125 0.396484375 0.966796875 0.404296875 1 0.43359375 1 0.453125 0.99609375 0.447265625 0.96875
0 0.361328125 0.9765625 0.3671875 0.994140625 0.388671875 0.98828125 0.3828125 0.970703125
0 0.396484375 0.966796875 0.38671875 0.931640625 0.3515625 0.94140625 0.361328125 0.9765625 0.3828125 0.970703125
0 0.287109375 0.783203125 0.361328125 0.755859375 0.3359375 0.689453125 0.26171875 0.71875
0 0.19921875 0.689453125 0.349609375 0.62890625 0.3125 0.537109375 0.162109375 0.59765625
0 0.046875 0.498046875 0.064453125 0.544921875 0.125 0.521484375 0.107421875 0.474609375
0 0.162109375 0.373046875 0.080078125 0.40234375 0.12890625 0.53125 0.2109375 0.5
0 0.04296875 0.490234375 0.080078125 0.4765625 0.064453125 0.43359375 0.02734375 0.4453125
0 0.12890625 0.296875 0.185546875 0.2734375 0.16015625 0.20703125 0.1015625 0.228515625
0 0.07421875 0.998046875 0.0703125 0.923828125 0 0.927734375 0 1 0.07421875 0.998046875
0 0.2734375 0.54296875 0.259765625 0.5078125 0.197265625 0.53515625 0.2109375 0.568359375 0.2734375 0.54296875