0 0.69921875 0.05078125 0.701171875 0.064453125 0.68359375 0.068359375 0.69140625 0.111328125 0.96484375 0.05078125 0.95703125 0.009765625 0.9375 0.013671875 0.93359375 0
0 0.955078125 0.005859375 0.96484375 0.05078125 1 0.04296875 1 0 0.98046875 0
0 0.31640625 0.02734375 0.310546875 0 0.08984375 0 0.1015625 0.0625
0 0.001953125 0.486328125 0.28125 0.4296875 0.271484375 0.380859375 0 0.435546875 0 0.703125 0.04296875 0.693359375
0 0.271484375 0.380859375 0.265625 0.35546875 0 0.408203125 0 0.435546875
0 0.81640625 0.240234375 0.826171875 0.287109375 0.884765625 0.275390625 0.87890625 0.244140625 0.8515625 0.25 0.84765625 0.234375
0 0.97265625 0.287109375 1 0.28125 1 0.232421875 0.962890625 0.240234375
0 0.490234375 0.09375 0.4921875 0.103515625 0.4609375 0.111328125 0.458984375 0.099609375 0.41015625 0.111328125 0.412109375 0.12109375 0.380859375 0.12890625 0.37890625 0.1171875 0.341796875 0.125 0.34375 0.1328125 0.306640625 0.140625 0.3046875 0.1328125 0.255859375 0.14453125 0.2578125 0.154296875 0.2265625 0.16015625 0.224609375 0.150390625 0.16796875 0.1640625 0.177734375 0.212890625 0.20703125 0.20703125 0.208984375 0.21484375 0.2265625 0.2109375 0.224609375 0.203125 0.27734375 0.19140625 0.279296875 0.19921875 0.302734375 0.1953125 0.30078125 0.185546875 0.35546875 0.173828125 0.357421875 0.181640625 0.375 0.177734375 0.373046875 0.169921875 0.435546875 0.15625 0.4375 0.166015625 0.4609375 0.16015625 0.458984375 0.150390625 0.515625 0.138671875 0.515625 0.1484375 0.537109375 0.142578125 0.53515625 0.134765625 0.5625 0.12890625 0.552734375 0.080078125
0 0.51953125 0.02734375 0.51953125 0 0.337890625 0 0.337890625 0.02734375 0.51953125 0.02734375
0 0.72265625 0.033203125 0.720703125 0 0.65234375 0 0.654296875 0.037109375 0.72265625 0.033203125
0 0.60546875 0.8671875 0.5859375 0.830078125 0.55078125 0.84765625 0.5703125 0.884765625 0.60546875 0.8671875