0 0.787109375 0.142578125 0.791015625 0.1328125 0.775390625 0.123046875 0.76953125 0.1328125
0 0.8125 0.154296875 0.818359375 0.14453125 0.80078125 0.134765625 0.794921875 0.142578125
0 0.755859375 0.08984375 0.76171875 0.078125 0.744140625 0.068359375 0.73828125 0.080078125
0 0.783203125 0.099609375 0.787109375 0.091796875 0.765625 0.083984375 0.763671875 0.08984375
0 0.689453125 0.07421875 0.703125 0.068359375 0.697265625 0.0546875 0.68359375 0.060546875
0 0 0.228515625 0 0.259765625 0.0390625 0.27734375 0.091796875 0.158203125 0.041015625 0.13671875
0 0.095703125 0.08984375 0.083984375 0.1171875 0.166015625 0.15625 0.1796875 0.12890625 0.169921875 0.125
0 0.17578125 0.11328125 0.169921875 0.125 0.1875 0.1328125 0.193359375 0.123046875 0.1875 0.119140625
0 0.19921875 0.09375 0.111328125 0.052734375 0.099609375 0.078125 0.1875 0.119140625
0 0.12890625 0.01953125 0.119140625 0.0390625 0.162109375 0.056640625 0.169921875 0.037109375 0.1484375 0.029296875
0 0.1484375 0.029296875 0.158203125 0 0.13671875 0 0.12890625 0.01953125
0 0.333984375 0.087890625 0.30859375 0.076171875 0.267578125 0.17578125 0.29296875 0.1875 0.330078125 0.1015625
0 0.296875 0.177734375 0.30859375 0.18359375 0.341796875 0.107421875 0.330078125 0.1015625
0 0.3046875 0.1953125 0.330078125 0.205078125 0.373046875 0.103515625 0.349609375 0.09375
0 0.333984375 0.2109375 0.359375 0.22265625 0.40625 0.12109375 0.37890625 0.109375
0 0.412109375 0.123046875 0.37109375 0.216796875 0.400390625 0.228515625 0.439453125 0.13671875 0.427734375 0.130859375
0 0.439453125 0.13671875 0.4453125 0.126953125 0.431640625 0.12109375 0.427734375 0.130859375
0 0.28125 0.205078125 0.259765625 0.1953125 0.212890625 0.29296875 0.236328125 0.302734375 0.275390625 0.220703125
0 0.240234375 0.294921875 0.25390625 0.302734375 0.2890625 0.2265625 0.275390625 0.220703125
0 0.251953125 0.3125 0.275390625 0.322265625 0.322265625 0.220703125 0.298828125 0.208984375
0 0.283203125 0.322265625 0.3046875 0.33203125 0.349609375 0.234375 0.328125 0.224609375
0 0.306640625 0.34375 0.32421875 0.3515625 0.328125 0.341796875 0.310546875 0.333984375
0 0.37890625 0.287109375 0.361328125 0.279296875 0.330078125 0.345703125 0.349609375 0.353515625
0 0.1640625 0.365234375 0.220703125 0.39453125 0.2421875 0.3515625 0.185546875 0.322265625 0.169921875 0.3515625
0 0.169921875 0.330078125 0.16015625 0.34765625 0.169921875 0.3515625 0.1796875 0.333984375
0 0.33203125 0.5546875 0.365234375 0.568359375 0.392578125 0.505859375 0.359375 0.490234375
0 0.396484375 0.484375 0.40234375 0.47265625 0.38671875 0.46484375 0.380859375 0.4765625
0 0.24609375 0.52734375 0.236328125 0.521484375 0.2265625 0.544921875 0.234375 0.55078125 0.240234375 0.5390625
0 0.26171875 0.5546875 0.263671875 0.548828125 0.240234375 0.5390625 0.236328125 0.544921875
0 0.275390625 0.544921875 0.263671875 0.56640625 0.2734375 0.572265625 0.28515625 0.55078125
0 0.30078125 0.578125 0.30859375 0.564453125 0.28515625 0.55078125 0.27734375 0.564453125
0 0.328125 0.59375 0.3359375 0.583984375 0.3203125 0.572265625 0.3125 0.583984375
0 0.359375 0.802734375 0.380859375 0.80859375 0.392578125 0.765625 0.373046875 0.759765625
0 0.42578125 0.8984375 0.4375 0.90234375 0.443359375 0.880859375 0.431640625 0.876953125
0 0.078125 0.46484375 0.09375 0.4609375 0.091796875 0.453125 0.076171875 0.455078125
0 1 0.998046875 1 0.734375 0.9296875 0.685546875 0.853515625 0.681640625 0.779296875 0.75390625 0.76171875 0.880859375 0.791015625 0.998046875
0 0.361328125 0.4609375 0.373046875 0.427734375 0.26171875 0.390625 0.25 0.421875 0.361328125 0.4609375