0 0.91015625 0.7734375 1 0.806640625 1 0.736328125 0.935546875 0.7109375
0 0.837890625 0.30859375 1 0.375 1 0.30859375 0.86328125 0.251953125
0 0.806640625 0.064453125 0.646484375 0 0.607421875 0 0.58984375 0.04296875 0.78515625 0.12109375 0.7890625 0.111328125
0 0.853515625 0.13671875 0.875 0.080078125 0.810546875 0.0546875 0.7890625 0.111328125
0 0.88671875 0.15625 1 0.208984375 1 0.150390625 0.908203125 0.109375
0 0.541015625 0.189453125 0.724609375 0.263671875 0.748046875 0.201171875 0.564453125 0.12890625
0 0.48046875 0.333984375 0.693359375 0.421875 0.71875 0.357421875 0.5078125 0.26953125
0 0.7421875 0.443359375 0.955078125 0.525390625 0.982421875 0.458984375 0.767578125 0.375
0 0.689453125 0.572265625 0.90625 0.654296875 0.927734375 0.59765625 0.7109375 0.515625
0 0.435546875 0.474609375 0.6484375 0.556640625 0.669921875 0.501953125 0.45703125 0.41796875
0 0.373046875 0.61328125 0.58984375 0.70703125 0.615234375 0.650390625 0.3984375 0.556640625
0 0.6328125 0.71875 0.849609375 0.806640625 0.87109375 0.75390625 0.654296875 0.6640625
0 0.619140625 0.890625 0.80859375 0.966796875 0.83203125 0.908203125 0.642578125 0.83203125
0 0.267578125 0.94921875 0.39453125 1 0.46875 1 0.482421875 0.966796875 0.291015625 0.890625
0 0.314453125 0.775390625 0.5 0.83984375 0.521484375 0.78125 0.3359375 0.71484375
0 0.033203125 0.572265625 0.30078125 0.673828125 0.32421875 0.61328125 0.056640625 0.51171875
0 0.134765625 0.37890625 0.11328125 0.43359375 0.361328125 0.53125 0.380859375 0.478515625
0 0.029296875 0.306640625 0 0.37890625 0 0.494140625 0.01953125 0.501953125 0.087890625 0.330078125 0.0703125 0.322265625
0 0.02734375 0.185546875 0 0.25390625 0 0.29296875 0.0703125 0.322265625 0.111328125 0.21875
0 0.16015625 0.27734375 0.4140625 0.37890625 0.435546875 0.326171875 0.1796875 0.224609375
0 0.22265625 0.115234375 0.4765625 0.212890625 0.498046875 0.15625 0.244140625 0.060546875
0 0.00390625 0.810546875 0.025390625 0.75 0 0.740234375 0 0.80859375
0 0.02734375 0.736328125 0.216796875 0.8125 0.232421875 0.7734375 0.04296875 0.6953125
0 0.033203125 0.822265625 0 0.80859375 0 1 0.2109375 1 0.224609375 0.970703125 0.216796875 0.96875 0.259765625 0.857421875 0.052734375 0.775390625
0 0.8671875 0.958984375 0.90234375 0.974609375 0.953125 0.853515625 0.91796875 0.83984375
0 0.998046875 0.04296875 0.998046875 0 0.939453125 0 0.939453125 0.04296875 0.998046875 0.04296875
0 1 0.646484375 1 0.578125 0.966796875 0.578125 0.96875 0.646484375 1 0.646484375
0 0.6875 1 0.6875 0.974609375 0.583984375 0.974609375 0.583984375 0.998046875 0.6875 1