0 0.814453125 0.228515625 0.859375 0.294921875 0.900390625 0.31640625 0.9765625 0.265625 0.93359375 0.201171875 0.904296875 0.220703125 0.880859375 0.185546875
0 0.263671875 0.0625 0.318359375 0.1484375 0.552734375 0 0.361328125 0
0 0.169921875 0.220703125 0.146484375 0.234375 0.123046875 0.197265625 0.07421875 0.2265625 0.095703125 0.263671875 0.0703125 0.279296875 0.0625 0.263671875 0.017578125 0.2890625 0.04296875 0.330078125 0.009765625 0.34765625 0.0390625 0.3984375 0.115234375 0.353515625 0.099609375 0.328125 0.19921875 0.26953125 0.193359375 0.259765625
0 0.25390625 0.111328125 0.009765625 0.25390625 0 0.279296875 0 0.330078125 0.009765625 0.34765625 0.04296875 0.330078125 0.017578125 0.2890625 0.0625 0.263671875 0.0703125 0.279296875 0.095703125 0.263671875 0.07421875 0.2265625 0.123046875 0.197265625 0.146484375 0.234375 0.169921875 0.220703125 0.193359375 0.259765625 0.302734375 0.1953125
0 0.494140625 0.140625 0.513671875 0.171875 0.494140625 0.18359375 0.517578125 0.22265625 0.625 0.16015625 0.6015625 0.12109375 0.578125 0.134765625 0.55859375 0.1015625
0 0.353515625 0.21875 0.373046875 0.25390625 0.345703125 0.26953125 0.3671875 0.30859375 0.474609375 0.24609375 0.451171875 0.208984375 0.435546875 0.216796875 0.416015625 0.18359375
0 0.24609375 0.478515625 0.287109375 0.552734375 0.314453125 0.537109375 0.35546875 0.548828125 0.361328125 0.560546875 0.419921875 0.525390625 0.369140625 0.435546875 0.341796875 0.451171875 0.328125 0.4296875
0 0.09765625 0.4765625 0.123046875 0.521484375 0.091796875 0.5390625 0.115234375 0.578125 0.14453125 0.5625 0.154296875 0.580078125 0.216796875 0.544921875 0.205078125 0.525390625 0.224609375 0.515625 0.201171875 0.474609375 0.173828125 0.490234375 0.1484375 0.447265625
0 0.244140625 0.578125 0.158203125 0.62890625 0.185546875 0.673828125 0.26953125 0.625
0 0.26953125 0.625 0.185546875 0.673828125 0.248046875 0.779296875 0.33203125 0.73046875
0 0.501953125 0.6953125 0.525390625 0.681640625 0.47265625 0.591796875 0.40625 0.630859375 0.427734375 0.666015625 0.42578125 0.6796875 0.390625 0.69921875 0.4296875 0.763671875 0.513671875 0.71484375
0 0.88671875 0.3515625 0.87890625 0.380859375 0.861328125 0.375 0.841796875 0.44140625 0.814453125 0.458984375 0.744140625 0.4375 0.736328125 0.466796875 0.71875 0.4609375 0.69921875 0.52734375 0.666015625 0.546875 0.595703125 0.52734375 0.587890625 0.5546875 0.5703125 0.548828125 0.54296875 0.638671875 0.611328125 0.658203125 0.62109375 0.62890625 0.65625 0.609375 0.669921875 0.61328125 0.68359375 0.564453125 0.703125 0.552734375 0.759765625 0.5703125 0.76953125 0.541015625 0.8046875 0.521484375 0.818359375 0.525390625 0.83203125 0.4765625 0.84765625 0.46875 0.90234375 0.484375 0.912109375 0.455078125 0.947265625 0.435546875 0.9609375 0.439453125 0.978515625 0.37890625
0 0.00390625 0.755859375 0 0.7578125 0 0.833984375 0.009765625 0.828125 0.03125 0.865234375 0 0.8828125 0 0.892578125 0.0625 0.857421875 0.025390625 0.79296875