0 0.0078125 0.388671875 0.03515625 0.365234375 0.00390625 0.330078125 0 0.33203125 0 0.37890625
0 0.037109375 0.359375 0.064453125 0.3359375 0.03515625 0.30078125 0.0078125 0.32421875
0 0.064453125 0.4296875 0.119140625 0.388671875 0.0859375 0.345703125 0.033203125 0.388671875
0 0.21484375 0.44921875 0.234375 0.423828125 0.203125 0.400390625 0.18359375 0.42578125
0 0.2421875 0.41796875 0.26953125 0.380859375 0.234375 0.353515625 0.20703125 0.390625
0 0.189453125 0.486328125 0.208984375 0.4609375 0.177734375 0.435546875 0.15625 0.4609375
0 0.21875 0.509765625 0.23828125 0.484375 0.208984375 0.4609375 0.189453125 0.486328125
0 0.126953125 0.490234375 0.1640625 0.51953125 0.18359375 0.494140625 0.14453125 0.46484375
0 0.19140625 0.541015625 0.2109375 0.515625 0.18359375 0.494140625 0.1640625 0.51953125
0 0.140625 0.55078125 0.169921875 0.572265625 0.1875 0.548828125 0.15625 0.52734375
0 0.244140625 0.576171875 0.26953125 0.55859375 0.24609375 0.525390625 0.220703125 0.54296875
0 0.27734375 0.552734375 0.302734375 0.533203125 0.279296875 0.5 0.25390625 0.51953125
0 0.314453125 0.5234375 0.337890625 0.505859375 0.31640625 0.474609375 0.291015625 0.494140625
0 0.326171875 0.548828125 0.34765625 0.53515625 0.333984375 0.515625 0.3125 0.529296875
0 0.349609375 0.556640625 0.359375 0.548828125 0.349609375 0.5390625 0.341796875 0.546875
0 0.064453125 0.888671875 0.09375 0.87109375 0.076171875 0.841796875 0.046875 0.859375
0 0.15625 0.736328125 0.087890625 0.763671875 0.099609375 0.79296875 0.16796875 0.765625
0 0.15234375 0.82421875 0.185546875 0.8125 0.16796875 0.765625 0.134765625 0.779296875
0 0.21484375 0.875 0.255859375 0.8359375 0.216796875 0.794921875 0.17578125 0.833984375
0 0.28125 0.841796875 0.306640625 0.81640625 0.28125 0.7890625 0.255859375 0.814453125
0 0.322265625 0.810546875 0.345703125 0.78515625 0.318359375 0.7578125 0.29296875 0.78515625
0 0.376953125 0.8046875 0.412109375 0.765625 0.3828125 0.73828125 0.345703125 0.775390625
0 0.42578125 0.74609375 0.4609375 0.712890625 0.435546875 0.685546875 0.400390625 0.71875
0 0.39453125 0.859375 0.40625 0.84765625 0.39453125 0.833984375 0.3828125 0.845703125
0 0.4140625 0.841796875 0.400390625 0.828125 0.39453125 0.833984375 0.40625 0.84765625
0 0.44921875 0.921875 0.4765625 0.896484375 0.453125 0.869140625 0.423828125 0.896484375
0 0.419921875 0.892578125 0.44921875 0.8671875 0.423828125 0.83984375 0.396484375 0.865234375
0 0.390625 0.87890625 0.357421875 0.9140625 0.373046875 0.9296875 0.38671875 0.9140625 0.400390625 0.927734375 0.419921875 0.908203125
0 0.3984375 0.9296875 0.423828125 0.95703125 0.4453125 0.9375 0.419921875 0.91015625
0 0.349609375 0.919921875 0.30859375 0.958984375 0.3359375 0.986328125 0.375 0.94921875
0 0.279296875 0.94921875 0.3046875 0.923828125 0.27734375 0.896484375 0.251953125 0.921875
0 0.22265625 0.953125 0.244140625 0.9296875 0.220703125 0.90625 0.19921875 0.9296875
0 0.208984375 0.962890625 0.21875 0.953125 0.193359375 0.9296875 0.18359375 0.939453125
0 0.177734375 0.978515625 0.19921875 1 0.205078125 1 0.21875 0.986328125 0.193359375 0.9609375
0 0.2578125 1 0.283203125 0.974609375 0.2578125 0.94921875 0.232421875 0.974609375
0 0.140625 0.96875 0.16015625 0.947265625 0.126953125 0.91796875 0.107421875 0.939453125
0 0.0703125 0.986328125 0.0859375 1 0.1015625 1 0.119140625 0.978515625 0.09375 0.958984375
0 0.47265625 0.931640625 0.439453125 0.953125 0.453125 0.974609375 0.4453125 0.978515625 0.455078125 0.994140625 0.49609375 0.966796875
0 0.033203125 0.478515625 0.033203125 0.40234375 0 0.40234375 0 0.478515625 0.033203125 0.478515625
0 0.2890625 0.708984375 0.265625 0.638671875 0.203125 0.658203125 0.2265625 0.728515625 0.2890625 0.708984375
0 0.03515625 0.869140625 0.01953125 0.830078125 0 0.841796875 0.001953125 0.880859375 0.03515625 0.869140625
0 0.041015625 0.783203125 0.0234375 0.759765625 0 0.78125 0.013671875 0.8046875 0.041015625 0.783203125
0 0.189453125 0.39453125 0.216796875 0.353515625 0.169921875 0.3203125 0.140625 0.359375 0.189453125 0.39453125