0 0.08984375 0.24609375 0.2421875 0.080078125 0.28515625 0.115234375 0.1328125 0.28125
0 0 0.1484375 0.1875 0 0.224609375 0.03515625 0.037109375 0.185546875
0 0 0.47312560562015504 0 0.2950246710526316 0.09499152131782948 0.3429172722868217 0.04729893410852712 0.4102925145348837
0 0.19921875 0.27734375 0.3671875 0.095703125 0.416015625 0.134765625 0.24609375 0.31640625
0 0.3984375 0.078125 0.451171875 0.013671875 0.49609375 0.03515625 0.44140625 0.099609375
0 0 0.8176398026315789 0.026110197368421073 0.7569901315789473 0.1011513157894737 0.7939967105263157 0.0034950657894737003 0.9235197368421052
0 0.150390625 0.2890625 0.16796875 0.259765625 0.22265625 0.3046875 0.205078125 0.333984375
0 0.62109375 0.96484375 0.68359375 0.904296875 0.76953125 0.939453125 0.705078125 1
0 0.775390625 0.72265625 0.845703125 0.6328125 0.93359375 0.697265625 0.865234375 0.7890625
0 0.95703125 0.8041735197368421 1 0.8041735197368421 1 0.8959703947368421 0.95703125 0.8959703947368421
0 0.66796875 0.58203125 0.697265625 0.544921875 0.75 0.587890625 0.720703125 0.623046875
0 0.7081620065789473 0.631064967105263 0.7472245065789473 0.584189967105263 0.8022203947368421 0.6243832236842104 0.7621299342105263 0.6706414473684209
0 0.931640625 0.998046875 0.931640625 0.97265625 0.822265625 0.974609375 0.822265625 1
0 0.10546875 0.669921875 0.12109375 0.64453125 0.068359375 0.611328125 0.05078125 0.63671875