0 0.966796875 0 0.8515625 0 0.84765625 0.013671875 1 0.072265625 1 0.01171875
0 0.72265625 0.87109375 0.791015625 0.732421875 0.76171875 0.71875 0.693359375 0.857421875 0.70703125 0.86328125
0 0.703125 0.806640625 0.6171875 0.76953125 0.59765625 0.771484375 0.60546875 0.927734375 0.708984375 0.921875 0.70703125 0.86328125 0.693359375 0.857421875 0.705078125 0.833984375
0 0.595703125 0.6953125 0.626953125 0.69921875 0.638671875 0.59375 0.607421875 0.591796875
0 0.8046875 0.67578125 0.814453125 0.638671875 0.669921875 0.595703125 0.66015625 0.6328125
0 0.568359375 0.095703125 0.5859375 0.015625 0.513671875 0 0.1328125 0
0 0.072265625 0.255859375 0.240234375 0.29296875 0.291015625 0.060546875 0.123046875 0.0234375
0 0.0859375 0.271484375 0.064453125 0.369140625 0.390625 0.439453125 0.412109375 0.341796875
0 0.57421875 0.48046875 0.607421875 0.33203125 0.537109375 0.31640625 0.50390625 0.46484375
0 0.412109375 0.33984375 0.390625 0.439453125 0.50390625 0.46484375 0.525390625 0.365234375
0 0.4375 0.333984375 0.486328125 0.10546875 0.318359375 0.0703125 0.26953125 0.298828125
0 0.544921875 0.259765625 0.6171875 0.275390625 0.650390625 0.125 0.578125 0.109375
0 0.716796875 0.23046875 0.68359375 0.38671875 0.791015625 0.41015625 0.826171875 0.25390625
0 0.943359375 0.279296875 0.91796875 0.3984375 0.798828125 0.373046875 0.791015625 0.41015625 0.96484375 0.447265625 1 0.291015625 0.96484375 0.28515625
0 0.904296875 0.212890625 0.728515625 0.17578125 0.716796875 0.23046875 0.96484375 0.28515625 0.96875 0.26953125
0 0.814453125 0.306640625 0.798828125 0.373046875 0.91796875 0.3984375 0.931640625 0.33203125
0 0.826171875 0.25390625 0.814453125 0.306640625 0.931640625 0.33203125 0.943359375 0.279296875
0 0.8671875 0.17578125 0.876953125 0.1484375 0.822265625 0.126953125 0.810546875 0.15234375
0 0.912109375 0.521484375 1 0.53515625 1 0.5 0.91796875 0.48828125
0 0.900390625 0.59375 1 0.611328125 1 0.5625 0.91015625 0.544921875
0 0.935546875 0.671875 1 0.68359375 1 0.630859375 0.947265625 0.62109375
0 0.865234375 0.712890625 1 0.7421875 1 0.69921875 0.873046875 0.671875
0 0.947265625 0.078125 0.87109375 0.056640625 0.859375 0.1015625 1 0.138671875 1 0.109375 0.943359375 0.09375
0 0.998046875 0.263671875 1 0.1953125 0.974609375 0.1953125 0.974609375 0.263671875 0.998046875 0.263671875