0 0.017578125 1 0.115234375 1 0.123046875 0.998046875 0.109375 0.953125 0.013671875 0.98046875
0 0.169921875 0.984375 0.27734375 0.951171875 0.263671875 0.904296875 0.15625 0.9375
0 0.115234375 0.880859375 0.107421875 0.81640625 0 0.830078125 0 0.89453125
0 0.1953125 0.880859375 0.216796875 0.84375 0.169921875 0.814453125 0.1484375 0.8515625
0 0.052734375 0.732421875 0.046875 0.6796875 0 0.685546875 0 0.73828125
0 0.126953125 0.68359375 0.134765625 0.744140625 0.216796875 0.734375 0.212890625 0.708984375 0.259765625 0.703125 0.26171875 0.728515625 0.322265625 0.72265625 0.314453125 0.662109375
0 0.58984375 0.677734375 0.583984375 0.62890625 0.388671875 0.646484375 0.392578125 0.693359375
0 0.83984375 0.658203125 0.8359375 0.60546875 0.654296875 0.615234375 0.658203125 0.669921875
0 1 0.6640625 1 0.603515625 0.91015625 0.603515625 0.908203125 0.6640625
0 1 0.830078125 1 0.763671875 0.9609375 0.765625 0.96484375 0.83203125 0.978515625 0.83203125
0 0.81640625 0.93359375 0.814453125 0.884765625 0.720703125 0.890625 0.72265625 0.9375
0 0.57421875 0.966796875 0.67578125 0.953125 0.66796875 0.900390625 0.568359375 0.9140625
0 0.572265625 0.828125 0.5625 0.78125 0.365234375 0.8203125 0.375 0.8671875
0 0.828125 0.748046875 0.634765625 0.755859375 0.63671875 0.81640625 0.830078125 0.80859375
0 0.97265625 0.109375 0.974609375 0.125 0.96875 0.125 0.970703125 0.14453125 0.978515625 0.142578125 0.98046875 0.162109375 1 0.158203125 1 0.103515625
0 0.734375 0.1171875 0.736328125 0.1328125 0.69140625 0.138671875 0.689453125 0.12109375 0.654296875 0.126953125 0.65625 0.13671875 0.625 0.140625 0.626953125 0.15625 0.62109375 0.15625 0.623046875 0.17578125 0.626953125 0.173828125 0.62890625 0.197265625 0.794921875 0.177734375 0.79296875 0.162109375 0.806640625 0.16015625 0.802734375 0.13671875 0.79296875 0.138671875 0.791015625 0.12109375 0.771484375 0.123046875 0.76953125 0.111328125
0 0.611328125 0.439453125 0.61328125 0.46484375 0.59375 0.46484375 0.591796875 0.44140625 0.56640625 0.44140625 0.56640625 0.443359375 0.564453125 0.443359375 0.564453125 0.44921875 0.533203125 0.451171875 0.53515625 0.509765625 0.57421875 0.5078125 0.57421875 0.517578125 0.630859375 0.515625 0.62890625 0.50390625 0.669921875 0.501953125 0.666015625 0.443359375 0.642578125 0.4453125 0.642578125 0.4375
0 0.818359375 0.416015625 0.8203125 0.44140625 0.80078125 0.443359375 0.80078125 0.41796875 0.7734375 0.419921875 0.771484375 0.419921875 0.7734375 0.42578125 0.740234375 0.427734375 0.744140625 0.486328125 0.78125 0.484375 0.783203125 0.494140625 0.837890625 0.4921875 0.837890625 0.482421875 0.876953125 0.478515625 0.873046875 0.419921875 0.849609375 0.421875 0.849609375 0.416015625
0 0.4453125 0.1484375 0.447265625 0.1640625 0.40234375 0.169921875 0.400390625 0.15234375 0.365234375 0.15625 0.3671875 0.166015625 0.3359375 0.169921875 0.337890625 0.18359375 0.330078125 0.185546875 0.33203125 0.203125 0.3359375 0.203125 0.337890625 0.2265625 0.50390625 0.2109375 0.501953125 0.1953125 0.515625 0.1953125 0.513671875 0.169921875 0.50390625 0.171875 0.501953125 0.154296875 0.482421875 0.15625 0.48046875 0.14453125
0 0.40625 0.453125 0.40625 0.478515625 0.388671875 0.478515625 0.38671875 0.455078125 0.361328125 0.455078125 0.361328125 0.45703125 0.359375 0.45703125 0.359375 0.462890625 0.326171875 0.46484375 0.330078125 0.5234375 0.369140625 0.521484375 0.369140625 0.53125 0.423828125 0.52734375 0.423828125 0.517578125 0.462890625 0.515625 0.4609375 0.45703125 0.435546875 0.458984375 0.435546875 0.451171875
0 0.14453125 0.17578125 0.146484375 0.19140625 0.103515625 0.1953125 0.1015625 0.1796875 0.06640625 0.181640625 0.06640625 0.19140625 0.037109375 0.1953125 0.037109375 0.2109375 0.03125 0.2109375 0.03125 0.228515625 0.037109375 0.228515625 0.0390625 0.251953125 0.203125 0.23828125 0.203125 0.22265625 0.216796875 0.22265625 0.21484375 0.197265625 0.205078125 0.19921875 0.203125 0.181640625 0.18359375 0.18359375 0.181640625 0.171875
0 0.177734375 0.48828125 0.1796875 0.509765625 0.162109375 0.509765625 0.162109375 0.490234375 0.146484375 0.490234375 0.146484375 0.50390625 0.095703125 0.505859375 0.099609375 0.548828125 0.1328125 0.546875 0.134765625 0.564453125 0.16015625 0.5625 0.158203125 0.552734375 0.173828125 0.55078125 0.17578125 0.560546875 0.201171875 0.560546875 0.201171875 0.54296875 0.2421875 0.541015625 0.240234375 0.498046875 0.1953125 0.5 0.1953125 0.48828125
0 0.86328125 0.330078125 0.91796875 0.326171875 0.90234375 0.166015625 0.84765625 0.171875
0 0.5234375 0.970703125 0.5078125 0.908203125 0.369140625 0.943359375 0.384765625 1 0.5234375 0.970703125
0 1 0.970703125 0.998046875 0.900390625 0.974609375 0.900390625 0.974609375 0.970703125 1 0.970703125
0 1 0.46875 1 0.376953125 0.97265625 0.376953125 0.97265625 0.46875 1 0.46875
0 0.373046875 0.69921875 0.359375 0.619140625 0.310546875 0.626953125 0.32421875 0.708984375 0.373046875 0.69921875