0 0.05859375 0.70703125 0 0.6328125 0 0.75390625
0 0.029296875 0.873046875 0.130859375 0.779296875 0.076171875 0.720703125 0 0.791015625 0 0.83984375
0 0.08203125 1 0.10546875 1 0.34375 0.76953125 0.251953125 0.67578125 0.00390625 0.91796875
0 0.171875 0.734375 0.2265625 0.6875 0.125 0.568359375 0.0703125 0.615234375
0 0.033203125 0.59375 0.087890625 0.55078125 0.00390625 0.4453125 0 0.447265625 0 0.55078125
0 0.21484375 0.603515625 0.248046875 0.623046875 0.333984375 0.482421875 0.30078125 0.4609375
0 0.2265625 0.369140625 0.25 0.345703125 0.189453125 0.279296875 0.166015625 0.302734375
0 0.396484375 0.30078125 0.4375 0.265625 0.40625 0.232421875 0.3671875 0.265625 0.39453125 0.298828125
0 0.298828125 0.185546875 0.265625 0.21484375 0.361328125 0.328125 0.39453125 0.298828125
0 0.201171875 0.03125 0.19921875 0 0.126953125 0 0.126953125 0.033203125
0 0.078125 0.384765625 0.052734375 0.35546875 0.0078125 0.392578125 0.03515625 0.423828125
0 0.3828125 0.794921875 0.3515625 0.763671875 0.302734375 0.810546875 0.333984375 0.841796875
0 0.431640625 0.138671875 0.408203125 0.111328125 0.3828125 0.134765625 0.40625 0.162109375
0 0.0015383687258687107 0.1327521718146718 0.0859978281853282 0.059604247104247075 0.13350627413127414 0.10786679536679535 0 0.22557264148547038