0 0.048828125 0.984375 0.048828125 1 0.123046875 1 0.123046875 0.984375
0 0 0.6015625 0 0.671875 0.0078125 0.673828125 0.0078125 0.640625 0.029296875 0.642578125 0.03125 0.603515625
0 0.03125 0.73828125 0.03125 0.8046875 0.111328125 0.806640625 0.111328125 0.767578125 0.125 0.767578125 0.125 0.740234375
0 0.521484375 0.3984375 0.76953125 0.40234375 0.771484375 0.31640625 0.5234375 0.3125
0 0.748046875 0.43359375 0.685546875 0.43359375 0.681640625 0.65234375 0.744140625 0.654296875 0.744140625 0.6484375
0 0.75 0.966796875 0.748046875 1 0.892578125 1 0.892578125 0.96875
0 0.80078125 0.8671875 1 0.869140625 1 0.802734375 0.802734375 0.798828125
0 0.8515625 0.28635527268339767 1 0.28830839768339767 1 0.21994902268339767 0.853515625 0.21799589768339767
0 0.126953125 0.41015625 0.16796875 0.490234375 0.30859375 0.419921875 0.267578125 0.33984375
0 0.7734375 0.130859375 0.759765625 0.13671875 0.74609375 0.142578125 0.73046875 0.142578125 0.716796875 0.142578125 0.701171875 0.140625 0.6875 0.134765625 0.673828125 0.126953125 0.662109375 0.119140625 0.65234375 0.107421875 0.64453125 0.095703125 0.638671875 0.08203125 0.6328125 0.06640625 0.6328125 0.052734375 0.6328125 0.037109375 0.634765625 0.0234375 0.640625 0.0078125 0.560546875 0.03125 0.576171875 0.0859375 0.380859375 0.142578125 0.400390625 0.208984375 0.59375 0.154296875 0.611328125 0.21484375 0.734375 0.181640625 0.763671875 0.283203125 0.826171875 0.265625 0.787109375 0.123046875
0 0.759765625 0.13671875 0.7734375 0.130859375 0.787109375 0.123046875 0.796875 0.11328125 0.8046875 0.103515625 0.8125 0.091796875 0.8203125 0.064453125 0.822265625 0.0390625 0.8203125 0.025390625 0.806640625 0 0.64453125 0 0.640625 0.0078125 0.634765625 0.0234375 0.6328125 0.037109375 0.6328125 0.052734375 0.6328125 0.06640625 0.638671875 0.08203125 0.64453125 0.095703125 0.65234375 0.107421875 0.662109375 0.119140625 0.673828125 0.126953125 0.6875 0.134765625 0.701171875 0.140625 0.716796875 0.142578125 0.73046875 0.142578125 0.74609375 0.142578125
0 0.498046875 0.48046875 0.501953125 0.349609375 0.453125 0.349609375 0.451171875 0.48046875
0 0.7993786196911197 0.469081805019305 1 0.48122285231660233 1 0.41286347731660233 0.8046573359073359 0.409507722007722
0 0.7842965733590734 0.745083252895753 1 0.7578426640926641 1 0.6894832890926642 0.7918375965250966 0.6794763513513514