0 0.408203125 0.77734375 0.44140625 0.78515625 0.46484375 0.6875 0.431640625 0.6796875
0 0.33984375 0.63671875 0.470703125 0.66796875 0.482421875 0.611328125 0.353515625 0.580078125
0 0.357421875 0.787109375 0.318359375 0.77734375 0.3125 0.806640625 0.427734375 0.83203125 0.43359375 0.8046875 0.39453125 0.794921875 0.392578125 0.802734375 0.35546875 0.794921875
0 0.8828125 0.572265625 1 0.5859375 1 0.48828125 0.89453125 0.4765625
0 0.966796875 0.689453125 1 0.6796875 1 0.62890625 0.955078125 0.640625
0 0.9296875 0.916015625 1 0.892578125 1 0.83203125 0.912109375 0.859375
0 0 0.44921875 0 0.5234375 0.138671875 0.548828125 0.15234375 0.4765625
0 0 0.58984375 0 0.654296875 0.107421875 0.673828125 0.119140625 0.611328125
0 0 0.0625 0 0.126953125 0.138671875 0.15234375 0.150390625 0.08984375
0 0 0.1953125 0 0.265625 0.17578125 0.294921875 0.1875 0.2265625
0 0 0.32421875 0 0.38671875 0.154296875 0.416015625 0.166015625 0.35546875
0 0.076171875 0.537109375 0.06640625 0.603515625 0.12890625 0.61328125 0.138671875 0.548828125
0 0.208984375 0.126953125 0.193359375 0.09765625 0.150390625 0.08984375 0.126953125 0.216796875 0.1875 0.2265625 0.17578125 0.294921875 0.11328125 0.28515625 0.103515625 0.34375 0.166015625 0.35546875
0 0.103515625 0.767578125 0.048828125 0.763671875 0.03125 0.92578125 0.056640625 0.916015625 0.080078125 0.978515625
0 0.359375 0.189453125 0.41796875 0.201171875 0.423828125 0.173828125 0.365234375 0.162109375
0 0.5985646802325582 0.17871850775193796 0.6552053052325582 0.18067163275193796 0.6571584302325582 0.12793725775193796 0.6005178052325582 0.12598413275193796
0 0.19140625 0.0546875 0.193359375 0 0.111328125 0 0.111328125 0.052734375
0 0.640625 0.267578125 0.65625 0.216796875 0.626953125 0.208984375 0.611328125 0.2578125
0 0.115234375 0.03515625 0.115234375 0 0.001953125 0 0.001953125 0.033203125