0 1 0.033203125 1 0 0.869140625 0
0 0.796875 0.126953125 0.783203125 0.1875 0.859375 0.205078125 0.873046875 0.14453125
0 0.87890625 0.1796875 0.865234375 0.236328125 1 0.265625 1 0.205078125
0 0.796875 0.3671875 0.783203125 0.416015625 1 0.474609375 1 0.421875
0 0.72265625 0.345703125 0.70703125 0.40234375 0.775390625 0.421875 0.78125 0.421875 0.796875 0.3671875
0 0.70703125 0.40234375 0.69140625 0.458984375 0.759765625 0.478515625 0.775390625 0.421875
0 0.646484375 0.697265625 0.642578125 0.74609375 1 0.833984375 1 0.783203125 0.658203125 0.69921875
0 0.568359375 0.689453125 0.5625 0.75 0.640625 0.7578125 0.646484375 0.697265625 0.58203125 0.69140625
0 0.560546875 0.927734375 0.802734375 1 0.90234375 1 0.908203125 0.984375 0.572265625 0.884765625
0 0.490234375 0.861328125 0.4765625 0.912109375 0.55859375 0.935546875 0.572265625 0.884765625 0.513671875 0.8671875
0 0.4765625 0.912109375 0.45703125 0.984375 0.51953125 1 0.529296875 1 0.546875 0.93359375
0 0.94921875 0.580078125 0.951171875 0.568359375 0.720703125 0.515625 0.70703125 0.568359375 0.826171875 0.59375 0.82421875 0.599609375 0.939453125 0.626953125 0.9375 0.626953125 1 0.640625 1 0.58984375
0 0.64453125 0.498046875 0.630859375 0.55859375 0.705078125 0.576171875 0.720703125 0.515625
0 0.58203125 0.69140625 0.646484375 0.697265625 0.658203125 0.69921875 0.673828125 0.63671875 0.6875 0.572265625 0.619140625 0.5546875
0 0.78125 0.1875 0.76171875 0.271484375 0.833984375 0.287109375 0.853515625 0.205078125 0.82421875 0.197265625
0 0 0.88671875 0 0.947265625 0.150390625 0.9921875 0.16796875 0.9375
0 0.21484375 0.505859375 0.220703125 0.45703125 0 0.423828125 0 0.474609375
0 0.466796875 0.287109375 0.23046875 0.265625 0.224609375 0.3125 0.462890625 0.333984375 0.466796875 0.2890625
0 0.1875 0.3046875 0.193359375 0.251953125 0 0.2265625 0 0.28125
0 0.24609375 0.080078125 0.2421875 0.140625 0.533203125 0.166015625 0.537109375 0.10546875 0.53515625 0.10546875
0 0 0.064453125 0 0.103515625 0.205078125 0.134765625 0.21484375 0.07421875 0.00390625 0.041015625
0 0.107421875 0.666015625 0.107421875 0.59765625 0 0.59375 0 0.662109375
0 0.376953125 0.451171875 0.26171875 0.4453125 0.2578125 0.5 0.375 0.50390625 0.376953125 0.45703125
0 0.306640625 0.603515625 0.201171875 0.599609375 0.19921875 0.658203125 0.302734375 0.662109375 0.3046875 0.611328125
0 0.134765625 0.705078125 0.126953125 0.7734375 0.234375 0.78515625 0.2421875 0.716796875
0 0.083984375 1 0.146484375 1 0.150390625 0.9921875 0.091796875 0.974609375
0 0.546875 0.748046875 0.513671875 0.8671875 0.572265625 0.884765625 0.61328125 0.75390625 0.5625 0.75
0 0.49609375 0.287109375 0.51171875 0.19921875 0.439453125 0.185546875 0.42578125 0.2734375 0.49609375 0.287109375