0 0 0.173828125 0 0.2734375 0.056640625 0.283203125 0.05859375 0.26171875 0.080078125 0.263671875 0.091796875 0.1875
0 0.43359375 0.36328125 0.421875 0.43359375 0.462890625 0.439453125 0.47265625 0.369140625
0 0.529296875 0.3671875 0.474609375 0.359375 0.462890625 0.439453125 0.71875 0.4765625 0.73046875 0.39453125 0.69140625 0.388671875 0.6875 0.408203125 0.52734375 0.384765625
0 0.28125 0.341796875 0.283203125 0.326171875 0.248046875 0.322265625 0.23828125 0.396484375 0.423828125 0.423828125 0.43359375 0.36328125
0 0.37890625 0.056640625 0.50390625 0.0703125 0.505859375 0.05078125 0.380859375 0.037109375
0 0.18359375 0.833984375 0.16015625 1 0.203125 1 0.216796875 0.9140625 0.671875 0.978515625 0.677734375 0.9296875 0.22265625 0.865234375 0.2265625 0.84375 0.19140625 0.837890625 0.19140625 0.8359375
0 0.529296875 0.826171875 0.19921875 0.78125 0.19140625 0.837890625 0.51953125 0.884765625 0.5234375 0.859375
0 0.5234375 0.859375 0.517578125 0.90625 0.6796875 0.9296875 0.685546875 0.8828125
0 0.587890625 0.619140625 0.734375 0.640625 0.740234375 0.591796875 0.595703125 0.572265625
0 0.431640625 0.548828125 0.43359375 0.529296875 0.29296875 0.5078125 0.291015625 0.52734375
0 0.595703125 0.572265625 0.291015625 0.52734375 0.279296875 0.607421875 0.583984375 0.65234375 0.587890625 0.619140625
0 0.18359375 0.705078125 0.208984375 0.70703125 0.23046875 0.525390625 0.205078125 0.521484375
0 0.10546875 0.509765625 0.080078125 0.728515625 0.09765625 0.73046875 0.09375 0.751953125 0.17578125 0.76171875 0.205078125 0.521484375
0 0.0546875 0.6171875 0.060546875 0.568359375 0 0.560546875 0 0.728515625 0.078125 0.73828125 0.091796875 0.623046875
0 0.07421875 0.548828125 0.08203125 0.486328125 0 0.474609375 0 0.5390625
0 0 0.7265625 0 0.8359375 0.14453125 0.853515625 0.15234375 0.78125 0.07421875 0.7734375 0.078125 0.73828125
0 0.546875 0.0546875 0.705078125 0.072265625 0.7109375 0.072265625 0.70703125 0.09765625 0.791015625 0.10546875 0.80078125 0 0.19140625 0 0.19140625 0.015625 0.3359375 0.03125
0 0.75 0.31640625 0.755859375 0.197265625 0.71875 0.1953125 0.712890625 0.314453125 0.75 0.31640625
0 0.1875 0.388671875 0.19140625 0.353515625 0.14453125 0.345703125 0.138671875 0.380859375 0.1875 0.388671875
0 0.28515625 0.984375 0.2890625 0.955078125 0.248046875 0.951171875 0.24609375 0.98046875 0.28515625 0.984375