0 0.71875 0.90625 0.720703125 0.91796875 0.681640625 0.927734375 0.6796875 0.916015625 0.64453125 0.92578125 0.650390625 0.94921875 0.603515625 0.9609375 0.611328125 1 0.63671875 1 0.66015625 0.994140625 0.66015625 1 0.6953125 1 0.751953125 0.986328125 0.75 0.97265625 0.794921875 0.9609375 0.78515625 0.916015625 0.744140625 0.92578125 0.73828125 0.90234375
0 0.984375 0.74609375 0.98828125 0.76171875 0.9609375 0.767578125 0.97265625 0.81640625 1 0.80859375 1 0.7421875
0 0.744140625 0.59375 0.748046875 0.609375 0.736328125 0.61328125 0.751953125 0.6796875 0.857421875 0.65234375 0.841796875 0.5859375 0.822265625 0.591796875 0.818359375 0.576171875
0 0.38671875 0.765625 0.390625 0.779296875 0.353515625 0.787109375 0.357421875 0.802734375 0.3515625 0.8046875 0.369140625 0.880859375 0.41015625 0.87109375 0.408203125 0.859375 0.4453125 0.849609375 0.447265625 0.859375 0.484375 0.849609375 0.46484375 0.775390625 0.455078125 0.77734375 0.451171875 0.763671875 0.44140625 0.765625 0.443359375 0.775390625 0.431640625 0.779296875 0.427734375 0.755859375
0 0.166015625 0.82421875 0.169921875 0.83984375 0.150390625 0.84375 0.1484375 0.837890625 0.130859375 0.841796875 0.134765625 0.85546875 0.12890625 0.857421875 0.146484375 0.93359375 0.1875 0.923828125 0.185546875 0.9140625 0.22265625 0.904296875 0.224609375 0.912109375 0.259765625 0.904296875 0.2421875 0.830078125 0.232421875 0.83203125 0.228515625 0.818359375 0.21875 0.8203125 0.220703125 0.830078125 0.208984375 0.83203125 0.205078125 0.814453125
0 0 0.658203125 0 0.736328125 0.103515625 0.7109375 0.08984375 0.654296875 0.06640625 0.66015625 0.0625 0.64453125
0 0.29296875 0.603515625 0.36328125 0.5859375 0.345703125 0.515625 0.275390625 0.533203125
0 0.572265625 0.513671875 0.576171875 0.52734375 0.544921875 0.53515625 0.54296875 0.521484375 0.4609375 0.541015625 0.46484375 0.556640625 0.4375 0.5625 0.453125 0.62109375 0.693359375 0.560546875 0.6796875 0.50390625 0.65625 0.509765625 0.65234375 0.494140625
0 0.978515625 0.40234375 0.982421875 0.41796875 0.953125 0.42578125 0.94921875 0.41015625 0.869140625 0.4296875 0.873046875 0.4453125 0.845703125 0.453125 0.859375 0.509765625 1 0.474609375 1 0.396484375
0 0.873046875 0.95703125 0.8828125 1 0.97265625 1 0.95703125 0.935546875
0 0.46484375 1 0.46484375 0.9453125 0.2734375 0.94140625 0.2734375 0.998046875 0.46484375 1