0 0.189453125 0.765625 0.193359375 0.78125 0.171875 0.787109375 0.189453125 0.849609375 0.234375 0.8359375 0.232421875 0.826171875 0.3125 0.802734375 0.298828125 0.75 0.283203125 0.755859375 0.27734375 0.740234375
0 0.0859375 0.890625 0.07421875 0.849609375 0.083984375 0.84765625 0.078125 0.82421875 0.048828125 0.83203125 0.044921875 0.814453125 0 0.826171875 0 0.9140625 0.001953125 0.9140625
0 0.111328125 0.5078125 0.1171875 0.5234375 0.09375 0.529296875 0.111328125 0.591796875 0.15625 0.578125 0.154296875 0.568359375 0.236328125 0.544921875 0.220703125 0.4921875 0.205078125 0.498046875 0.201171875 0.482421875
0 0.4375 0.6953125 0.44140625 0.708984375 0.419921875 0.716796875 0.4375 0.77734375 0.482421875 0.765625 0.48046875 0.755859375 0.5625 0.732421875 0.546875 0.6796875 0.53125 0.68359375 0.52734375 0.669921875
0 0.71484375 0.376953125 0.720703125 0.375 0.712890625 0.34375 0.6953125 0.349609375 0.689453125 0.33203125 0.59375 0.359375 0.599609375 0.376953125 0.568359375 0.384765625 0.576171875 0.416015625 0.587890625 0.4140625 0.599609375 0.455078125 0.64453125 0.44140625 0.642578125 0.435546875 0.724609375 0.412109375 0.71484375 0.37890625
0 0.365234375 0.431640625 0.369140625 0.447265625 0.34765625 0.453125 0.365234375 0.515625 0.408203125 0.50390625 0.40625 0.494140625 0.48828125 0.470703125 0.47265625 0.41796875 0.45703125 0.421875 0.453125 0.40625
0 0.7265625 0.703125 0.724609375 0.697265625 0.806640625 0.673828125 0.796875 0.638671875 0.802734375 0.63671875 0.794921875 0.60546875 0.771484375 0.61328125 0.771484375 0.607421875 0.734375 0.6171875 0.681640625 0.6328125 0.68359375 0.63671875 0.650390625 0.646484375 0.66015625 0.677734375 0.669921875 0.673828125 0.681640625 0.716796875
0 0.607421875 0.90625 0.611328125 0.9140625 0.56640625 0.927734375 0.564453125 0.91796875 0.5390625 0.92578125 0.54296875 0.93359375 0.521484375 0.939453125 0.537109375 0.9921875 0.662109375 0.95703125 0.646484375 0.904296875 0.6328125 0.908203125 0.62890625 0.900390625
0 0.349609375 0.98046875 0.353515625 0.9921875 0.322265625 1 0.39453125 1 0.390625 0.982421875 0.373046875 0.986328125 0.369140625 0.974609375
0 0.71484375 0.37890625 0.724609375 0.412109375 0.6796875 0.42578125 0.734375 0.6171875 0.771484375 0.607421875 0.771484375 0.61328125 0.794921875 0.60546875 0.802734375 0.63671875 0.796875 0.638671875 0.806640625 0.673828125 0.724609375 0.697265625 0.7265625 0.703125 0.681640625 0.716796875 0.693359375 0.751953125 0.845703125 0.708984375 0.75 0.3671875
0 0.869140625 0.83203125 0.7421875 0.8671875 0.779296875 1 0.830078125 1 0.904296875 0.953125