0 0.849609375 0.80078125 0.91015625 0.921875 0.796875 0.9765625 0.73828125 0.85546875 0.583984375 0.931640625 0.6171875 1 0.802734375 1 1 0.90234375 1 0.7265625
0 0.849609375 0.80078125 0.73828125 0.85546875 0.796875 0.9765625 0.91015625 0.921875
0 0.583984375 0.931640625 0.48046875 0.984375 0.48828125 1 0.6171875 1
0 0.009765625 0.732421875 0.0234375 0.630859375 0 0.591796875 0 0.736328125
0 0.9765625 0.26171875 0.93359375 0.166015625 0.615234375 0.306640625 0.658203125 0.404296875
0 0.587890625 0.244140625 0.5 0.28125 0.57421875 0.44921875 0.66015625 0.412109375 0.615234375 0.306640625
0 0.3671875 0.271484375 0.43359375 0.23828125 0.34765625 0.064453125 0.279296875 0.09765625 0.36328125 0.265625
0 0.193359375 0 0.1640625 0 0.185546875 0.029296875 0.205078125 0.015625
0 0.20703125 0.0390625 0.24609375 0.01171875 0.23828125 0 0.2265625 0 0.1953125 0.0234375
0 0.849609375 0.056640625 0.916015625 0.025390625 0.904296875 0 0.888671875 0 0.833984375 0.025390625
0 0.337890625 0.044921875 0.23828125 0.08984375 0.287109375 0.1796875 0.34765625 0.275390625 0.36328125 0.265625 0.279296875 0.09765625 0.34765625 0.064453125
0 0.337890625 0.044921875 0.326171875 0.01953125 0.275390625 0.04296875 0.28515625 0.068359375
0 0.361328125 0.033203125 0.345703125 0.01171875 0.326171875 0.01953125 0.337890625 0.044921875
0 0.34765625 0.275390625 0.333984375 0.2890625 0.3515625 0.30859375 0.369140625 0.29296875 0.35546875 0.26953125
0 0.275390625 0.6796875 0.35546875 0.638671875 0.341796875 0.611328125 0.26171875 0.65234375
0 0.37109375 0.6328125 0.4609375 0.5859375 0.447265625 0.55859375 0.357421875 0.60546875
0 0.318359375 0.712890625 0.470703125 0.65234375 0.458984375 0.619140625 0.3046875 0.681640625
0 0.482421875 0.646484375 0.501953125 0.640625 0.478515625 0.560546875 0.458984375 0.56640625