0 0.97265625 0.794921875 0.97265625 0.810546875 0.951171875 0.810546875 0.94921875 0.865234375 0.962890625 0.865234375 0.962890625 0.87109375 1 0.87109375 1 0.814453125 1 0.794921875
0 0.123046875 0.1640625 0.123046875 0.169921875 0.044921875 0.171875 0.044921875 0.1640625 0.029296875 0.1640625 0.029296875 0.171875 0 0.171875 0 0.21875 0.1640625 0.21875 0.1640625 0.169921875 0.13671875 0.169921875 0.13671875 0.1640625
0 0.109375 0.501953125 0.109375 0.552734375 0.12109375 0.552734375 0.12109375 0.544921875 0.17578125 0.544921875 0.17578125 0.552734375 0.205078125 0.552734375 0.205078125 0.5390625 0.267578125 0.5390625 0.267578125 0.501953125
0 0.376953125 0.576171875 0.533203125 0.572265625 0.53125 0.515625 0.376953125 0.51953125
0 0.548828125 0.642578125 0.546875 0.693359375 0.578125 0.6953125 0.578125 0.685546875 0.6171875 0.685546875 0.6171875 0.6953125 0.642578125 0.6953125 0.642578125 0.6875 0.69921875 0.6875 0.69921875 0.697265625 0.728515625 0.697265625 0.728515625 0.689453125 0.78515625 0.69140625 0.78515625 0.697265625 0.810546875 0.69921875 0.810546875 0.69140625 0.869140625 0.693359375 0.869140625 0.69921875 0.87890625 0.69921875 0.880859375 0.6484375
0 0.79296875 0.361328125 1 0.36328125 1 0.30859375 0.794921875 0.306640625
0 0.455078125 0.357421875 0.708984375 0.361328125 0.708984375 0.310546875 0.455078125 0.306640625
0 0.302734375 0.296875 0.302734375 0.3046875 0.224609375 0.3046875 0.224609375 0.298828125 0.2109375 0.298828125 0.208984375 0.298828125 0.208984375 0.3046875 0.17578125 0.306640625 0.17578125 0.353515625 0.34375 0.353515625 0.34375 0.3046875 0.31640625 0.3046875 0.31640625 0.296875
0 0 0.974609375 0 1 0.05078125 1 0.0390625 0.97265625 0.017578125 0.982421875 0.01171875 0.970703125
0 0.087890625 0.67578125 0.05859375 0.689453125 0.0625 0.697265625 0.01171875 0.720703125 0.0078125 0.712890625 0 0.71484375 0 0.765625 0.025390625 0.75390625 0.037109375 0.775390625 0.083984375 0.75390625 0.076171875 0.734375 0.109375 0.71875
0 0.306640625 0.783203125 0.314453125 0.802734375 0.2890625 0.81640625 0.279296875 0.796875 0.251953125 0.80859375 0.255859375 0.818359375 0.23828125 0.826171875 0.26171875 0.875 0.271484375 0.87109375 0.2734375 0.876953125 0.37890625 0.828125 0.353515625 0.7734375 0.337890625 0.779296875 0.333984375 0.771484375
0 0.83203125 0.884765625 0.841796875 0.904296875 0.81640625 0.916015625 0.806640625 0.896484375 0.78125 0.908203125 0.787109375 0.921875 0.76953125 0.9296875 0.791015625 0.978515625 0.802734375 0.974609375 0.806640625 0.982421875 0.900390625 0.9375 0.8984375 0.931640625 0.90625 0.927734375 0.8828125 0.876953125 0.865234375 0.884765625 0.859375 0.873046875
0 0.623046875 0.90625 0.62890625 0.91796875 0.6015625 0.931640625 0.595703125 0.91796875 0.5703125 0.9296875 0.576171875 0.943359375 0.560546875 0.951171875 0.58203125 0.998046875 0.58984375 0.994140625 0.58984375 1 0.595703125 1 0.685546875 0.95703125 0.68359375 0.951171875 0.693359375 0.947265625 0.671875 0.8984375 0.65625 0.90625 0.650390625 0.892578125
0 0.197265625 0.044921875 0.16015625 0.046875 0.138671875 0.0859375 0.38671875 0.228515625 0.41796875 0.171875
0 0.05859375 0.447265625 0.056640625 0.39453125 0 0.39453125 0 0.447265625
0 0.224609375 0.869140625 0.205078125 0.828125 0.060546875 0.900390625 0.080078125 0.94140625 0.224609375 0.869140625
0 0.591796875 0.03125 0.591796875 0 0.501953125 0 0.501953125 0.03125 0.591796875 0.03125
0 0.5 0.0234375 0.5 0 0.404296875 0 0.404296875 0.0234375 0.5 0.0234375
0 0.9921875 0.15234375 0.9921875 0.1171875 0.798828125 0.1171875 0.798828125 0.15234375 0.9921875 0.15234375
0 0.248046875 0.912109375 0.232421875 0.876953125 0.0859375 0.9375 0.1015625 0.974609375 0.248046875 0.912109375