0 0.966796875 0.244140625 0.904296875 0.2421875 0.8984375 0.646484375 1 0.646484375 1 0.376953125 0.96484375 0.376953125
0 1 0.978515625 1 0.908203125 0.931640625 0.908203125 0.9296875 0.978515625
0 1 0.80078125 1 0.740234375 0.93359375 0.740234375 0.93359375 0.80078125
0 0.875 0.751953125 0.87109375 0.9765625 0.9296875 0.978515625 0.93359375 0.751953125
0 0.935546875 0.08203125 0.93359375 0.125 1 0.126953125 1 0.08203125 0.951171875 0.08203125
0 0.953125 0 0.90234375 0 0.900390625 0.080078125 0.951171875 0.08203125
0 0.37109375 0.552734375 0.677734375 0.55859375 0.677734375 0.546875 0.724609375 0.546875 0.724609375 0.51953125 0.74609375 0.51953125 0.755859375 0 0.3828125 0
0 0.34375 0.119140625 0.34375 0 0 0 0 0.119140625 0.224609375 0.119140625
0 0.013671875 0.642578125 0.228515625 0.642578125 0.228515625 0.58984375 0.013671875 0.58984375
0 0.33984375 0.58984375 0.33984375 0.255859375 0.302734375 0.255859375 0.302734375 0.1953125 0.224609375 0.1953125 0.224609375 0.119140625 0.18359375 0.119140625 0.18359375 0.1875 0.041015625 0.1875 0.041015625 0.119140625 0.00390625 0.119140625 0.00390625 0.189453125 0 0.189453125 0 0.58984375 0.228515625 0.58984375
0 0.646484375 0.923828125 0.61328125 0.923828125 0.61328125 0.884765625 0.5 0.884765625 0.5 0.87109375 0.4140625 0.8671875 0.4140625 0.880859375 0.3359375 0.876953125 0.3359375 0.90625 0.236328125 0.880859375 0.234375 0.896484375 0.1640625 0.87109375 0.166015625 0.8515625 0.08984375 0.830078125 0.083984375 0.84765625 0.025390625 0.826171875 0.02734375 0.810546875 0 0.802734375 0 1 0.6484375 1
0 0.265625 0.72265625 0.267578125 0.662109375 0.228515625 0.66015625 0.2265625 0.720703125 0.265625 0.72265625