0 0.21484375 0.291015625 0.015625 0.294921875 0.015625 0.32421875 0.033203125 0.32421875 0.03515625 0.34765625 0.205078125 0.34375 0.203125 0.322265625 0.21484375 0.322265625
0 0.294921875 0.3203125 0.294921875 0.3046875 0.306640625 0.302734375 0.306640625 0.2734375 0.21484375 0.275390625 0.21484375 0.322265625
0 0.48046875 0.169921875 0.490234375 0.17578125 0.51171875 0.173828125 0.505859375 0.115234375 0.44921875 0.123046875 0.451171875 0.142578125 0.4296875 0.15234375 0.416015625 0.138671875 0.369140625 0.185546875 0.40234375 0.21875 0.44140625 0.181640625 0.451171875 0.173828125
0 0.646484375 0.056640625 0.708984375 0.056640625 0.7109375 0.00390625 0.646484375 0.001953125
0 0.64453125 0.177734375 0.7109375 0.177734375 0.7109375 0.126953125 0.64453125 0.126953125
0 0.595703125 0.1640625 0.626953125 0.166015625 0.630859375 0.00390625 0.599609375 0.00390625
0 0.591796875 0.169921875 0.591796875 0.22265625 0.626953125 0.22265625 0.626953125 0.169921875
0 0.599609375 0.22265625 0.599609375 0.353515625 0.67578125 0.38671875 0.841796875 0.3828125 0.83984375 0.345703125 0.69140625 0.349609375 0.6484375 0.330078125 0.6484375 0.22265625 0.626953125 0.22265625
0 0.94140625 0.349609375 0.869140625 0.3515625 0.87109375 0.392578125 0.943359375 0.390625
0 1 0.388671875 1 0.33984375 0.94140625 0.34375 0.943359375 0.390625
0 0.947265625 0.240234375 0.947265625 0.212890625 0.83984375 0.212890625 0.83984375 0.240234375 0.85546875 0.240234375 0.85546875 0.265625 0.9296875 0.263671875 0.9296875 0.240234375
0 0.068359375 0.82421875 0.068359375 0.69921875 0 0.69921875 0 0.82421875
0 0.017578125 0.935546875 0.017578125 0.916015625 0 0.916015625 0 0.935546875
0 0.044921875 0.916015625 0.0234375 0.91796875 0.0234375 0.939453125 0.044921875 0.9375
0 0.068359375 0.916015625 0.044921875 0.916015625 0.044921875 0.9375 0.068359375 0.9375
0 0.115234375 0.9375 0.115234375 0.91796875 0.091796875 0.91796875 0.09375 0.9375
0 0.091796875 0.91796875 0.068359375 0.919921875 0.068359375 0.939453125 0.09375 0.9375
0 0.017578125 0.908203125 0.017578125 0.88671875 0 0.88671875 0 0.908203125
0 0.048828125 0.908203125 0.0625 0.908203125 0.064453125 0.88671875 0.048828125 0.88671875
0 0.08984375 0.91015625 0.11328125 0.91015625 0.11328125 0.888671875 0.08984375 0.88671875
0 0.12890625 0.890625 0.228515625 0.888671875 0.2265625 0.861328125 0.126953125 0.861328125
0 0.4609375 0.7421875 0.349609375 0.74609375 0.3515625 0.80859375 0.462890625 0.802734375
0 0.564453125 0.818359375 0.560546875 0.736328125 0.5234375 0.73828125 0.525390625 0.8203125
0 0.564453125 0.818359375 0.51953125 0.8203125 0.51953125 0.83984375 0.564453125 0.83984375
0 0.642578125 0.724609375 0.642578125 0.72265625 0.640625 0.68359375 0.552734375 0.6875 0.52734375 0.716796875 0.5234375 0.73828125
0 0.58203125 0.83203125 0.658203125 0.826171875 0.654296875 0.76171875 0.578125 0.767578125
0 0.662109375 0.671875 0.703125 0.671875 0.703125 0.66015625 0.662109375 0.66015625
0 0.6640625 0.736328125 0.75 0.734375 0.75 0.71875 0.6640625 0.720703125
0 0.712890625 0.767578125 0.67578125 0.76953125 0.67578125 0.826171875 0.71484375 0.826171875
0 0.7578125 0.814453125 0.75390625 0.759765625 0.712890625 0.759765625 0.71484375 0.81640625 0.75 0.814453125
0 0.75 0.669921875 0.662109375 0.671875 0.6640625 0.720703125 0.75 0.71875 0.75 0.673828125
0 0.7265625 0.85546875 0.7578125 0.85546875 0.7578125 0.83203125 0.7265625 0.83203125
0 0.7578125 0.814453125 0.71484375 0.81640625 0.71484375 0.83203125 0.7578125 0.83203125
0 0.623046875 0.876953125 0.716796875 0.875 0.716796875 0.84375 0.62109375 0.845703125
0 0.7890625 0.857421875 0.806640625 0.857421875 0.806640625 0.8359375 0.787109375 0.8359375
0 0.8359375 0.716796875 0.9765625 0.712890625 0.974609375 0.66796875 0.833984375 0.671875
0 0.806640625 0.74609375 0.826171875 0.74609375 0.826171875 0.70703125 0.806640625 0.70703125
0 0.796875 0.671875 0.75 0.673828125 0.7578125 0.837890625 0.806640625 0.8359375 0.80078125 0.74609375
0 0.822265625 0.814453125 0.892578125 0.8125 0.890625 0.7734375 0.8203125 0.77734375
0 0.91015625 0.8203125 0.96875 0.81640625 0.966796875 0.771484375 0.908203125 0.775390625
0 0.9765625 0.810546875 1 0.80859375 1 0.767578125 0.97265625 0.76953125
0 0.837890625 0.841796875 0.865234375 0.83984375 0.86328125 0.826171875 0.837890625 0.826171875
0 0.98046875 0.65234375 1 0.650390625 1 0.6328125 0.98046875 0.6328125
0 0.08984375 0.822265625 0.115234375 0.8203125 0.11328125 0.740234375 0.087890625 0.7421875
0 0.25390625 0.6875 0.19140625 0.6875 0.19140625 0.712890625 0.25390625 0.712890625 0.25390625 0.693359375
0 0.25390625 0.693359375 0.25390625 0.767578125 0.224609375 0.767578125 0.224609375 0.75390625 0.18359375 0.75390625 0.18359375 0.693359375 0.138671875 0.693359375 0.138671875 0.810546875 0.302734375 0.810546875 0.302734375 0.693359375
0 0.001953125 0.865234375 0 0.88671875 0.11328125 0.888671875 0.11328125 0.865234375
0 1 0.212890625 1 0.078125 0.740234375 0.080078125 0.7421875 0.21484375 0.875 0.212890625
0 0.974609375 0.970703125 0.818359375 0.970703125 0.638671875 0.96875 0.638671875 1 0.974609375 1
0 0.5546875 0.99609375 0.5546875 0.89453125 0.2734375 0.89453125 0.2734375 0.99609375 0.5546875 0.99609375
0 0.3125 0.177734375 0.298828125 0.078125 0.1953125 0.08984375 0.208984375 0.19140625 0.3125 0.177734375
0 0.21484375 1 0.21484375 0.90234375 0.16796875 0.90234375 0.166015625 1 0.21484375 1
0 0.451171875 0.70703125 0.451171875 0.666015625 0.314453125 0.66796875 0.314453125 0.708984375 0.451171875 0.70703125
0 1 0.03515625 1 0 0.798828125 0 0.796875 0.033203125 1 0.03515625