0 0.025390625 0.556640625 0 0.556640625 0 0.6171875 0 0.63671875 0.06640625 0.63671875 0.06640625 0.619140625 0.099609375 0.619140625 0.099609375 0.591796875 0.12109375 0.59375 0.12109375 0.546875 0.091796875 0.546875 0.091796875 0.55859375 0.064453125 0.556640625 0.064453125 0.568359375 0.025390625 0.56640625
0 0 0.173828125 0 0.2109375 0.0234375 0.2109375 0.025390625 0.25390625 0.001953125 0.255859375 0.001953125 0.267578125 0.08984375 0.267578125 0.091796875 0.173828125
0 0.001953125 0.255859375 0.025390625 0.25390625 0.0234375 0.2109375 0 0.2109375 0 0.279296875 0.001953125 0.279296875 0.001953125 0.267578125
0 0.05859375 0.267578125 0.05859375 0.56640625 0.064453125 0.568359375 0.064453125 0.556640625 0.091796875 0.55859375 0.091796875 0.546875 0.12109375 0.546875 0.12109375 0.267578125 0.08984375 0.267578125
0 0.041015625 0.09765625 0.0390625 0.01953125 0 0.021484375 0 0.099609375
0 0 0.822265625 0 0.884765625 0.138671875 0.884765625 0.138671875 0.822265625
0 0.265625 0.8828125 0.3203125 0.880859375 0.3203125 0.826171875 0.263671875 0.828125
0 0.828125 0.287109375 0.736328125 0.28515625 0.736328125 0.3515625 0.78515625 0.3515625 0.970703125 0.353515625 0.970703125 0.2890625 0.92578125 0.287109375 0.92578125 0.302734375 0.828125 0.30078125
0 0.85546875 0.03515625 0.85546875 0.0625 0.81640625 0.060546875 0.81640625 0.046875 0.7265625 0.044921875 0.724609375 0.150390625 0.814453125 0.15234375 0.814453125 0.1171875 0.85546875 0.1171875 0.85546875 0.134765625 0.95703125 0.13671875 0.958984375 0.037109375
0 0.951171875 0.435546875 0.873046875 0.435546875 0.873046875 0.50390625 0.951171875 0.50390625
0 0.78515625 0.3515625 0.755859375 0.3515625 0.755859375 0.43359375 0.736328125 0.43359375 0.736328125 0.50390625 0.783203125 0.50390625 0.78515625 0.421875
0 0.78515625 0.421875 0.78515625 0.490234375 0.80859375 0.490234375 0.810546875 0.421875
0 0.736328125 0.150390625 0.734375 0.28515625 0.80078125 0.287109375 0.802734375 0.15234375
0 0.8203125 0.50390625 0.734375 0.50390625 0.734375 0.578125 0.962890625 0.578125 0.962890625 0.50390625 0.923828125 0.50390625 0.923828125 0.521484375 0.8203125 0.521484375
0 0.44140625 0.126953125 0.63671875 0.126953125 0.63671875 0.0234375 0.44140625 0.0234375
0 0.21875 0.013671875 0.216796875 0.091796875 0.25390625 0.123046875 0.29296875 0.125 0.294921875 0.015625
0 0.2265625 0.755859375 0.2890625 0.75390625 0.2890625 0.58984375 0.2265625 0.58984375
0 0.224609375 0.560546875 0.291015625 0.560546875 0.291015625 0.396484375 0.224609375 0.396484375
0 0.228515625 0.353515625 0.298828125 0.3515625 0.294921875 0.177734375 0.2265625 0.1796875
0 0.720703125 0.8203125 0.970703125 0.822265625 0.970703125 0.73828125 0.72265625 0.736328125
0 0.94921875 0.240234375 0.947265625 0.169921875 0.857421875 0.169921875 0.857421875 0.240234375 0.94921875 0.240234375
0 0.02734375 0.333984375 0.02734375 0.298828125 0 0.298828125 0 0.333984375 0.02734375 0.333984375
0 0.376953125 0.0234375 0.376953125 0 0.32421875 0 0.32421875 0.0234375 0.376953125 0.0234375
0 0.796875 1 0.798828125 0.9609375 0.767578125 0.958984375 0.765625 0.998046875 0.796875 1
0 0.111328125 1 0.111328125 0.9765625 0 0.9765625 0 1 0.111328125 1