0 0.435546875 0.017578125 0.439453125 0.0703125 0.572265625 0.05859375 0.75390625 0.166015625 0.779296875 0.123046875 0.580078125 0.005859375
0 0.8125 0.150390625 0.78515625 0.197265625 1 0.322265625 1 0.2578125
0 0.93359375 0 0.908203125 0 0.88671875 0.033203125 1 0.1015625 1 0.0390625
0 0 0.044921875 0 0.109375 0.005859375 0.115234375 0.037109375 0.078125
0 0.05078125 0.123046875 0.15625 0 0.1015625 0 0.01953125 0.09765625
0 0.771484375 0.623046875 0.728515625 0.609375 0.666015625 0.56640625 0.638671875 0.611328125 0.7109375 0.666015625 0.759765625 0.67578125 1 0.734375 1 0.677734375
0 0.6640625 0.79296875 0.541015625 0.7109375 0.51171875 0.7578125 0.642578125 0.84375 1 0.921875 1 0.8671875
0 0.548828125 0.92578125 0.423828125 0.849609375 0.396484375 0.896484375 0.533203125 0.978515625 0.626953125 1 0.876953125 1
0 0.78515625 0.49609375 0.90234375 0.5234375 0.904296875 0.515625 1 0.53515625 1 0.47265625 0.91796875 0.455078125 0.916015625 0.458984375 0.80078125 0.431640625 0.791015625 0.47265625
0 0.75 0.419921875 0.740234375 0.4609375 0.791015625 0.47265625 0.80078125 0.431640625
0 0.314453125 0.16796875 0.2109375 0.294921875 0.26953125 0.33984375 0.37109375 0.212890625
0 0.44921875 0.49609375 0.365234375 0.607421875 0.42578125 0.654296875 0.509765625 0.54296875 0.455078125 0.501953125
0 0.513671875 0.29296875 0.41796875 0.22265625 0.3671875 0.2890625 0.462890625 0.361328125 0.51171875 0.294921875
0 0.51171875 0.294921875 0.462890625 0.361328125 0.525390625 0.408203125 0.455078125 0.501953125 0.51953125 0.55078125 0.638671875 0.390625
0 0.23828125 0.759765625 0.28515625 0.80078125 0.37109375 0.703125 0.32421875 0.662109375
0 0 0.796875 0 0.85546875 0.201171875 0.908203125 0.21484375 0.8515625
0 0.19140625 0.267578125 0.16015625 0.306640625 0.185546875 0.326171875 0.216796875 0.2890625
0 0.0859375 1 0.0859375 0.96875 0 0.96875 0 1 0.0859375 1
0 0.83984375 0.978515625 0.853515625 0.923828125 0.634765625 0.8671875 0.62109375 0.921875 0.83984375 0.978515625
0 0.861328125 0.0234375 0.861328125 0 0.767578125 0 0.767578125 0.0234375 0.861328125 0.0234375