0 0.181640625 0.515625 0.142578125 0.513671875 0.142578125 0.533203125 0.08984375 0.533203125 0.08984375 0.578125 0.3515625 0.58203125 0.3515625 0.537109375 0.302734375 0.53515625 0.302734375 0.515625 0.236328125 0.515625 0.236328125 0.529296875 0.181640625 0.52734375
0 0.26953125 0.33203125 0.267578125 0.341796875 0.22265625 0.341796875 0.22265625 0.388671875 0.34375 0.390625 0.34375 0.34375 0.302734375 0.341796875 0.302734375 0.333984375
0 0.533203125 0.8125 0.533203125 0.822265625 0.48046875 0.822265625 0.478515625 0.861328125 0.71875 0.865234375 0.71875 0.82421875 0.681640625 0.82421875 0.681640625 0.8125
0 0.4453125 0.388671875 0.4453125 0.40625 0.41015625 0.404296875 0.41015625 0.447265625 0.544921875 0.44921875 0.544921875 0.40625 0.51171875 0.40625 0.51171875 0.388671875
0 0.72265625 0.615234375 0.72265625 0.625 0.70703125 0.625 0.70703125 0.6328125 0.67578125 0.6328125 0.67578125 0.681640625 0.806640625 0.681640625 0.80859375 0.634765625 0.775390625 0.634765625 0.77734375 0.626953125 0.759765625 0.625 0.759765625 0.6171875
0 0.908203125 0.521484375 0.908203125 0.53515625 0.8671875 0.533203125 0.865234375 0.580078125 1 0.580078125 1 0.53515625 0.96875 0.53515625 0.96875 0.521484375
0 0 0.87109375 0 0.921875 0.107421875 0.92578125 0.107421875 0.91015625 0.111328125 0.91015625 0.111328125 0.89453125 0.107421875 0.89453125 0.107421875 0.875
0 0.927734375 0.1484375 0.927734375 0.158203125 0.89453125 0.15625 0.89453125 0.20703125 1 0.20703125 1 0.16015625 0.98046875 0.16015625 0.98046875 0.150390625
0 0.15625 0.14453125 0.15625 0.154296875 0.109375 0.15234375 0.109375 0.197265625 0.328125 0.19921875 0.328125 0.15625 0.296875 0.154296875 0.296875 0.14453125 0.25 0.14453125 0.25 0.154296875 0.189453125 0.154296875 0.189453125 0.14453125
0 0.712890625 0.404296875 0.712890625 0.41015625 0.69140625 0.41015625 0.69140625 0.419921875 0.662109375 0.419921875 0.662109375 0.466796875 0.79296875 0.46875 0.794921875 0.421875 0.767578125 0.421875 0.767578125 0.41015625 0.748046875 0.41015625 0.748046875 0.404296875
0 0.26953125 0.70703125 0.26953125 0.716796875 0.220703125 0.716796875 0.220703125 0.763671875 0.34375 0.765625 0.345703125 0.716796875 0.3046875 0.716796875 0.3046875 0.70703125
0 0.91015625 0.708984375 0.91015625 0.720703125 0.859375 0.720703125 0.859375 0.771484375 0.984375 0.771484375 0.984375 0.72265625 0.94140625 0.720703125 0.94140625 0.708984375
0 0.44140625 0.615234375 0.44140625 0.62890625 0.408203125 0.62890625 0.408203125 0.673828125 0.544921875 0.67578125 0.546875 0.630859375 0.517578125 0.62890625 0.517578125 0.6171875
0 0.044921875 0.330078125 0 0.328125 0 0.390625 0.18359375 0.39453125 0.185546875 0.34765625 0.150390625 0.345703125 0.150390625 0.330078125 0.1171875 0.330078125 0.1171875 0.33984375 0.044921875 0.33984375
0 0.705078125 0.173828125 0.705078125 0.181640625 0.671875 0.1796875 0.669921875 0.228515625 0.7890625 0.23046875 0.7890625 0.181640625 0.74609375 0.181640625 0.74609375 0.173828125
0 0.216796875 0.869140625 0.216796875 0.87890625 0.1796875 0.87890625 0.1796875 0.88671875 0.169921875 0.88671875 0.169921875 0.923828125 0.4140625 0.927734375 0.4140625 0.890625 0.400390625 0.890625 0.400390625 0.880859375 0.373046875 0.880859375 0.373046875 0.87109375 0.33984375 0.87109375 0.33984375 0.880859375 0.322265625 0.880859375 0.322265625 0.87109375 0.2734375 0.869140625 0.2734375 0.87890625 0.251953125 0.87890625 0.251953125 0.869140625
0 0.478515625 0.169921875 0.478515625 0.1796875 0.435546875 0.1796875 0.43359375 0.228515625 0.552734375 0.23046875 0.552734375 0.1796875 0.51171875 0.1796875 0.513671875 0.169921875
0 0.82421875 0.873046875 0.82421875 0.880859375 0.779296875 0.880859375 0.779296875 0.92578125 1 0.92578125 1 0.8828125 0.974609375 0.8828125 0.974609375 0.875
0 0.0234375 0.697265625 0 0.697265625 0 0.755859375 0.18359375 0.759765625 0.18359375 0.716796875 0.14453125 0.71484375 0.14453125 0.69921875 0.111328125 0.69921875 0.111328125 0.708984375 0.0234375 0.70703125
0 0.912109375 0.333984375 0.912109375 0.345703125 0.869140625 0.34375 0.8671875 0.390625 0.990234375 0.392578125 0.9921875 0.345703125 0.94921875 0.345703125 0.94921875 0.333984375
0 0.109375 0.150390625 0.033203125 0.150390625 0.033203125 0.1953125 0.109375 0.197265625 0.109375 0.15234375
0 0.578125 0.162109375 0.576171875 0.18359375 0.564453125 0.18359375 0.564453125 0.263671875 0.638671875 0.263671875 0.640625 0.18359375 0.615234375 0.18359375 0.6171875 0.162109375
0 0.041015625 0.583984375 0.0390625 0.5078125 0 0.5078125 0 0.583984375 0.041015625 0.583984375
0 0.44921875 0.57421875 0.44921875 0.52734375 0.390625 0.52734375 0.390625 0.57421875 0.44921875 0.57421875
0 0.388671875 0.220703125 0.38671875 0.1484375 0.345703125 0.1484375 0.34765625 0.22265625 0.388671875 0.220703125
0 0.798828125 0.58203125 0.798828125 0.537109375 0.74609375 0.5390625 0.748046875 0.58203125 0.798828125 0.58203125