0 0.416015625 0.732421875 0.4140625 0.82421875 0.5546875 0.826171875 0.556640625 0.810546875 0.591796875 0.810546875 0.59375 0.734375
0 0.74609375 0.689453125 0.744140625 0.759765625 0.7890625 0.759765625 0.7890625 0.779296875 0.84765625 0.78125 0.84765625 0.76171875 0.923828125 0.76171875 0.92578125 0.693359375
0 0.423828125 0.392578125 0.421875 0.46875 0.609375 0.474609375 0.611328125 0.3984375
0 0.748046875 0.09765625 0.748046875 0.115234375 0.701171875 0.115234375 0.69921875 0.23828125 0.78125 0.240234375 0.783203125 0.173828125 0.9375 0.17578125 0.9375 0.1015625 0.890625 0.099609375 0.890625 0.119140625 0.783203125 0.115234375 0.783203125 0.09765625
0 0.58203125 0.0859375 0.443359375 0.08203125 0.44140625 0.19921875 0.478515625 0.19921875 0.4765625 0.271484375 0.580078125 0.2734375 0.580078125 0.271484375
0 0.947265625 1 1 1 1 0.962890625 0.94921875 0.962890625
0 0 0.5625 0 0.646484375 0.0703125 0.6484375 0.072265625 0.58203125 0.03515625 0.58203125 0.03515625 0.564453125
0 0.099609375 0.430833548553719 0.099609375 0.456224173553719 0.08203125 0.456224173553719 0.080078125 0.514817923553719 0.259765625 0.518724173553719 0.26171875 0.460130423553719 0.23828125 0.458177298553719 0.240234375 0.434739798553719
0 0.166015625 0.70703125 0.1640625 0.724609375 0.111328125 0.72265625 0.109375 0.791015625 0.255859375 0.79296875 0.255859375 0.7265625 0.21875 0.7265625 0.21875 0.708984375
0 0.125 0.203125 0.240234375 0.208984375 0.244140625 0.126953125 0.130859375 0.12109375
0 0.4765625 0.271484375 0.42578125 0.271484375 0.423828125 0.392578125 0.576171875 0.396484375 0.580078125 0.2734375
0 0.556640625 0.810546875 0.5546875 0.826171875 0.4140625 0.82421875 0.41015625 0.927734375 0.408203125 1 0.564453125 1 0.5703125 0.810546875
0 0.421875 0.46875 0.416015625 0.732421875 0.5703125 0.734375 0.576171875 0.47265625
0 0.052734375 0.806640625 0.052734375 0.767578125 0.00390625 0.765625 0.00390625 0.806640625