0 0.255859375 0.5703125 0.255859375 0.560546875 0.236328125 0.560546875 0.236328125 0.58984375 0.208984375 0.58984375 0.208984375 0.640625 0.24609375 0.640625 0.24609375 0.654296875 0.333984375 0.654296875 0.333984375 0.640625 0.37109375 0.640625 0.37109375 0.591796875 0.35546875 0.591796875 0.35546875 0.5625 0.33203125 0.560546875 0.33203125 0.572265625 0.31640625 0.572265625 0.31640625 0.591796875 0.271484375 0.58984375 0.271484375 0.572265625
0 0.25 0.27734375 0.25 0.302734375 0.2265625 0.302734375 0.2265625 0.34765625 0.267578125 0.34765625 0.267578125 0.36328125 0.34375 0.36328125 0.34375 0.34765625 0.38671875 0.349609375 0.38671875 0.3046875 0.36328125 0.3046875 0.36328125 0.27734375 0.33984375 0.27734375 0.33984375 0.3046875 0.3203125 0.3046875 0.3203125 0.314453125 0.296875 0.3125 0.296875 0.302734375 0.28125 0.302734375 0.283203125 0.27734375
0 0.6875 0.8515625 0.6875 0.869140625 0.65625 0.8671875 0.65625 0.921875 0.69140625 0.921875 0.69140625 0.93359375 0.71484375 0.93359375 0.716796875 0.921875 0.751953125 0.923828125 0.751953125 0.93359375 0.767578125 0.93359375 0.767578125 0.923828125 0.802734375 0.923828125 0.802734375 0.869140625 0.78125 0.869140625 0.78125 0.8515625 0.7578125 0.8515625 0.7578125 0.869140625 0.712890625 0.869140625 0.712890625 0.8515625
0 0.701171875 0.56640625 0.701171875 0.5859375 0.673828125 0.5859375 0.671875 0.65625 0.814453125 0.65625 0.814453125 0.5859375 0.798828125 0.5859375 0.798828125 0.56640625 0.767578125 0.56640625 0.767578125 0.5859375 0.724609375 0.5859375 0.724609375 0.56640625
0 0.505859375 0.291015625 0.505859375 0.2734375 0.48046875 0.2734375 0.48046875 0.310546875 0.45703125 0.310546875 0.45703125 0.353515625 0.49609375 0.353515625 0.49609375 0.37109375 0.576171875 0.373046875 0.576171875 0.353515625 0.6171875 0.353515625 0.6171875 0.3125 0.591796875 0.3125 0.591796875 0.275390625 0.564453125 0.275390625 0.564453125 0.291015625 0.556640625 0.291015625 0.556640625 0.310546875 0.51953125 0.310546875 0.51953125 0.291015625
0 0.275390625 0.84375 0.275390625 0.859375 0.25390625 0.859375 0.25390625 0.873046875 0.234375 0.873046875 0.234375 0.91796875 0.267578125 0.91796875 0.267578125 0.93359375 0.33984375 0.93359375 0.33984375 0.91796875 0.35546875 0.91796875 0.35546875 0.873046875 0.34375 0.873046875 0.34375 0.861328125 0.314453125 0.861328125 0.314453125 0.84375
0 0.927734375 0.853515625 0.927734375 0.869140625 0.9140625 0.8671875 0.9140625 0.884765625 0.876953125 0.884765625 0.876953125 0.9453125 1 0.9453125 1 0.869140625 0.990234375 0.869140625 0.990234375 0.85546875 0.966796875 0.85546875 0.966796875 0.892578125 0.953125 0.892578125 0.953125 0.85546875
0 0.724609375 0.283203125 0.724609375 0.298828125 0.705078125 0.298828125 0.705078125 0.3125 0.6875 0.3125 0.6875 0.357421875 0.73046875 0.357421875 0.73046875 0.365234375 0.75 0.365234375 0.75 0.357421875 0.8046875 0.357421875 0.8046875 0.314453125 0.779296875 0.314453125 0.779296875 0.298828125 0.759765625 0.298828125 0.759765625 0.283203125
0 0.919921875 0.513671875 0.919921875 0.52734375 0.912109375 0.52734375 0.912109375 0.55859375 0.88671875 0.55859375 0.88671875 0.61328125 1 0.61328125 1 0.55859375 0.998046875 0.55859375 0.998046875 0.525390625 0.98828125 0.525390625 0.98828125 0.513671875 0.966796875 0.513671875 0.966796875 0.546875 0.9453125 0.546875 0.9453125 0.513671875
0 0.45703125 0.849609375 0.455078125 0.8671875 0.42578125 0.865234375 0.423828125 0.935546875 0.57421875 0.9375 0.57421875 0.8671875 0.548828125 0.8671875 0.548828125 0.849609375 0.5234375 0.849609375 0.5234375 0.8671875 0.482421875 0.8671875 0.482421875 0.849609375
0 0.470703125 0.572265625 0.470703125 0.5859375 0.458984375 0.5859375 0.458984375 0.6015625 0.443359375 0.6015625 0.443359375 0.646484375 0.48828125 0.646484375 0.48828125 0.658203125 0.5625 0.658203125 0.5625 0.646484375 0.60546875 0.6484375 0.60546875 0.6015625 0.58984375 0.6015625 0.58984375 0.5859375 0.580078125 0.5859375 0.580078125 0.572265625 0.546875 0.572265625 0.546875 0.6015625 0.5 0.6015625 0.5 0.572265625
0 0.904296875 0.283203125 0.904296875 0.296875 0.892578125 0.296875 0.892578125 0.310546875 0.85546875 0.310546875 0.85546875 0.376953125 1 0.376953125 1 0.310546875 0.98046875 0.310546875 0.98046875 0.298828125 0.96875 0.298828125 0.96875 0.28515625 0.943359375 0.283203125 0.943359375 0.310546875 0.9296875 0.310546875 0.9296875 0.283203125
0 0.162109375 0.3203125 0.162109375 0.263671875 0.134765625 0.263671875 0.134765625 0.248046875 0.10546875 0.248046875 0.10546875 0.263671875 0.04296875 0.26171875 0.04296875 0.248046875 0.001953125 0.24609375 0.001953125 0.26171875 0 0.26171875 0 0.318359375
0 0.7890625 0.029296875 1 0.029296875 1 0 0.7890625 0
0 0.3828125 0.029296875 0.625 0.03125 0.625 0 0.3828125 0
0 0.322265625 0.220703125 0.36328125 0.220703125 0.36328125 0.09375 0.322265625 0.09375
0 0.7421875 0.0625 0.7421875 0.01953125 0.646484375 0.017578125 0.646484375 0.060546875