0 0.03125 0.02734375 0.263671875 0.01171875 0.26171875 0 0.029296875 0
0 0 0.064453125 0 0.15625 0.033203125 0.154296875 0.03515625 0.173828125 0.271484375 0.158203125 0.267578125 0.09765625 0.029296875 0.11328125 0.02734375 0.0625
0 0 0.21484375 0 0.310546875 0.0390625 0.310546875 0.041015625 0.322265625 0.2734375 0.3203125 0.271484375 0.251953125 0.0390625 0.25390625 0.0390625 0.21484375
0 0.01953125 0.419921875 0.318359375 0.40625 0.31640625 0.361328125 0.017578125 0.375
0 0.04296875 0.57421875 0.326171875 0.5546875 0.32421875 0.50390625 0.041015625 0.5234375
0 0.388671875 0.564453125 0.54296875 0.5625 0.54296875 0.505859375 0.388671875 0.5078125
0 0.55078125 0.521484375 0.6328125 0.515625 0.62890625 0.46484375 0.546875 0.470703125
0 0.529296875 0.443359375 0.62890625 0.431640625 0.62109375 0.369140625 0.521484375 0.380859375
0 0.541015625 0.310546875 0.388671875 0.3203125 0.390625 0.373046875 0.54296875 0.365234375 0.54296875 0.341796875
0 0.615234375 0.337890625 0.611328125 0.28125 0.5390625 0.28515625 0.54296875 0.341796875
0 0.810546875 0.267578125 0.69921875 0.2734375 0.703125 0.333984375 0.814453125 0.326171875 0.8125 0.2890625
0 0.81640625 0.349609375 0.95703125 0.33984375 0.953125 0.279296875 0.8125 0.2890625 0.814453125 0.326171875
0 0.94140625 0.4453125 0.712890625 0.455078125 0.71484375 0.51171875 0.943359375 0.501953125 0.94140625 0.470703125
0 0.94140625 0.470703125 0.943359375 0.52734375 1 0.5234375 1 0.466796875
0 0.96875 0.345703125 1 0.39453125 1 0.3125
0 0.69140625 0.076171875 0.578125 0.083984375 0.58203125 0.14453125 0.6953125 0.13671875 0.69140625 0.099609375
0 0.6953125 0.15625 0.828125 0.146484375 0.82421875 0.08984375 0.69140625 0.099609375 0.6953125 0.13671875
0 0.8359375 0.140625 0.921875 0.26171875 0.958984375 0.236328125 0.873046875 0.115234375
0 0.79296875 0.072265625 0.833984375 0.046875 0.802734375 0 0.74609375 0
0 0.34375 0.203125 0.515625 0.193359375 0.509765625 0.11328125 0.33984375 0.123046875
0 0.9765625 0.9765625 0.9765625 1 1 1 1 0.974609375
0 0.97265625 0.826171875 0.98046875 0.9453125 1 0.943359375 1 0.82421875
0 0.96875 0.734375 0.97265625 0.826171875 1 0.822265625 1 0.73046875
0 0.40234375 0.810546875 0.6015625 0.798828125 0.599609375 0.75 0.400390625 0.759765625
0 0.66015625 0.791015625 0.880859375 0.783203125 0.880859375 0.7265625 0.658203125 0.734375
0 0.896484375 0.9609375 0.890625 0.845703125 0.845703125 0.84765625 0.8515625 0.96484375
0 0.849609375 0.91796875 0.638671875 0.9296875 0.640625 0.9921875 0.853515625 0.98046875 0.8515625 0.96484375
0 0.404296875 1 0.517578125 1 0.59375 0.99609375 0.591796875 0.9453125 0.404296875 0.955078125
0 0.029296875 0.80859375 0.3515625 0.79296875 0.349609375 0.740234375 0.025390625 0.75390625
0 0.056640625 0.86328125 0.017578125 0.8671875 0.0234375 0.9375 0.0625 0.93359375
0 0.0390625 0.998046875 0.361328125 0.970703125 0.35546875 0.91015625 0.03515625 0.9375
0 0.31640625 0.880859375 0.31640625 0.818359375 0.203125 0.8203125 0.205078125 0.8828125 0.31640625 0.880859375
0 0.02734375 0.583984375 0.02734375 0.515625 0 0.515625 0 0.583984375 0.02734375 0.583984375
0 0.841796875 0.248046875 0.83984375 0.18359375 0.646484375 0.19140625 0.650390625 0.255859375 0.841796875 0.248046875
0 0.201171875 0.88671875 0.197265625 0.826171875 0.091796875 0.83203125 0.095703125 0.892578125 0.201171875 0.88671875