0 0.068359375 0.224609375 0.06640625 0.17578125 0 0.1796875 0 0.228515625
0 0.109375 0.705078125 0.10546875 0.658203125 0 0.6640625 0 0.7109375
0 0.12109375 0.072265625 0.130859375 0.025390625 0 0 0 0 0 0.046875
0 0.095703125 0.552734375 0.091796875 0.5 0 0.50390625 0 0.556640625
0 0.09375 0.384765625 0.08984375 0.337890625 0 0.34375 0 0.390625
0 0.171875 0.89453125 0.16796875 0.83984375 0 0.849609375 0 0.904296875
0 0.484375 0.7890625 0.484375 0.80859375 0.388671875 0.802734375 0.38671875 0.853515625 0.478515625 0.857421875 0.478515625 0.873046875 0.5390625 0.876953125 0.5390625 0.861328125 0.62109375 0.865234375 0.623046875 0.814453125 0.53515625 0.810546875 0.53515625 0.79296875
0 0.640625 0.787109375 0.720703125 0.783203125 0.716796875 0.734375 0.63671875 0.73828125
0 0.57421875 0.7421875 0.576171875 0.779296875 0.6015625 0.77734375 0.603515625 0.80078125 0.640625 0.798828125 0.63671875 0.73828125
0 0.712890625 0.96484375 0.71484375 0.935546875 0.6953125 0.935546875 0.693359375 1 0.732421875 1 0.734375 0.96484375
0 0.171875 0.76171875 0.173828125 0.826171875 0.203125 0.826171875 0.203125 0.76171875
0 0.203125 0.76171875 0.203125 1 0.255859375 1 0.255859375 0.76171875
0 0.5234375 0.08984375 0.49609375 0.17578125 0.625 0.21875 0.63671875 0.181640625 0.69140625 0.201171875 0.708984375 0.1484375 0.609375 0.1171875
0 0.55078125 0 0.46484375 0 0.396484375 0.21484375 0.474609375 0.240234375 0.49609375 0.17578125
0 0.60546875 0.013671875 0.609375 0 0.55078125 0 0.5234375 0.08984375 0.609375 0.1171875 0.638671875 0.025390625
0 0.693359375 0.125 0.73046875 0.13671875 0.76171875 0.041015625 0.724609375 0.029296875
0 0.734375 0 0.685546875 0 0.650390625 0.1171875 0.69140625 0.130859375 0.693359375 0.125
0 0.322265625 0.986328125 0.521484375 1 0.63671875 1 0.642578125 0.921875 0.328125 0.900390625
0 0.830078125 0.23828125 0.833984375 0.28125 0.857421875 0.279296875 0.859375 0.29296875 0.87890625 0.291015625 0.87890625 0.279296875 0.921875 0.275390625 0.921875 0.2890625 0.943359375 0.287109375 0.943359375 0.275390625 0.982421875 0.271484375 0.982421875 0.28515625 1 0.283203125 1 0.2265625
0 0.36328125 0.318359375 0.671875 0.298828125 0.669921875 0.259765625 0.361328125 0.279296875
0 0.36328125 0.5 0.68359375 0.48046875 0.681640625 0.4375 0.361328125 0.45703125
0 0.865234375 0.59765625 0.8671875 0.634765625 0.890625 0.634765625 0.890625 0.65234375 0.9140625 0.650390625 0.912109375 0.642578125 0.95703125 0.638671875 0.95703125 0.646484375 0.9765625 0.646484375 0.9765625 0.638671875 1 0.634765625 1 0.587890625
0 0.8515625 0.41796875 0.85546875 0.4609375 0.87890625 0.4609375 0.880859375 0.47265625 0.900390625 0.47265625 0.900390625 0.458984375 0.943359375 0.45703125 0.9453125 0.46875 0.96484375 0.46875 0.96484375 0.455078125 1 0.453125 1 0.408203125
0 0.37890625 0.6328125 0.380859375 0.689453125 0.69921875 0.669921875 0.6953125 0.61328125
0 0.806640625 0.677734375 0.859375 0.673828125 0.841796875 0.412109375 0.791015625 0.416015625
0 0.826171875 0.2265625 0.779296875 0.23046875 0.791015625 0.416015625 0.837890625 0.412109375
0 0.3359375 0.259765625 0.265625 0.265625 0.267578125 0.294921875 0.310546875 0.291015625 0.3125 0.333984375 0.33984375 0.333984375 0.337890625 0.291015625
0 0.34765625 0.33203125 0.3125 0.333984375 0.333984375 0.697265625 0.37109375 0.6953125
0 0.328125 0.580078125 0.291015625 0.58203125 0.296875 0.673828125 0.275390625 0.673828125 0.27734375 0.701171875 0.333984375 0.697265625
0 0.13671875 0.486328125 0.140625 0.537109375 0.318359375 0.52734375 0.314453125 0.4765625
0 0.125 0.41015625 0.12890625 0.4765625 0.306640625 0.46484375 0.302734375 0.416015625 0.15625 0.42578125 0.15625 0.408203125
0 0.265625 0.265625 0.16796875 0.271484375 0.16796875 0.30078125 0.267578125 0.294921875
0 0.130859375 0.36328125 0.15625 0.361328125 0.154296875 0.306640625 0.126953125 0.30859375
0 0.203125 0.7265625 0.2421875 0.724609375 0.240234375 0.6953125 0.201171875 0.697265625
0 0.802734375 0.732421875 0.806640625 0.80078125 1 0.787109375 1 0.71875
0 0.884765625 0.830078125 0.888671875 0.87890625 0.974609375 0.873046875 0.974609375 0.87890625 1 0.876953125 1 0.822265625
0 0.84765625 0.03125 0.79296875 0.03515625 0.794921875 0.09375 0.8515625 0.08984375 0.849609375 0.05859375
0 0.849609375 0.05859375 0.857421875 0.203125 1 0.193359375 1 0.048828125
0 0.244140625 0.064453125 0.37890625 0.115234375 0.390625 0.0859375 0.255859375 0.033203125
0 0.19921875 0.03125 0.228515625 0.041015625 0.2421875 0 0.208984375 0
0 0.998046875 0.025390625 0.998046875 0 0.8671875 0 0.8671875 0.025390625 0.998046875 0.025390625
0 0.857421875 0.9921875 0.84765625 0.83203125 0.810546875 0.83203125 0.818359375 0.994140625 0.857421875 0.9921875
0 0.69921875 0.42578125 0.697265625 0.380859375 0.375 0.400390625 0.37890625 0.443359375 0.69921875 0.42578125
0 0.716796875 0.580078125 0.71484375 0.533203125 0.400390625 0.546875 0.40234375 0.595703125 0.716796875 0.580078125
0 0.1640625 1 0.1640625 0.9765625 0.001953125 0.9765625 0.001953125 0.998046875 0.1640625 1