0 0.97265625 0.05859375 0.978515625 0.056640625 0.96875 0.01953125 0.72265625 0.08203125 0.732421875 0.1171875 0.73828125 0.1171875 0.7421875 0.134765625 0.9765625 0.07421875
0 0.033203125 0.078125 0.021484375 0.029296875 0 0.033203125 0 0.0859375
0 0.072265625 0.06640625 0.322265625 0.00390625 0.3203125 0 0.123046875 0 0.060546875 0.015625
0 0.07421875 0.1953125 0.080078125 0.1953125 0.07421875 0.169921875 0 0.1875 0 0.23828125 0.080078125 0.220703125
0 0.36328125 0.15234375 0.3671875 0.150390625 0.359375 0.119140625 0.12109375 0.17578125 0.12890625 0.20703125 0.134765625 0.205078125 0.140625 0.2265625 0.369140625 0.17578125
0 0.162109375 0.349609375 0.171875 0.34765625 0.162109375 0.3125 0 0.3515625 0 0.41015625 0.16796875 0.369140625
0 0.67578125 0.10546875 0.68359375 0.103515625 0.67578125 0.0703125 0.4296875 0.12890625 0.4375 0.162109375 0.443359375 0.16015625 0.447265625 0.181640625 0.681640625 0.126953125
0 0.388671875 0.326171875 0.396484375 0.32421875 0.388671875 0.291015625 0.205078125 0.33203125 0.212890625 0.365234375 0.21875 0.365234375 0.22265625 0.3828125 0.39453125 0.34375
0 0.171875 0.54296875 0.16796875 0.521484375 0.171875 0.51953125 0.1640625 0.490234375 0 0.52734375 0 0.587890625
0 0.4453125 0.4765625 0.453125 0.474609375 0.4453125 0.4375 0.20703125 0.494140625 0.21484375 0.529296875 0.22265625 0.52734375 0.2265625 0.54296875 0.447265625 0.490234375
0 0.73046875 0.431640625 0.73828125 0.4296875 0.73046875 0.396484375 0.48828125 0.451171875 0.49609375 0.486328125 0.50390625 0.484375 0.5078125 0.5078125 0.736328125 0.455078125
0 0.767578125 0.412109375 0.77734375 0.45703125 0.78515625 0.455078125 0.787109375 0.46484375 1 0.412109375 1 0.35546875
0 0.7578125 0.255859375 0.765625 0.287109375 0.77734375 0.283203125 0.783203125 0.3046875 1 0.248046875 1 0.193359375
0 0.703125 0.265625 0.7109375 0.263671875 0.703125 0.232421875 0.455078125 0.294921875 0.462890625 0.326171875 0.466796875 0.326171875 0.47265625 0.34765625 0.708984375 0.2890625
0 0.28515625 1 0.95703125 1 0.990234375 0.751953125 0.927734375 0.7421875 0.86328125 0.732421875 0.798828125 0.724609375 0.734375 0.720703125 0.576171875 0.7109375 0.2578125 0.744140625
0 0.650390625 0.6328125 0.763671875 0.62890625 0.76171875 0.568359375 0.6484375 0.572265625
0 0.935546875 0.591796875 0.890625 0.58984375 0.888671875 0.65625 0.93359375 0.65625 0.93359375 0.62109375
0 0.978515625 0.501953125 0.9375 0.501953125 0.93359375 0.62109375 0.9765625 0.62109375 0.978515625 0.533203125