0 0.08984375 0.845703125 0.083984375 0.720703125 0.0234375 0.724609375 0.033203125 0.912109375 0.181640625 0.90234375 0.177734375 0.83984375
0 0.314453125 0.876953125 0.310546875 0.822265625 0.236328125 0.826171875 0.232421875 0.7421875 0.171875 0.744140625 0.1796875 0.884765625
0 0.1015625 0.931640625 0.1015625 0.95703125 0.025390625 0.9609375 0.02734375 0.994140625 0.24609375 0.98046875 0.244140625 0.94921875 0.1484375 0.955078125 0.1484375 0.9296875
0 0.041015625 0.47265625 0.328125 0.455078125 0.32421875 0.375 0.037109375 0.390625
0 0.919921875 0.03125 0.916015625 0.08984375 1 0.095703125 1 0.037109375
0 0.771484375 0.06640625 0.873046875 0.078125 0.87890625 0.0234375 0.779296875 0.01171875 0.7734375 0.0546875
0 0.779296875 0.001953125 0.76171875 0 0.658203125 0 0.654296875 0.04296875 0.7734375 0.0546875 0.779296875 0.01171875
0 0.517578125 0.0234375 0.65625 0.037109375 0.658203125 0 0.51953125 0
0 0.908203125 0.203125 0.908203125 0.255859375 1 0.255859375 1 0.203125
0 0.689453125 0.25 0.880859375 0.244140625 0.87890625 0.173828125 0.6875 0.1796875
0 0.6328125 0.330078125 0.82421875 0.322265625 0.8203125 0.2578125 0.62890625 0.267578125
0 0.515625 0.240234375 0.63671875 0.244140625 0.638671875 0.18359375 0.517578125 0.1796875
0 0.505859375 0.33203125 0.505859375 0.388671875 0.490234375 0.388671875 0.490234375 0.41796875 0.578125 0.41796875 0.580078125 0.333984375
0 0.8359375 0.39453125 1 0.3828125 1 0.3359375 0.833984375 0.34765625
0 0.75390625 0.892578125 1 0.916015625 1 0.859375 0.759765625 0.8359375
0 0.62890625 0.751953125 0.625 0.87890625 0.71875 0.880859375 0.720703125 0.751953125
0 0.3984375 0.76953125 0.396484375 0.85546875 0.626953125 0.859375 0.626953125 0.7734375
0 0.279296875 0.4765625 0.28515625 0.5703125 0.3203125 0.568359375 0.3203125 0.5546875 0.3671875 0.552734375 0.365234375 0.51953125 0.318359375 0.521484375 0.314453125 0.474609375
0 0.318359375 0.5078125 0.421875 0.501953125 0.419921875 0.46484375 0.31640625 0.470703125
0 0.4375 0.044921875 0.185546875 0.060546875 0.19140625 0.15234375 0.443359375 0.13671875
0 0.451171875 0.259765625 0.443359375 0.13671875 0.38671875 0.140625 0.39453125 0.263671875
0 0.390625 0.1953125 0.1875 0.20703125 0.19140625 0.275390625 0.39453125 0.263671875
0 0.853515625 0.984375 0.98046875 0.986328125 0.98046875 0.939453125 0.85546875 0.9375
0 0.21484375 0.60546875 0.21484375 0.5625 0.078125 0.56640625 0.080078125 0.607421875 0.21484375 0.60546875
0 0.123046875 0.5546875 0.12109375 0.48046875 0 0.484375 0 0.55859375 0.123046875 0.5546875
0 0.3515625 0.802734375 0.345703125 0.7265625 0.251953125 0.732421875 0.255859375 0.80859375 0.3515625 0.802734375
0 1 0.314453125 0.998046875 0.26171875 0.9140625 0.263671875 0.916015625 0.318359375 1 0.314453125
0 0.4609375 0.513671875 0.482421875 0.373046875 0.451171875 0.3671875 0.4296875 0.509765625 0.4609375 0.513671875
0 0.154296875 0.083984375 0.1484375 0.056640625 0.1015625 0.06640625 0.107421875 0.09375 0.154296875 0.083984375
0 0.0703125 0.603515625 0.0703125 0.560546875 0 0.560546875 0 0.60546875 0.0703125 0.603515625
0 0.380859375 0.0390625 0.380859375 0 0.326171875 0 0.326171875 0.0390625 0.380859375 0.0390625