0 0.048828125 0.533203125 0.017578125 0.501953125 0 0.51953125 0 0.578125 0.001953125 0.580078125 0.015625 0.564453125
0 0.015625 0.564453125 0 0.580078125 0 0.634765625 0.04296875 0.59375
0 0.04296875 0.59375 0 0.634765625 0 0.650390625 0.01171875 0.6640625 0.064453125 0.61328125
0 0.087890625 0.638671875 0.044921875 0.681640625 0.068359375 0.705078125 0.111328125 0.662109375
0 0.064453125 0.61328125 0.01953125 0.65625 0.044921875 0.681640625 0.087890625 0.638671875
0 0 0.787109375 0.0390625 0.810546875 0.060546875 0.771484375 0.021484375 0.748046875
0 0.017578125 0.71484375 0.001953125 0.732421875 0.021484375 0.748046875 0.037109375 0.73046875
0 0.083984375 0.845703125 0.126953125 0.869140625 0.15234375 0.82421875 0.109375 0.798828125
0 0 0.80859375 0 0.849609375 0.017578125 0.818359375
0 0.205078125 0.701171875 0.15234375 0.650390625 0.130859375 0.673828125 0.18359375 0.724609375
0 0.1640625 0.705078125 0.14453125 0.7265625 0.171875 0.751953125 0.19140625 0.73046875 0.18359375 0.724609375
0 0.107421875 0.765625 0.12890625 0.78515625 0.166015625 0.74609375 0.14453125 0.7265625
0 0 0.89453125 0.037109375 0.912109375 0.068359375 0.841796875 0.03125 0.82421875
0 0.1015625 0.900390625 0.119140625 0.91015625 0.12890625 0.88671875 0.111328125 0.87890625
0 0.111328125 0.87890625 0.076171875 0.859375 0.048828125 0.912109375 0.0859375 0.9296875 0.1015625 0.900390625
0 0.00390625 0.990234375 0.025390625 0.9375 0 0.92578125 0 0.98828125
0 0.013671875 0.982421875 0.044921875 0.99609375 0.068359375 0.947265625 0.037109375 0.931640625
0 0.5859375 0.427734375 0.6875 0.3828125 0.634765625 0.263671875 0.533203125 0.306640625
0 0.701171875 0.404296875 0.490234375 0.48828125 0.501953125 0.517578125 0.703125 0.517578125 0.7421875 0.501953125
0 0.384765625 0.580078125 0.31640625 0.634765625 0.31640625 0.693359375 0.353515625 0.75 0.455078125 0.75 0.455078125 0.580078125
0 0.99609375 0.1875 1 0.185546875 1 0.078125 0.96875 0.087890625
0 0.5 0.03125 0.529296875 0.025390625 0.5234375 0 0.4921875 0
0 0.501953125 0.833984375 0.609375 0.83203125 0.609375 0.79296875 0.501953125 0.794921875
0 0.486328125 0.84765625 0.486328125 0.791015625 0.298828125 0.79296875 0.298828125 0.849609375 0.306640625 0.849609375
0 0.671875 0.8203125 0.724609375 0.81640625 0.720703125 0.76171875 0.66796875 0.765625 0.671875 0.810546875
0 0.66796875 0.765625 0.62890625 0.767578125 0.630859375 0.8125 0.671875 0.810546875
0 0.833984375 0.802734375 0.833984375 0.787109375 0.75390625 0.791015625 0.755859375 0.8203125 0.806640625 0.818359375
0 0.623046875 0.916015625 0.681640625 0.9140625 0.6796875 0.857421875 0.62109375 0.859375
0 0.517578125 0.91015625 0.61328125 0.90625 0.611328125 0.853515625 0.515625 0.857421875
0 0.28515625 0.80078125 0.24609375 0.80859375 0.259765625 0.86328125 0.296875 0.85546875
0 0.248046875 0.81640625 0.224609375 0.822265625 0.19921875 0.853515625 0.197265625 0.904296875 0.23046875 0.90625 0.267578125 0.896484375 0.259765625 0.86328125
0 0.197265625 0.9453125 0.1953125 1 0.251953125 1 0.25390625 0.947265625
0 0.197265625 0.904296875 0.197265625 0.9453125 0.25390625 0.947265625 0.255859375 0.90625 0.23046875 0.90625
0 0.505859375 1 0.728515625 1 0.728515625 0.943359375 0.505859375 0.943359375
0 0.505859375 0.91796875 0.27734375 0.91796875 0.27734375 0.986328125 0.505859375 0.98828125 0.505859375 0.943359375
0 0.875 0.91015625 0.884765625 0.923828125 0.90234375 0.912109375 0.892578125 0.896484375
0 0.912109375 0.88671875 0.857421875 0.791015625 0.806640625 0.818359375 0.86328125 0.9140625 0.892578125 0.896484375
0 0.919921875 0.978515625 0.943359375 0.966796875 0.9296875 0.939453125 0.90625 0.94921875
0 0.556640625 0.59765625 0.556640625 0.58203125 0.642578125 0.58203125 0.642578125 0.615234375 0.62890625 0.615234375 0.62890625 0.603515625 0.599609375 0.603515625 0.599609375 0.615234375 0.556640625 0.615234375 0.556640625 0.599609375 0.513671875 0.599609375 0.513671875 0.646484375 0.71875 0.64453125 0.71875 0.54296875 0.513671875 0.54296875 0.513671875 0.59765625
0 0.6015625 0.16015625 0.587890625 0.12890625 0.55078125 0.14453125 0.564453125 0.177734375