0 0.09375 0.978515625 0.138671875 0.9765625 0.12890625 0.751953125 0.0859375 0.75390625
0 0.083984375 0.71875 0 0.720703125 0 1 0.09375 1
0 0.12890625 0.123046875 0.126953125 0.044921875 0.01171875 0.05078125 0.0078125 0 0 0 0 0.126953125
0 0.15234375 0.529296875 0.1484375 0.4609375 0.05078125 0.46484375 0.052734375 0.533203125 0.142578125 0.529296875
0 0.134765625 0.142578125 0 0.14453125 0 0.294921875 0.005859375 0.443359375 0.146484375 0.4375
0 0.09765625 0.6015625 0.146484375 0.599609375 0.142578125 0.529296875 0.09375 0.53125
0 0.4453125 0.662109375 0.384765625 0.662109375 0.384765625 0.76171875 0.4453125 0.76171875
0 0.603515625 0.79296875 0.60546875 0.75 0.5625 0.74609375 0.55859375 0.828125 0.654296875 0.833984375 0.65625 0.796875
0 0.36328125 0.76171875 0.37109375 0.716796875 0.341796875 0.712890625 0.328125 0.8203125 0.416015625 0.83203125 0.423828125 0.76953125
0 0.45703125 0.830078125 0.521484375 0.8359375 0.525390625 0.779296875 0.4609375 0.775390625
0 0.361328125 0.9453125 0.46875 0.951171875 0.47265625 0.8828125 0.365234375 0.875
0 0.8359375 0.171875 0.890625 0.177734375 0.912109375 0 0.857421875 0
0 0.91015625 0.373046875 1 0.384765625 1 0 0.958984375 0
0 0.841796875 0.380859375 0.880859375 0.3828125 0.892578125 0.181640625 0.8515625 0.1796875
0 0.8203125 0.708984375 0.86328125 0.7109375 0.869140625 0.513671875 0.828125 0.513671875
0 0.53515625 0.76171875 0.53515625 0.732421875 0.505859375 0.732421875 0.505859375 0.76171875
0 0.505859375 0.677734375 0.4453125 0.677734375 0.4453125 0.76171875 0.505859375 0.76171875
0 0.560546875 0.666015625 0.560546875 0.677734375 0.505859375 0.677734375 0.505859375 0.732421875 0.6171875 0.732421875 0.6171875 0.677734375 0.59765625 0.677734375 0.59765625 0.666015625
0 0.482421875 0.583984375 0.427734375 0.583984375 0.427734375 0.654296875 0.455078125 0.654296875 0.455078125 0.662109375 0.482421875 0.662109375 0.482421875 0.61328125
0 0.427734375 0.533203125 0.40625 0.533203125 0.3828125 0.60546875 0.427734375 0.60546875 0.427734375 0.583984375
0 0.427734375 0.60546875 0.37890625 0.60546875 0.37890625 0.654296875 0.427734375 0.654296875
0 0.626953125 0.37890625 0.626953125 0.34375 0.51171875 0.34375 0.51171875 0.40625 0.541015625 0.40625 0.541015625 0.458984375 0.509765625 0.458984375 0.509765625 0.509765625 0.541015625 0.509765625 0.541015625 0.564453125 0.51171875 0.564453125 0.51171875 0.6171875 0.626953125 0.6171875 0.626953125 0.57421875 0.595703125 0.57421875 0.595703125 0.37890625
0 0.431640625 0.404296875 0.431640625 0.529296875 0.505859375 0.529296875 0.505859375 0.404296875
0 0.458984375 0.353515625 0.501953125 0.353515625 0.501953125 0.28125 0.458984375 0.28125
0 0.712890625 0.224609375 0.712890625 0.14453125 0.58984375 0.14453125 0.58984375 0.130859375 0.513671875 0.130859375 0.513671875 0.21484375 0.53515625 0.21484375 0.53515625 0.224609375 0.576171875 0.224609375
0 0.513671875 0.13671875 0.47265625 0.13671875 0.47265625 0.244140625 0.513671875 0.244140625 0.513671875 0.21484375
0 0.53515625 0.224609375 0.53515625 0.21484375 0.513671875 0.21484375 0.513671875 0.31640625 0.576171875 0.31640625 0.576171875 0.224609375
0 1 0.58203125 1 0.51953125 0.953125 0.51953125 0.953125 0.58203125 1 0.58203125
0 0.99609375 0.7421875 1 0.677734375 0.96875 0.67578125 0.96484375 0.740234375 0.99609375 0.7421875
0 0.60546875 1 0.609375 0.916015625 0.529296875 0.912109375 0.52734375 0.99609375 0.60546875 1
0 0.16015625 0.712890625 0.150390625 0.60546875 0.12109375 0.607421875 0.130859375 0.716796875 0.16015625 0.712890625
0 1 0.46484375 1 0.388671875 0.94921875 0.388671875 0.94921875 0.462890625 1 0.46484375
0 0.0390625 0.544921875 0.037109375 0.509765625 0 0.51171875 0 0.544921875 0.0390625 0.544921875
0 1 0.83203125 1 0.732421875 0.974609375 0.732421875 0.974609375 0.83203125 1 0.83203125
0 0.435546875 1 0.435546875 0.974609375 0.34765625 0.974609375 0.34765625 0.998046875 0.435546875 1