0 0.3436472039473685 0.591796875 0.3748972039473685 0.537109375 0.5956003289473685 0.654296875 0.5623972039473685 0.7109375
0 0 0.6274671052631579 0.009765625 0.5786389802631579 0.044921875 0.5903577302631579 0.03515625 0.6372327302631579
0 0.786389802631579 0.8518708881578947 0.825452302631579 0.7971833881578947 0.905530427631579 0.8460115131578947 0.864514802631579 0.9026521381578947
0 0.5875822368421052 0.7241981907894737 0.6266447368421052 0.6734169407894737 0.7067228618421052 0.7163856907894737 0.6676603618421052 0.7691200657894737
0 0.5342310855263158 0.955078125 0.6436060855263158 0.955078125 0.6436060855263158 0.9999999999999999 0.5342310855263158 0.9999999999999999
0 0.6968544407894737 0.7901932565789475 0.7300575657894737 0.7394120065789475 0.8003700657894737 0.7843338815789475 0.7652138157894737 0.8351151315789475
0 0.6629317434210527 0.934107730263158 0.7019942434210527 0.877467105263158 0.7820723684210527 0.928248355263158 0.7430098684210527 0.984888980263158
0 0.2109375 0.887952302631579 0.220703125 0.815686677631579 0.48046875 0.858655427631579 0.470703125 0.930921052631579
0 0.560546875 0.8583470394736843 0.59765625 0.8056126644736843 0.669921875 0.8544407894736843 0.634765625 0.9071751644736843
0 0.25472861842105265 0.7263569078947368 0.27816611842105265 0.6697162828947368 0.5203536184210527 0.7556537828947368 0.49496299342105265 0.8162006578947368
0 0.001027960526315791 0.7450657894736842 0.001027960526315791 0.6923314144736842 0.05962171052631578 0.6923314144736842 0.05962171052631578 0.7450657894736842
0 0 0.8359375 0.0390625 0.8359375 0.0390625 0.875 0 0.875
0 0.14792351973684215 0.01891447368421056 0.1808182565789474 0 0.396484375 0 0.4140625 0.0390625 0.3905222039473684 0.08162006578947371 0.232421875 0.060546875
0 0.13150393403271698 0.19806140139199352 0.14383946034850642 0.13741173033936194 0.23327202613798015 0.14460745402357245 0.30694980694980695 0.18026061776061772 0.3016710907335907 0.23531008687258684
0 0.055079633204633216 0.34767133204633205 0.07242398648648646 0.28809724903474904 0.18471934693151798 0.29989696580979475 0.21344111969111967 0.3250482625482625 0.20514599420849416 0.3763272200772201
0 0.0030465733590733513 0.44721283783783783 0 0.48793436293436293 0.08901423745173742 0.5165902509652511 0.09278474903474898 0.4653112934362934
0 0.19623766447368424 0.9800575657894736 0.19813127596952912 0.998046875 0.4727590460526316 0.998046875 0.45014391447368424 0.9841694078947367