0 0.09765625 0.427734375 0.048828125 0.447265625 0.080078125 0.5234375 0.0078125 0.5546875 0.029296875 0.60546875 0.150390625 0.552734375
0 0.240234375 0.765625 0.177734375 0.791015625 0.208984375 0.869140625 0.14453125 0.89453125 0.1640625 0.9453125 0.29296875 0.89453125
0 0.068359375 0.810546875 0.048828125 0.76171875 0 0.779296875 0 0.8359375
0 0.123046875 0.962890625 0.09765625 0.904296875 0 0.94140625 0 1 0.029296875 1
0 0.302734375 0.91796875 0.240234375 0.94140625 0.26171875 1 0.333984375 1
0 0.162109375 0.58984375 0.111328125 0.611328125 0.14453125 0.6875 0.076171875 0.71875 0.09765625 0.771484375 0.21875 0.71875
0 0.462890625 0.25 0.744140625 0.1328125 0.720703125 0.080078125 0.44140625 0.19921875
0 0.8515625 0.880859375 1 0.8359375 1 0.77734375 0.8359375 0.828125
0 0.79296875 0.599609375 1 0.5390625 1 0.48828125 0.779296875 0.552734375
0 0.6328125 0.8984375 0.439453125 0.9609375 0.451171875 1 0.5234375 1 0.65625 0.95703125
0 0.19921875 0.349609375 0.41796875 0.263671875 0.396484375 0.212890625 0.1796875 0.298828125
0 0.25390625 0.48046875 0.482421875 0.400390625 0.466796875 0.353515625 0.23828125 0.43359375
0 0.888671875 1 1 1 1 0.955078125 0.88671875 0.98828125
0 0.234375 0.1796875 0.248046875 0.173828125 0.24609375 0.16796875 0.65625 0 0.494140625 0 0.201171875 0.119140625 0.1484375 0.205078125 0.166015625 0.248046875 0.224609375 0.22265625
0 0.51171875 0.630859375 0.3125 0.705078125 0.333984375 0.759765625 0.53125 0.68359375
0 0.529296875 0.470703125 0.287109375 0.5625 0.306640625 0.615234375 0.55078125 0.521484375
0 0.8125 0.75390625 1 0.703125 1 0.650390625 0.798828125 0.705078125
0 0.412109375 0.876953125 0.78125 0.75390625 0.759765625 0.685546875 0.390625 0.806640625
0 0.505859375 0.33203125 0.525390625 0.37890625 0.7890625 0.27734375 0.771484375 0.228515625
0 0.8359375 0.169921875 0.88671875 0.30078125 0.912109375 0.291015625 0.927734375 0.33203125 0.986328125 0.310546875 0.970703125 0.267578125 0.931640625 0.283203125 0.880859375 0.15234375
0 0.81640625 0.119140625 0.87109375 0.09765625 0.830078125 0 0.765625 0
0 0.7890625 0.4296875 0.76953125 0.37890625 0.529296875 0.470703125 0.55078125 0.521484375
0 0.7265625 0.611328125 0.705078125 0.556640625 0.51171875 0.630859375 0.53125 0.68359375
0 0.828125 0.900390625 0.806640625 0.83984375 0.6328125 0.8984375 0.65625 0.95703125
0 0 0.232421875 0 0.3046875 0.0703125 0.279296875 0.056640625 0.2421875 0.02734375 0.25390625 0.017578125 0.2265625
0 0.783203125 0.82421875 0.7734375 0.791015625 0.587890625 0.85546875 0.599609375 0.888671875 0.783203125 0.82421875
0 0.98828125 0.15234375 0.978515625 0.1171875 0.904296875 0.13671875 0.9140625 0.171875 0.98828125 0.15234375
0 0.99609375 0.02734375 0.994140625 0 0.91796875 0 0.91796875 0.029296875 0.99609375 0.02734375