0 0.9609375 0.251953125 0.896484375 0.248046875 0.890625 0.328125 1 0.333984375 1 0.25390625 0.986328125 0.25390625 0.984375 0.28125 0.958984375 0.279296875
0 0.853515625 0.681640625 0.857421875 0.6171875 0.744140625 0.611328125 0.7421875 0.67578125
0 0.740234375 0.814453125 0.736328125 0.888671875 0.818359375 0.890625 0.8203125 0.818359375
0 0.580078125 0.8046875 0.580078125 0.8125 0.5546875 0.8125 0.552734375 0.865234375 0.599609375 0.8671875 0.599609375 0.884765625 0.642578125 0.88671875 0.642578125 0.8671875 0.681640625 0.869140625 0.68359375 0.82421875 0.65625 0.822265625 0.65625 0.80859375
0 0.8359375 0.830078125 0.833984375 0.888671875 1 0.89453125 1 0.8359375
0 0.16015625 0.9375 0.154296875 1 0.291015625 1 0.267578125 0.9453125
0 0.27734375 0.833984375 0.16796875 0.826171875 0.16015625 0.9375 0.267578125 0.9453125
0 0.43359375 0.775390625 0.43359375 0.857421875 0.515625 0.857421875 0.515625 0.802734375 0.474609375 0.802734375 0.474609375 0.775390625
0 0.40234375 0.677734375 0.517578125 0.681640625 0.521484375 0.6015625 0.404296875 0.599609375
0 0.662109375 0.064453125 0.662109375 0.0703125 0.64453125 0.0703125 0.640625 0.1171875 0.7734375 0.125 0.77734375 0.078125 0.75390625 0.076171875 0.75390625 0.068359375 0.724609375 0.06640625 0.724609375 0.07421875 0.693359375 0.072265625 0.693359375 0.06640625
0 0.615234375 0.1875 0.6171875 0.14453125 0.513671875 0.140625 0.51171875 0.18359375
0 0.705078125 0.154296875 0.703125 0.189453125 0.51171875 0.18359375 0.509765625 0.232421875 0.80859375 0.244140625 0.810546875 0.193359375 0.7734375 0.19140625 0.775390625 0.15625
0 0.1484375 0.15625 0.28125 0.1640625 0.283203125 0.111328125 0.150390625 0.103515625
0 0.138671875 0.279296875 0.275390625 0.28515625 0.27734375 0.236328125 0.140625 0.23046875
0 0.138671875 0.40234375 0.271484375 0.408203125 0.2734375 0.359375 0.140625 0.353515625
0 0.140625 0.521484375 0.248046875 0.52734375 0.251953125 0.478515625 0.142578125 0.470703125
0 0.595703125 0.365234375 0.658203125 0.310546875 0.630859375 0.279296875 0.568359375 0.333984375
0 0.650390625 0.451171875 0.71875 0.396484375 0.6953125 0.3671875 0.626953125 0.421875
0 0.44921875 0.439453125 0.51171875 0.39453125 0.490234375 0.365234375 0.427734375 0.408203125
0 0.376953125 0.35546875 0.4375 0.3203125 0.416015625 0.279296875 0.353515625 0.314453125
0 0.55859375 0.5625 0.607421875 0.517578125 0.58203125 0.48828125 0.533203125 0.533203125
0 0.26171875 0.64453125 0.263671875 0.59765625 0.13671875 0.591796875 0.1328125 0.638671875
0 0.275390625 0.046875 0.275390625 0.001953125 0.154296875 0 0.15234375 0.04296875 0.275390625 0.046875
0 0.77734375 0.0234375 0.77734375 0 0.62890625 0 0.62890625 0.0234375 0.77734375 0.0234375
0 1 1 1 0.955078125 0.712890625 0.955078125 0.712890625 0.998046875 1 1