0 0.0234375 0.181640625 0.046875 0.134765625 0.013671875 0.1171875 0 0.140625 0 0.169921875
0 0.009765625 0 0 0 0 0.021484375 0.0078125 0.041015625 0.025390625 0.033203125
0 0.0859375 0.0078125 0.0078125 0.041015625 0.025390625 0.080078125 0.0625 0.0625 0.06640625 0.0703125 0.107421875 0.052734375
0 0.2578125 0.865234375 0.17578125 1 0.22265625 1 0.29296875 0.88671875
0 0 0.404296875 0 0.470703125 0.056640625 0.505859375 0.0859375 0.458984375
0 0.037109375 0.3125 0 0.373046875 0 0.404296875 0.201171875 0.529296875 0.251953125 0.443359375 0.181640625 0.400390625
0 0.0859375 0.458984375 0.056640625 0.505859375 0.23828125 0.6171875 0.267578125 0.568359375 0.201171875 0.529296875
0 0.703125 0.25390625 0.447265625 0.533203125 0.484375 0.56640625 0.740234375 0.287109375
0 0.587890625 0.1484375 0.564453125 0.173828125 0.6796875 0.279296875 0.703125 0.25390625
0 0.234375 0.3125 0.181640625 0.400390625 0.232421875 0.431640625 0.28515625 0.34375
0 0.263671875 0.37890625 0.302734375 0.40234375 0.32421875 0.3671875 0.28515625 0.34375
0 0.373046875 0.279296875 0.33203125 0.37109375 0.451171875 0.421875 0.470703125 0.375 0.478515625 0.37890625 0.498046875 0.333984375
0 0.205078125 0.17578125 0.15234375 0.150390625 0.130859375 0.1953125 0.18359375 0.220703125 0.189453125 0.205078125
0 0.166015625 0.25390625 0.240234375 0.2890625 0.263671875 0.240234375 0.189453125 0.205078125 0.18359375 0.220703125
0 0.041015625 0.24609375 0.080078125 0.26953125 0.107421875 0.224609375 0.0703125 0.201171875
0 0.193359375 0.025390625 0.271484375 0.052734375 0.2890625 0.001953125 0.283203125 0 0.201171875 0
0 0.259765625 0.095703125 0.26953125 0.0703125 0.18359375 0.037109375 0.173828125 0.0625
0 0.3203125 0.01171875 0.494140625 0.080078125 0.505859375 0.05078125 0.375 0 0.32421875 0
0 0.30859375 0.12890625 0.390625 0.1640625 0.40625 0.12890625 0.32421875 0.09375
0 0.412109375 0.171875 0.455078125 0.19140625 0.46875 0.162109375 0.42578125 0.140625
0 0.439453125 0.275390625 0.451171875 0.25 0.255859375 0.1640625 0.24609375 0.189453125
0 0.9375 0.001953125 0.998046875 0.015625 1 0.005859375 1 0 0.9375 0
0 0.82421875 0.078125 0.974609375 0.11328125 0.98828125 0.056640625 0.837890625 0.021484375
0 0.806640625 0.15234375 0.9140625 0.17578125 0.92578125 0.119140625 0.818359375 0.095703125
0 0.279296875 0.173828125 0.296875 0.13671875 0.244140625 0.11328125 0.2265625 0.150390625 0.279296875 0.173828125
0 0.998046875 1 1 0.86328125 0.9140625 0.86328125 0.9140625 1 0.998046875 1
0 0.529296875 0.15234375 0.580078125 0.029296875 0.53125 0.009765625 0.48046875 0.1328125 0.529296875 0.15234375
0 0.3359375 0.197265625 0.3515625 0.162109375 0.294921875 0.13671875 0.279296875 0.169921875 0.3359375 0.197265625