0 0.939453125 0.970703125 0.96875 0.953125 0.9375 0.8984375 0.759765625 1 0.904296875 1 0.900390625 0.9921875 0.919921875 0.982421875 0.923828125 0.98828125 0.943359375 0.978515625
0 0.873046875 0.837890625 0.845703125 0.78515625 0.66015625 0.880859375 0.69140625 0.94140625 0.71875 0.927734375 0.71484375 0.91796875 0.734375 0.908203125 0.73828125 0.91796875 0.759765625 0.90625 0.75390625 0.8984375 0.796875 0.876953125 0.80078125 0.884765625 0.82421875 0.873046875 0.8203125 0.865234375 0.84375 0.853515625 0.84765625 0.861328125 0.86328125 0.853515625 0.859375 0.84375
0 0.783203125 0.705078125 0.798828125 0.6953125 0.767578125 0.638671875 0.583984375 0.73828125 0.615234375 0.794921875 0.626953125 0.7890625 0.6328125 0.796875 0.658203125 0.783203125 0.65234375 0.775390625 0.67578125 0.763671875 0.6796875 0.771484375 0.6953125 0.763671875 0.69140625 0.75390625 0.7109375 0.744140625 0.71484375 0.751953125 0.734375 0.7421875 0.73046875 0.734375 0.748046875 0.724609375 0.751953125 0.732421875 0.7890625 0.712890625
0 0.640625 0.53515625 0.650390625 0.529296875 0.634765625 0.5 0.482421875 0.58203125 0.5 0.611328125 0.50390625 0.609375 0.51953125 0.63671875 0.546875 0.623046875 0.541015625 0.611328125 0.56640625 0.595703125 0.572265625 0.609375 0.6015625 0.59375 0.59765625 0.5859375 0.6171875 0.57421875 0.62109375 0.58203125 0.65625 0.5625
0 0.91796875 0.3828125 0.927734375 0.376953125 0.91015625 0.34765625 0.759765625 0.4296875 0.775390625 0.4609375 0.779296875 0.45703125 0.794921875 0.486328125 0.822265625 0.470703125 0.81640625 0.458984375 0.841796875 0.4453125 0.84765625 0.45703125 0.876953125 0.44140625 0.873046875 0.43359375 0.892578125 0.423828125 0.896484375 0.4296875 0.931640625 0.412109375 0.92578125 0.3984375
0 0.607421875 0.96875 0.580078125 0.919921875 0.427734375 1 0.548828125 1
0 0.314453125 0.943359375 0.53515625 0.82421875 0.509765625 0.779296875 0.291015625 0.8984375
0 0.27734375 0.96484375 0.248046875 0.908203125 0.07421875 1 0.208984375 1
0 0.150390625 0.830078125 0.1171875 0.767578125 0 0.830078125 0 0.91015625
0 0.19140625 0.810546875 0.44921875 0.673828125 0.416015625 0.611328125 0.158203125 0.74609375 0.1875 0.802734375
0 0.158203125 0.74609375 0.1171875 0.767578125 0.150390625 0.830078125 0.1875 0.802734375
0 0.05859375 0.591796875 0.029296875 0.5390625 0 0.5546875 0 0.62109375
0 0.09765625 0.556640625 0.3125 0.4453125 0.28515625 0.392578125 0.0703125 0.505859375
0 0.013671875 0.380859375 0.228515625 0.26171875 0.201171875 0.212890625 0 0.32421875 0 0.35546875
0 0.23046875 0.037109375 0.208984375 0 0.1484375 0 0 0.08203125 0 0.166015625
0 0.306640625 0.115234375 0.5 0 0.390625 0 0.27734375 0.068359375
0 0.24609375 0.095703125 0.1875 0.130859375 0.208984375 0.16796875 0.26953125 0.1328125
0 0.923828125 0.166015625 1 0.126953125 1 0.1171875 0.9765625 0.072265625 0.896484375 0.111328125