0 0.474609375 0.1015625 0.70703125 0.10546875 0.70703125 0.048828125 0.474609375 0.044921875
0 0.869140625 0.240234375 0.8671875 0.3125 1 0.314453125 1 0.2421875
0 0.869140625 0.248046875 0.58984375 0.2421875 0.587890625 0.31640625 0.8671875 0.322265625 0.8671875 0.3125
0 0.4765625 0.162109375 0.470703125 0.400390625 0.53515625 0.40234375 0.541015625 0.162109375
0 0.376953125 0.076171875 0.330078125 0.07421875 0.328125 0.11328125 0.376953125 0.11328125 0.376953125 0.111328125
0 0.34375 0.478515625 0.341796875 0.59765625 0.40234375 0.59765625 0.404296875 0.48046875
0 0.341796875 0.59765625 0.33984375 0.658203125 0.541015625 0.662109375 0.54296875 0.6015625 0.40234375 0.59765625
0 0.423828125 0.50390625 0.548828125 0.505859375 0.548828125 0.447265625 0.423828125 0.4453125
0 0.34375 0.439453125 0.34375 0.478515625 0.412109375 0.48046875 0.412109375 0.44140625
0 0.80078125 0.46484375 0.798828125 0.513671875 1 0.517578125 1 0.466796875
0 0.572265625 0.501953125 0.78515625 0.5078125 0.787109375 0.45703125 0.572265625 0.451171875
0 0.794921875 0.65625 1 0.66015625 1 0.60546875 0.796875 0.603515625
0 0.572265625 0.646484375 0.779296875 0.650390625 0.78125 0.6015625 0.572265625 0.595703125
0 0.068359375 0.134765625 0.068359375 0.1484375 0.0390625 0.146484375 0.0390625 0.193359375 0.234375 0.197265625 0.234375 0.15234375 0.20703125 0.150390625 0.20703125 0.138671875 0.18359375 0.138671875 0.18359375 0.150390625 0.146484375 0.150390625 0.146484375 0.13671875 0.125 0.13671875 0.123046875 0.1484375 0.08984375 0.1484375 0.08984375 0.13671875
0 0.0390625 0.15625 0.001953125 0.15625 0.001953125 0.1953125 0.0390625 0.197265625 0.0390625 0.193359375
0 0.224609375 0.111328125 0.224609375 0.15234375 0.234375 0.15234375 0.234375 0.197265625 0.224609375 0.197265625 0.22265625 0.2265625 0.205078125 0.2265625 0.205078125 0.265625 0.259765625 0.265625 0.263671875 0.111328125
0 0.0625 0.267578125 0.060546875 0.27734375 0.0390625 0.27734375 0.037109375 0.330078125 0.248046875 0.333984375 0.248046875 0.28125 0.193359375 0.28125 0.193359375 0.271484375 0.17578125 0.26953125 0.173828125 0.279296875 0.138671875 0.279296875 0.138671875 0.26953125 0.12109375 0.26953125 0.12109375 0.279296875 0.08203125 0.27734375 0.08203125 0.267578125
0 0 0.443359375 0 0.5 0.240234375 0.505859375 0.240234375 0.44921875 0.216796875 0.44921875
0 0.373046875 0.8203125 0.193359375 0.814453125 0.19140625 0.876953125 0.37109375 0.8828125 0.37109375 0.84765625
0 0.759765625 0.056640625 0.759765625 0.130859375 0.865234375 0.1328125 0.8671875 0.060546875 0.80859375 0.05859375
0 0.91796875 0.119140625 0.91796875 0.15625 0.990234375 0.158203125 0.990234375 0.12109375
0 0.9921875 0.013671875 0.919921875 0.01171875 0.91796875 0.119140625 0.990234375 0.12109375 0.9921875 0.095703125
0 0.375 0.158203125 0.375 0.201171875 0.474609375 0.203125 0.4765625 0.162109375
0 0.3125 0.25390625 0.37109375 0.25390625 0.37109375 0.201171875 0.314453125 0.19921875
0 0.31640625 0.11328125 0.314453125 0.19921875 0.375 0.201171875 0.376953125 0.11328125 0.328125 0.11328125
0 0.337890625 0.3046875 0.337890625 0.287109375 0.306640625 0.287109375 0.302734375 0.439453125 0.388671875 0.44140625 0.390625 0.3046875
0 0.21875 0.333984375 0.216796875 0.44921875 0.240234375 0.44921875 0.240234375 0.505859375 0.216796875 0.50390625 0.212890625 0.609375 0.2421875 0.609375 0.248046875 0.333984375
0 0.17578125 0.6484375 0.17578125 0.58984375 0 0.5859375 0 0.64453125
0 0.158203125 0.931640625 0.15625 0.986328125 0.3671875 0.9921875 0.369140625 0.9375 0.189453125 0.931640625
0 0.19140625 0.876953125 0.189453125 0.931640625 0.369140625 0.9375 0.37109375 0.8828125
0 0.001953125 0.8671875 0 0.92578125 0 0.94921875 0.041015625 0.94921875 0.04296875 0.869140625
0 0.11328125 0.830078125 0.111328125 0.87109375 0.04296875 0.869140625 0.041015625 0.927734375 0.189453125 0.931640625 0.19140625 0.876953125 0.171875 0.876953125 0.173828125 0.85546875 0.138671875 0.853515625 0.140625 0.83203125 0.123046875 0.830078125
0 0.041015625 0.927734375 0.041015625 0.94921875 0 0.94921875 0 0.9765625 0.109375 0.98046875 0.109375 0.9296875
0 0 0.8046875 0 0.8671875 0.111328125 0.87109375 0.11328125 0.830078125 0.123046875 0.830078125 0.123046875 0.80859375
0 0.2578125 0.08203125 0.2578125 0.001953125 0.0078125 0.001953125 0.0078125 0.080078125 0.2578125 0.08203125
0 0.412109375 0.04296875 0.41015625 0 0.3359375 0 0.3359375 0.04296875 0.412109375 0.04296875
0 0.822265625 0.0546875 0.822265625 0 0.7578125 0 0.755859375 0.0546875 0.822265625 0.0546875
0 0.654296875 0.203125 0.658203125 0.154296875 0.56640625 0.146484375 0.560546875 0.193359375 0.654296875 0.203125
0 0.98828125 0.4375 0.990234375 0.380859375 0.568359375 0.36328125 0.56640625 0.41796875 0.98828125 0.4375
0 0.73828125 0.04296875 0.73828125 0 0.689453125 0 0.689453125 0.04296875 0.73828125 0.04296875