0 0.05078125 0.2109375 0 0.23828125 0 0.30078125 0.078125 0.255859375
0 0.12109375 0.32421875 0 0.39453125 0 0.4609375 0.150390625 0.373046875 0.146484375 0.369140625 0.427734375 0.2890625 0.466796875 0.423828125 0.513671875 0.41015625 0.462890625 0.228515625
0 0.333984375 0.3671875 0.29296875 0.376953125 0.314453125 0.466796875 0.35546875 0.45703125
0 0.39453125 0.474609375 0.234375 0.578125 0.16796875 0.4765625 0.1328125 0.5 0.21875 0.6328125 0.419921875 0.515625
0 0.111328125 0.59375 0.0859375 0.55078125 0 0.599609375 0 0.658203125
0 0.17578125 0.666015625 0.126953125 0.6953125 0.169921875 0.76953125 0 0.8671875 0 0.9296875 0.24609375 0.787109375
0 0.337890625 0.681640625 0.443359375 0.619140625 0.408203125 0.55859375 0.302734375 0.62109375
0 0.462890625 0.52734375 0.408203125 0.55859375 0.443359375 0.619140625 0.498046875 0.587890625
0 0.302734375 0.62109375 0.24609375 0.65234375 0.28125 0.71484375 0.337890625 0.681640625
0 0.546875 0.630859375 0.56640625 0.625 0.5234375 0.484375 0.4765625 0.498046875 0.513671875 0.625 0.46484375 0.65234375 0.4609375 0.646484375 0.43359375 0.662109375 0.4375 0.66796875 0.400390625 0.689453125 0.396484375 0.68359375 0.365234375 0.701171875 0.369140625 0.70703125 0.34375 0.72265625 0.33984375 0.716796875 0.31640625 0.73046875 0.3203125 0.736328125 0.294921875 0.751953125 0.318359375 0.791015625 0.533203125 0.666015625 0.521484375 0.646484375
0 0.013671875 0.03125 0 0.037109375 0 0.103515625 0.041015625 0.17578125 0.08203125 0.15234375 0.037109375 0.07421875
0 0.06640625 0.052734375 0.240234375 0 0.064453125 0 0.052734375 0.00390625
0 0.361328125 0.1015625 0.142578125 0.1640625 0.15625 0.20703125 0.373046875 0.14453125
0 0.373046875 0 0.330078125 0 0.373046875 0.14453125 0.412109375 0.134765625
0 0.85546875 0.123046875 0.83984375 0.115234375 0.82421875 0.109375 0.80859375 0.10546875 0.791015625 0.1015625 0.7734375 0.099609375 0.755859375 0.099609375 0.73828125 0.1015625 0.720703125 0.103515625 0.701171875 0.109375 0.681640625 0.115234375 0.6640625 0.123046875 0.646484375 0.134765625 0.630859375 0.14453125 0.6171875 0.158203125 0.60546875 0.171875 0.595703125 0.185546875 0.587890625 0.201171875 0.58203125 0.21875 0.578125 0.234375 0.578125 0.25 0.578125 0.265625 0.58203125 0.28125 0.587890625 0.296875 0.59765625 0.310546875 0.607421875 0.32421875 0.890625 0.23046875
0 0.619140625 0.3359375 0.6328125 0.345703125 0.6484375 0.35546875 0.666015625 0.36328125 0.68359375 0.3671875 0.703125 0.37109375 0.72265625 0.373046875 0.7421875 0.373046875 0.763671875 0.37109375 0.783203125 0.3671875 0.802734375 0.361328125 0.8203125 0.353515625 0.837890625 0.345703125 0.853515625 0.333984375 0.869140625 0.322265625 0.880859375 0.310546875 0.890625 0.30078125 0.8984375 0.287109375 0.904296875 0.275390625 0.919921875 0.25390625 0.916015625 0.2265625 0.890625 0.23046875 0.607421875 0.32421875
0 0.802734375 0.990234375 0.783203125 0.970703125 0.763671875 0.9609375 0.748046875 0.955078125 0.7265625 0.953125 0.7109375 0.953125 0.697265625 0.95703125 0.681640625 0.96484375 0.669921875 0.97265625 0.658203125 0.982421875 0.6484375 0.994140625 0.64453125 1 0.806640625 1
0 0.1640625 0.63671875 0.142578125 0.6015625 0.0078125 0.685546875 0.029296875 0.720703125 0.1640625 0.63671875