0 0 0.935546875 0.005859375 0.953125 0 0.953125 0 0.9921875 0.015625 0.98828125 0.01953125 0.998046875 0.05859375 0.986328125 0.056640625 0.9765625 0.080078125 0.96875 0.068359375 0.935546875 0.044921875 0.94140625 0.041015625 0.923828125
0 0.23828125 0.060546875 0.28125 0.048828125 0.267578125 0 0.220703125 0
0 0.27734375 0.19140625 0.41015625 0.15234375 0.388671875 0.078125 0.255859375 0.1171875
0 0.32421875 0.322265625 0.3671875 0.310546875 0.345703125 0.236328125 0.302734375 0.248046875
0 0.37109375 0.455078125 0.498046875 0.416015625 0.474609375 0.33984375 0.34765625 0.380859375
0 0.759765625 0.3203125 0.763671875 0.333984375 0.63671875 0.373046875 0.6328125 0.359375 0.603515625 0.369140625 0.607421875 0.3828125 0.5703125 0.39453125 0.5859375 0.443359375 0.833984375 0.3671875 0.818359375 0.31640625 0.78515625 0.326171875 0.78125 0.314453125
0 0.80078125 0.595703125 0.796875 0.5859375 0.775390625 0.591796875 0.779296875 0.6015625 0.69921875 0.625 0.6953125 0.615234375 0.671875 0.623046875 0.673828125 0.6328125 0.6328125 0.64453125 0.650390625 0.701171875 0.865234375 0.63671875 0.84765625 0.580078125
0 0.7265625 0.06640625 0.73046875 0.078125 0.65625 0.099609375 0.65234375 0.087890625 0.6328125 0.09375 0.63671875 0.10546875 0.5546875 0.12890625 0.552734375 0.1171875 0.529296875 0.123046875 0.533203125 0.134765625 0.49609375 0.146484375 0.509765625 0.193359375 0.814453125 0.10546875 0.80078125 0.056640625 0.775390625 0.064453125 0.771484375 0.052734375
0 0.546875 0.99609375 0.66796875 0.95703125 0.64453125 0.8828125 0.5234375 0.921875
0 0.4453125 0.71875 0.56640625 0.681640625 0.54296875 0.60546875 0.419921875 0.64453125
0 0.740234375 0.9609375 0.904296875 0.91015625 0.884765625 0.84375 0.71875 0.89453125
0 0.02734375 0.162109375 0.02734375 0.103515625 0 0.103515625 0 0.162109375 0.02734375 0.162109375
0 0.904296875 0.998046875 0.904296875 0.974609375 0.802734375 0.974609375 0.802734375 1 0.904296875 0.998046875
0 0.4921875 0.87109375 0.46875 0.787109375 0.4375 0.796875 0.4609375 0.87890625 0.4921875 0.87109375