0 0.0625 0.9375 0.064453125 0.947265625 0.046875 0.953125 0.04296875 0.943359375 0 0.955078125 0 0.962890625 0.0078125 0.994140625 0.041015625 0.984375 0.044921875 1 0.107421875 1 0.099609375 0.96875 0.125 0.9609375 0.115234375 0.923828125
0 0.1875 0.802734375 0.306640625 0.802734375 0.306640625 0.72265625 0.1875 0.72265625
0 0.08984375 0.419921875 0.025390625 0.35546875 0 0.380859375 0 0.5078125
0 0.40625 0.44921875 0.505859375 0.537109375 0.53515625 0.50390625 0.4375 0.4140625
0 0.4296875 0.791015625 0.4296875 0.8359375 0.556640625 0.8359375 0.556640625 0.79296875 0.458984375 0.791015625
0 0.6875 0.806640625 0.6875 0.85546875 0.8125 0.857421875 0.8125 0.806640625 0.712890625 0.806640625
0 0.734375 0.806640625 0.734375 0.787109375 0.712890625 0.78515625 0.712890625 0.806640625
0 0.80859375 0.806640625 0.80859375 0.783203125 0.787109375 0.783203125 0.787109375 0.806640625
0 0.470703125 0.791015625 0.470703125 0.7734375 0.458984375 0.7734375 0.458984375 0.791015625
0 0.5390625 0.771484375 0.5234375 0.771484375 0.5234375 0.791015625 0.5390625 0.791015625 0.5390625 0.775390625
0 0.55078125 0.791015625 0.55078125 0.775390625 0.5390625 0.775390625 0.5390625 0.791015625
0 0.44140625 0.60546875 0.435546875 0.599609375 0.373046875 0.658203125 0.40625 0.693359375 0.498046875 0.60546875 0.470703125 0.578125
0 0.724609375 0.59375 0.6875 0.634765625 0.77734375 0.716796875 0.814453125 0.677734375
0 0.146484375 0.322265625 0.26171875 0.435546875 0.294921875 0.40234375 0.1796875 0.287109375
0 0.181640625 0.48828125 0.1484375 0.5234375 0.26171875 0.638671875 0.294921875 0.603515625
0 0.6796875 0.47265625 0.6796875 0.419921875 0.5546875 0.419921875 0.5546875 0.47265625
0 0.802734375 0.40234375 0.7734375 0.4296875 0.787109375 0.443359375 0.806640625 0.46484375 0.8359375 0.4375
0 0.787109375 0.443359375 0.724609375 0.505859375 0.755859375 0.5390625 0.818359375 0.4765625 0.806640625 0.46484375
0 0.255859375 0.228515625 0.283203125 0.201171875 0.17578125 0.095703125 0.1484375 0.125
0 0.435546875 0.2578125 0.404296875 0.2890625 0.439453125 0.326171875 0.470703125 0.294921875
0 0.400390625 0.28515625 0.369140625 0.318359375 0.3984375 0.34765625 0.431640625 0.31640625
0 0.453125 0.123046875 0.388671875 0.185546875 0.42578125 0.22265625 0.48828125 0.16015625
0 0.494140625 0.166015625 0.52734375 0.1328125 0.486328125 0.08984375 0.453125 0.123046875 0.48828125 0.16015625
0 0.74609375 0.166015625 0.810546875 0.2265625 0.845703125 0.189453125 0.78125 0.12890625
0 0.736328125 0.30078125 0.798828125 0.353515625 0.83203125 0.3125 0.76953125 0.26171875
0 0.625 0.033203125 0.642578125 0.0546875 0.67578125 0.08984375 0.677734375 0.111328125 0.701171875 0.111328125 0.701171875 0.087890625 0.708984375 0.080078125 0.7421875 0.11328125 0.783203125 0.0703125 0.751953125 0.0390625 0.759765625 0.03125 0.78125 0.033203125 0.78125 0.009765625 0.763671875 0.009765625 0.75390625 0 0.638671875 0 0.6328125 0.005859375 0.62890625 0.009765625 0.59765625 0.01171875 0.59765625 0.033203125
0 0.083984375 0.072265625 0.111328125 0.072265625 0.111328125 0.05859375 0.083984375 0.05859375
0 0.216796875 0.998046875 0.212890625 1 0.46484375 1 0.453125 0.994140625 0.390625 0.978515625 0.318359375 0.970703125 0.318359375 0.978515625 0.2734375 0.98046875 0.259765625 0.98828125 0.2265625 0.943359375 0.193359375 0.966796875
0 0.791015625 0.2265625 0.7265625 0.158203125 0.6796875 0.205078125 0.744140625 0.271484375 0.791015625 0.2265625
0 0.505859375 0.041015625 0.50390625 0 0.439453125 0.001953125 0.439453125 0.04296875 0.505859375 0.041015625
0 0.876953125 1 0.876953125 0.97265625 0.61328125 0.970703125 0.61328125 0.998046875 0.876953125 1
0 0.02734375 0.1484375 0.029296875 0.0859375 0 0.0859375 0 0.1484375 0.02734375 0.1484375