0 0.462890625 0.748046875 0.46484375 0.685546875 0 0.671875 0 0.736328125
0 0.205078125 0.861328125 0.46484375 0.875 0.46875 0.8125 0.208984375 0.798828125
0 0.541015625 0.794921875 0.537109375 0.927734375 0.509765625 0.927734375 0.5078125 0.97265625 0.380859375 0.970703125 0.37890625 1 0.5625 1 0.564453125 0.927734375 0.5859375 0.9296875 0.58984375 0.796875
0 0.220703125 0.9375 0.21875 1 0.31640625 1 0.318359375 0.939453125
0 0.638671875 0.96875 0.767578125 0.994140625 0.78125 0.916015625 0.654296875 0.892578125
0 0.892578125 0.9765625 0.822265625 0.9609375 0.814453125 1 0.88671875 1
0 0.830078125 0.927734375 0.822265625 0.9609375 0.892578125 0.9765625 0.900390625 0.94140625
0 0.921875 1 1 1 1 0.951171875 0.927734375 0.943359375
0 0.69921875 0.40234375 0.416015625 0.392578125 0.4140625 0.44921875 0.697265625 0.458984375 0.69921875 0.412109375
0 0.740234375 0.265625 0.734375 0.4140625 0.69921875 0.412109375 0.697265625 0.458984375 0.78515625 0.4609375 0.79296875 0.267578125
0 0.41796875 0.234375 0.41796875 0.341796875 0.462890625 0.34375 0.462890625 0.234375
0 0.6796875 0.265625 0.681640625 0.212890625 0.462890625 0.2109375 0.462890625 0.263671875
0 0.09765625 0.15625 0.044921875 0.154296875 0.04296875 0.240234375 0.095703125 0.2421875 0.09765625 0.201171875
0 0.095703125 0.263671875 0.37109375 0.26953125 0.373046875 0.20703125 0.09765625 0.201171875 0.095703125 0.2421875
0 0.12109375 0.396484375 0.12109375 0.3359375 0.05078125 0.3359375 0.05078125 0.4609375 0.142578125 0.4609375 0.142578125 0.396484375
0 0.375 0.443359375 0.375 0.390625 0.142578125 0.390625 0.142578125 0.443359375
0 0.80078125 0.267578125 0.8046875 0.150390625 0.744140625 0.1484375 0.740234375 0.265625 0.79296875 0.267578125
0 0.806640625 0.06640625 0.755859375 0.064453125 0.751953125 0.1484375 0.8046875 0.150390625
0 0.755859375 0.04296875 0.46875 0.033203125 0.466796875 0.091796875 0.75390625 0.099609375 0.755859375 0.064453125
0 0.421875 0.056640625 0.41796875 0.16796875 0.46484375 0.16796875 0.466796875 0.05859375
0 0.017578125 0.03125 0.017578125 0.091796875 0.318359375 0.09765625 0.3203125 0.037109375
0 0.373046875 0.076171875 0.373046875 0 0.3203125 0 0.3203125 0.076171875
0 0.001953125 0.94140625 0.05859375 0.935546875 0.048828125 0.791015625 0 0.79296875 0 0.912109375
0 0.1328125 0.759765625 0.08984375 0.76171875 0.099609375 0.94921875 0.005859375 0.955078125 0.0078125 1 0.078125 1 0.146484375 0.99609375
0 0.87109375 0.673828125 0.869140625 0.72265625 0.99609375 0.724609375 0.9921875 0.8671875 1 0.8671875 1 0.677734375
0 0.822265625 0.720703125 0.82421875 0.673828125 0.6953125 0.66796875 0.693359375 0.71484375 0.802734375 0.71875 0.796875 0.84765625 0.83984375 0.849609375 0.84765625 0.720703125
0 0.513671875 0.671875 0.513671875 0.716796875 0.62109375 0.716796875 0.623046875 0.828125 0.673828125 0.828125 0.671875 0.71484375 0.65234375 0.71484375 0.650390625 0.669921875
0 0.890625 0.11328125 0.88671875 0.2421875 0.939453125 0.2421875 0.94140625 0.171875 1 0.171875 1 0.115234375
0 0.869140625 0.263671875 0.869140625 0.32421875 1 0.326171875 1 0.265625
0 0.904296875 0.4140625 0.90625 0.34765625 0.859375 0.345703125 0.8515625 0.46875 1 0.474609375 1 0.41796875