0 0.978515625 0.724609375 0.974609375 0.7265625 0.96875 0.728515625 0.96484375 0.732421875 0.9609375 0.734375 0.958984375 0.740234375 0.95703125 0.744140625 0.955078125 0.75 0.955078125 0.75390625 0.955078125 0.759765625 0.95703125 0.763671875 0.958984375 0.76953125 0.9609375 0.7734375 0.96484375 0.77734375 0.96875 0.779296875 0.974609375 0.783203125 0.978515625 0.783203125 0.984375 0.78515625 0.990234375 0.783203125 0.994140625 0.783203125 1 0.779296875 1 0.728515625 0.994140625 0.7265625 0.990234375 0.724609375 0.984375 0.724609375
0 0 0.064453125 0 0.1171875 0.03515625 0.154296875 0.068359375 0.111328125 0.0390625 0.091796875 0.048828125 0.078125 0.01171875 0.048828125
0 0.0859375 0.169921875 0.07421875 0.158203125 0.05859375 0.177734375 0.068359375 0.189453125 0.0546875 0.203125 0.0859375 0.232421875 0.099609375 0.216796875 0.123046875 0.23828125 0.154296875 0.203125 0.134765625 0.181640625 0.14453125 0.173828125 0.111328125 0.142578125
0 0.044921875 0.65625 0 0.703125 0 0.712890625 0.001953125 0.71484375 0 0.716796875 0 0.72265625 0.0078125 0.73046875 0.013671875 0.72265625 0.037109375 0.7421875 0.044921875 0.734375 0.05078125 0.73828125 0.08984375 0.6953125
0 0.064453125 0.912109375 0.091796875 0.875 0.041015625 0.8359375 0.013671875 0.873046875
0 0.01171875 0.97265625 0.03515625 0.9453125 0 0.9140625 0 0.9609375
0 0.083984375 0.955078125 0.09375 0.96484375 0.080078125 0.982421875 0.1015625 1 0.15625 1 0.16796875 0.986328125 0.11328125 0.943359375 0.10546875 0.953125 0.09375 0.943359375
0 0.111328125 0.935546875 0.126953125 0.91796875 0.111328125 0.904296875 0.095703125 0.921875
0 0.146484375 0.849609375 0.146484375 0.892578125 0.154296875 0.892578125 0.15625 0.912109375 0.181640625 0.91015625 0.181640625 0.927734375 0.203125 0.927734375 0.205078125 0.904296875 0.216796875 0.904296875 0.216796875 0.890625 0.228515625 0.890625 0.228515625 0.849609375
0 0.107421875 0.734375 0.09765625 0.7265625 0.06640625 0.771484375 0.08203125 0.783203125 0.08984375 0.76953125 0.109375 0.78125 0.1015625 0.796875 0.115234375 0.806640625 0.123046875 0.794921875 0.13671875 0.8046875 0.15234375 0.78125 0.12109375 0.755859375 0.138671875 0.732421875 0.1171875 0.71875
0 0.216796875 0.82421875 0.21484375 0.80078125 0.177734375 0.8046875 0.17578125 0.830078125
0 0.4921875 0.38671875 0.431640625 0.345703125 0.390625 0.408203125 0.388671875 0.40625 0.3828125 0.41796875 0.416015625 0.439453125 0.447265625 0.455078125 0.486328125 0.396484375
0 0.5390625 0.431640625 0.486328125 0.396484375 0.447265625 0.455078125 0.498046875 0.490234375 0.5234375 0.453125
0 0.36328125 0.267578125 0.232421875 0.181640625 0.212890625 0.2109375 0.23828125 0.2265625 0.2265625 0.24609375 0.28125 0.27734375 0.26953125 0.296875 0.32421875 0.333984375 0.296875 0.373046875 0.326171875 0.392578125 0.341796875 0.37109375 0.390625 0.408203125 0.447265625 0.322265625 0.40625 0.296875 0.400390625 0.310546875 0.353515625 0.287109375
0 0.5234375 0.453125 0.490234375 0.50390625 0.498046875 0.5078125 0.4921875 0.517578125 0.51953125 0.53515625 0.525390625 0.525390625 0.541015625 0.537109375 0.57421875 0.48828125