0 0.001953125 0.0546875 0.138671875 0 0.16015625 0.03125 0.021484375 0.0859375
0 0.52734375 0.916015625 0.720703125 0.916015625 0.720703125 0.982421875 0.52734375 0.982421875
0 0.6736225328947368 0 0.7185444078947368 0 0.7185444078947368 0.06250000000000003 0.6736225328947368 0.06250000000000003
0 0.525390625 0.267578125 0.685546875 0.234375 0.6953125 0.29296875 0.53515625 0.32421875
0 0.537109375 0.392578125 0.7109375 0.392578125 0.7109375 0.455078125 0.537109375 0.455078125
0 0.53125 0.529296875 0.72265625 0.529296875 0.72265625 0.591796875 0.53125 0.591796875
0 0.220703125 0.513671875 0.462890625 0.513671875 0.462890625 0.572265625 0.220703125 0.572265625
0 0.05078125 0.416015625 0.291015625 0.345703125 0.306640625 0.40625 0.06640625 0.478515625
0 0.458984375 0.15234375 0.603515625 0.0703125 0.6328125 0.119140625 0.486328125 0.201171875
0 0.244140625 0.6875 0.25 0.634765625 0.486328125 0.662109375 0.48046875 0.71484375
0 0.580078125 0.65625 0.724609375 0.65625 0.724609375 0.720703125 0.580078125 0.720703125
0 0.294921875 0.267578125 0.466796875 0.24609375 0.47265625 0.296875 0.30078125 0.31640625
0 0 0.62890625 0.119140625 0.53515625 0.1484375 0.578125 0.02734375 0.673828125
0 0.279296875 0.82421875 0.28515625 0.767578125 0.466796875 0.79296875 0.4609375 0.849609375
0 0.529296875 0.78515625 0.716796875 0.78515625 0.716796875 0.8515625 0.529296875 0.8515625
0 0.33203125 0.380859375 0.505859375 0.380859375 0.505859375 0.4453125 0.33203125 0.4453125
0 0 0.798828125 0.189453125 0.669921875 0.216796875 0.72265625 0.025390625 0.853515625
0 0.447265625 0.998046875 0.447265625 0.974609375 0.275390625 0.9765625 0.275390625 1
0 0.1953125 1 0.1953125 0.9765625 0.0234375 0.9765625 0.0234375 1
0 0.03125 0.50390625 0.029296875 0.435546875 0 0.4375 0 0.505859375
0 0.4414439551158301 0.16293888754826255 0.4219127051158301 0.12973576254826255 0.3769908301158301 0.15512638754826255 0.3965220801158301 0.18832951254826255