0 0.21875 0.91796875 0.224609375 0.931640625 0.20703125 0.94140625 0.19921875 0.927734375 0.16015625 0.947265625 0.166015625 0.9609375 0.14453125 0.97265625 0.138671875 0.958984375 0.10546875 0.9765625 0.111328125 0.98828125 0.103515625 0.994140625 0.10546875 1 0.216796875 1 0.232421875 0.9921875 0.228515625 0.982421875 0.24609375 0.97265625 0.251953125 0.982421875 0.2890625 0.962890625 0.283203125 0.953125 0.302734375 0.943359375 0.28125 0.90234375 0.26171875 0.912109375 0.255859375 0.8984375
0 0.94140625 0.326171875 0.958984375 0.306640625 0.916015625 0.26953125 0.90234375 0.28515625 0.91015625 0.291015625 0.857421875 0.349609375 0.8515625 0.345703125 0.845703125 0.3515625 0.888671875 0.388671875 0.904296875 0.37109375 0.919921875 0.384765625 0.95703125 0.33984375
0 0.76171875 0.154296875 0.6953125 0.232421875 0.73828125 0.26953125 0.74609375 0.259765625 0.75390625 0.263671875 0.78125 0.23046875 0.775390625 0.224609375 0.8046875 0.19140625 0.763671875 0.15625
0 0.8203125 0.05078125 0.814453125 0.046875 0.802734375 0.060546875 0.80859375 0.06640625 0.783203125 0.09375 0.77734375 0.08984375 0.744140625 0.12890625 0.76953125 0.150390625 0.763671875 0.15625 0.798828125 0.18359375 0.83984375 0.134765625 0.833984375 0.130859375 0.880859375 0.07421875 0.833984375 0.03515625
0 1 0.25 1 0.20703125 0.9609375 0.25390625 0.982421875 0.271484375
0 0.138671875 0.77734375 0.109375 0.71875 0.01171875 0.76953125 0.04296875 0.826171875
0 0.240234375 0.828125 0.220703125 0.791015625 0 0.90234375 0 0.951171875
0 0.30859375 0.45703125 0.279296875 0.40234375 0.0625 0.513671875 0.08984375 0.568359375
0 0.228515625 0.30078125 0.01171875 0.41015625 0.033203125 0.44921875 0.248046875 0.33984375
0 0.19140625 0.234375 0.171875 0.1953125 0 0.28125 0 0.330078125
0 0.125 0.087890625 0 0.150390625 0 0.205078125 0.146484375 0.130859375
0 0.0859375 0.02734375 0.072265625 0 0.013671875 0 0 0.005859375 0 0.0703125
0 0.4296875 0.06640625 0.42578125 0.05859375 0.3828125 0.08203125 0.38671875 0.087890625 0.359375 0.1015625 0.37890625 0.142578125 0.39453125 0.134765625 0.3984375 0.14453125 0.419921875 0.1328125 0.41796875 0.12890625 0.439453125 0.119140625 0.44140625 0.123046875 0.4609375 0.111328125 0.45703125 0.103515625 0.4765625 0.09375 0.462890625 0.068359375 0.458984375 0.0703125 0.451171875 0.0546875
0 0.642578125 0.056640625 0.64453125 0 0.533203125 0 0.533203125 0.0546875 0.642578125 0.056640625
0 0.560546875 0.115234375 0.515625 0.009765625 0.486328125 0.021484375 0.529296875 0.12890625 0.560546875 0.115234375
0 0.3203125 0.611328125 0.3046875 0.583984375 0.23828125 0.62109375 0.251953125 0.6484375 0.3203125 0.611328125
0 0.306640625 0.712890625 0.337890625 0.65625 0.310546875 0.640625 0.27734375 0.697265625 0.306640625 0.712890625
0 0.2578125 0.8125 0.294921875 0.75 0.267578125 0.734375 0.232421875 0.796875 0.2578125 0.8125
0 0.669921875 0.998046875 0.669921875 0.921875 0.611328125 0.923828125 0.61328125 1 0.669921875 0.998046875