0 0.966796875 0.005859375 0.724609375 0.068359375 0.73828125 0.123046875 0.849609375 0.09375 0.84765625 0.0859375 0.873046875 0.080078125 0.875 0.087890625 0.982421875 0.05859375
0 0.662109375 0.427734375 0.6640625 0.4375 0.65234375 0.44140625 0.650390625 0.431640625 0.599609375 0.44140625 0.6015625 0.44921875 0.587890625 0.453125 0.595703125 0.486328125 0.619140625 0.48046875 0.62109375 0.484375 0.65625 0.4765625 0.654296875 0.46875 0.67578125 0.462890625 0.677734375 0.470703125 0.71875 0.4609375 0.71875 0.45703125 0.732421875 0.455078125 0.724609375 0.421875 0.708984375 0.42578125 0.70703125 0.41796875
0 0.494140625 0.47265625 0.49609375 0.484375 0.484375 0.486328125 0.482421875 0.4765625 0.43359375 0.48828125 0.435546875 0.49609375 0.421875 0.498046875 0.4296875 0.53125 0.451171875 0.52734375 0.453125 0.529296875 0.48828125 0.521484375 0.486328125 0.513671875 0.509765625 0.5078125 0.51171875 0.515625 0.55078125 0.5078125 0.55078125 0.50390625 0.564453125 0.5 0.556640625 0.466796875 0.541015625 0.470703125 0.5390625 0.462890625
0 0.841796875 0.380859375 0.84375 0.390625 0.83203125 0.39453125 0.830078125 0.3828125 0.779296875 0.39453125 0.78125 0.40234375 0.76953125 0.40625 0.775390625 0.439453125 0.798828125 0.43359375 0.80078125 0.4375 0.8359375 0.427734375 0.833984375 0.419921875 0.85546875 0.416015625 0.857421875 0.423828125 0.8984375 0.4140625 0.8984375 0.41015625 0.912109375 0.40625 0.904296875 0.375 0.888671875 0.376953125 0.88671875 0.369140625
0 0.994140625 0.353515625 0.990234375 0.341796875 0.943359375 0.353515625 0.9453125 0.36328125 0.9296875 0.3671875 0.9375 0.3984375 0.9609375 0.392578125 0.9609375 0.396484375 0.998046875 0.38671875 0.99609375 0.37890625 1 0.376953125 1 0.3515625
0 0.8671875 0.2109375 0.87109375 0.22265625 0.857421875 0.2265625 0.85546875 0.21484375 0.806640625 0.2265625 0.80859375 0.23828125 0.79296875 0.2421875 0.80078125 0.271484375 0.82421875 0.265625 0.82421875 0.26953125 0.86328125 0.259765625 0.861328125 0.251953125 0.8828125 0.24609375 0.884765625 0.25390625 0.921875 0.244140625 0.919921875 0.23828125 0.93359375 0.236328125 0.92578125 0.20703125 0.912109375 0.2109375 0.91015625 0.201171875
0 0.490234375 0.306640625 0.4921875 0.314453125 0.462890625 0.322265625 0.46875 0.3515625 0.486328125 0.34765625 0.486328125 0.349609375 0.5078125 0.345703125 0.505859375 0.337890625 0.5390625 0.330078125 0.5390625 0.337890625 0.564453125 0.333984375 0.5625 0.326171875 0.572265625 0.32421875 0.56640625 0.298828125 0.537109375 0.3046875 0.53515625 0.296875
0 0.658203125 0.263671875 0.66015625 0.271484375 0.62890625 0.279296875 0.63671875 0.30859375 0.654296875 0.3046875 0.654296875 0.306640625 0.673828125 0.302734375 0.671875 0.294921875 0.705078125 0.287109375 0.70703125 0.294921875 0.732421875 0.2890625 0.73046875 0.283203125 0.740234375 0.28125 0.734375 0.255859375 0.703125 0.26171875 0.701171875 0.25390625
0 0.6328125 0.095703125 0.6328125 0.08984375 0.599609375 0.099609375 0.603515625 0.109375 0.5078125 0.1328125 0.50390625 0.123046875 0.474609375 0.130859375 0.4765625 0.13671875 0.4140625 0.15234375 0.427734375 0.205078125 0.556640625 0.171875 0.5546875 0.162109375 0.572265625 0.158203125 0.57421875 0.166015625 0.69140625 0.13671875 0.677734375 0.083984375
0 0.0703125 0.203125 0.125 0.26171875 0.306640625 0.08984375 0.251953125 0.03125
0 0.291015625 0.494140625 0.337890625 0.486328125 0.318359375 0.373046875 0.26953125 0.3828125
0 0.755859375 0.7265625 0.77734375 0.697265625 0.736328125 0.66796875 0.71484375 0.697265625 0.755859375 0.7265625
0 0.490234375 0.75 0.478515625 0.716796875 0.412109375 0.740234375 0.423828125 0.7734375 0.490234375 0.75
0 0.5703125 0.734375 0.564453125 0.701171875 0.49609375 0.712890625 0.5 0.74609375 0.5703125 0.734375
0 1 0.630859375 0.998046875 0.537109375 0.94140625 0.5390625 0.9453125 0.634765625 1 0.630859375
0 0.287109375 0.859375 0.296875 0.8046875 0.263671875 0.798828125 0.25390625 0.853515625 0.287109375 0.859375
0 1 0.7265625 1 0.63671875 0.970703125 0.63671875 0.970703125 0.7265625 1 0.7265625
0 0.328125 0.337890625 0.384765625 0.251953125 0.35546875 0.234375 0.30078125 0.3203125 0.328125 0.337890625
0 0.958984375 0.921875 0.970703125 0.861328125 0.9375 0.853515625 0.92578125 0.916015625 0.958984375 0.921875
0 0.29296875 0.62890625 0.287109375 0.599609375 0.201171875 0.619140625 0.208984375 0.6484375 0.29296875 0.62890625