0 0.171875 0.388671875 0.169921875 0.328125 0 0.328125 0 0.388671875
0 0.15234375 0.17578125 0.150390625 0.1171875 0 0.119140625 0 0.181640625
0 0.18359375 0.59375 0.1796875 0.52734375 0 0.53515625 0 0.6015625
0 0 0.740234375 0 0.814453125 0.193359375 0.806640625 0.189453125 0.732421875
0 0.17578125 0.9609375 0 0.96875 0 1 0.177734375 1
0 0.330078125 0.400390625 0.701171875 0.37890625 0.685546875 0.109375 0.314453125 0.1328125
0 0.734375 0.66015625 0.830078125 0.654296875 0.82421875 0.537109375 0.7265625 0.54296875
0 0.521484375 0.75390625 0.69921875 0.744140625 0.6953125 0.673828125 0.517578125 0.68359375
0 0.337890625 0.65234375 0.302734375 0.654296875 0.306640625 0.724609375 0.34375 0.72265625 0.341796875 0.716796875
0 0.47265625 0.693359375 0.4296875 0.6953125 0.431640625 0.712890625 0.341796875 0.716796875 0.34375 0.72265625 0.306640625 0.724609375 0.306640625 0.71875 0.3046875 0.71875 0.306640625 0.759765625 0.4765625 0.75 0.474609375 0.708984375
0 0.794921875 0.982421875 0.794921875 0.99609375 0.76171875 0.998046875 0.76171875 0.984375 0.73046875 0.986328125 0.73046875 1 0.84375 1 0.84375 0.98046875
0 0.306640625 0.546875 0.296875 0.4609375 0.23828125 0.466796875 0.24609375 0.552734375 0.306640625 0.546875
0 0.859375 0.189453125 0.857421875 0.12109375 0.80859375 0.12109375 0.80859375 0.189453125 0.859375 0.189453125
0 0.943359375 0.712890625 0.935546875 0.64453125 0.873046875 0.65234375 0.8828125 0.720703125 0.943359375 0.712890625