0 0.587890625 0.904296875 0.59375 0.853515625 0.841796875 0.87109375 0.833984375 0.923828125
0 0.7621299342105263 0.46422697368421056 0.9164268092105263 0.45055509868421056 0.9222861842105263 0.5052425986842105 0.7660361842105263 0.5208675986842105
0 0.41015625 0.984375 0.41796875 0.9453125 0.587890625 0.958984375 0.583984375 0.998046875
0 0.76171875 0.34765625 0.912109375 0.333984375 0.919921875 0.435546875 0.771484375 0.451171875
0 0.609375 0.154296875 0.689453125 0.140625 0.703125 0.177734375 0.623046875 0.19140625
0 0.6953125 0.134765625 0.701171875 0.068359375 0.90625 0.08203125 0.900390625 0.1484375
0 0.61328125 0.30859375 0.73046875 0.2890625 0.73828125 0.328125 0.619140625 0.34765625
0 0.771484375 0.9609375 0.9999999999999998 0.9609375 0.9999999999999998 1 0.771484375 1
0 0.439453125 0.53515625 0.443359375 0.486328125 0.607421875 0.498046875 0.60546875 0.546875
0 0.41015625 0.88671875 0.412109375 0.837890625 0.58984375 0.8515625 0.5859375 0.8984375
0 0.83984375 0.8688322368421053 1 0.8688322368421053 1 0.9352384868421053 0.83984375 0.9352384868421053
0 0.78125 0.6484375 0.986328125 0.63671875 0.990234375 0.6796875 0.783203125 0.69140625
0 0.6583059210526315 0.998046875 0.6624177631578947 0.9461348684210525 0.7599712171052632 0.9453125 0.7541118421052632 0.9999999999999999
0 0.6073190789473684 0.9453124999999999 0.6581003289473684 0.9453124999999999 0.6581003289473684 0.9999999999999998 0.6073190789473684 0.9999999999999998
0 0.4453125 0.431640625 0.44921875 0.3828125 0.62109375 0.396484375 0.615234375 0.447265625
0 0.619140625 0.25 0.6953125 0.236328125 0.708984375 0.271484375 0.630859375 0.28515625
0 0.451171875 0.328125 0.453125 0.271484375 0.623046875 0.283203125 0.619140625 0.341796875
0 0.482421875 0.197265625 0.494140625 0.126953125 0.6015625 0.138671875 0.58984375 0.2109375
0 0.77734375 0.740234375 0.982421875 0.73046875 0.986328125 0.783203125 0.78125 0.796875
0 0.767578125 0.546875 0.9765625 0.537109375 0.98046875 0.578125 0.771484375 0.587890625
0 0.626953125 0.474609375 0.7265625 0.466796875 0.734375 0.521484375 0.634765625 0.529296875
0 0.6328125 0.353515625 0.728515625 0.341796875 0.73828125 0.3984375 0.64453125 0.41015625
0 0.7265625 0.265625 0.732421875 0.20703125 0.916015625 0.220703125 0.91015625 0.27734375
0 0.45703125 0.103515625 0.462890625 0.044921875 0.625 0.060546875 0.6171875 0.12109375
0 0.609375 0.724609375 0.75390625 0.712890625 0.7734375 0.7734375 0.625 0.78515625
0 0.60546875 0.599609375 0.759765625 0.58984375 0.771484375 0.650390625 0.6171875 0.662109375
0 0.3033511513157895 0.9901315789473685 0.3150699013157895 0.8631784539473685 0.3951480263157895 0.8690378289473685 0.3834292763157895 0.9940378289473685
0 0.3203125 0.755859375 0.34375 0.55859375 0.3828125 0.5625 0.357421875 0.7578125
0 0.328125 0.42578125 0.357421875 0.083984375 0.419921875 0.08984375 0.39453125 0.431640625
0 0.4244449013157895 0.7755962171052632 0.4263980263157895 0.7170024671052632 0.6060855263157895 0.7404399671052632 0.6021792763157895 0.8029399671052632
0 0.39658717105263164 0.7716899671052632 0.41025904605263164 0.6818462171052632 0.43760279605263164 0.6857524671052632 0.42393092105263164 0.7736430921052632
0 0.427014802631579 0.699424342105263 0.4242393092105263 0.641344572368421 0.6078330592105263 0.660875822368421 0.5935444078947368 0.7261513157894736
0 0.42578125 0.646484375 0.435546875 0.572265625 0.595703125 0.583984375 0.587890625 0.658203125
0 0.923828125 0.13671875 0.931640625 0.0859375 1 0.09375 0.9921875 0.14453125
0 0 0.047697368421052634 0.0546875 0.047697368421052634 0.0546875 0.10824424342105264 0 0.10824424342105264
0 0.001953125 0.556640625 0.001953125 0.390625 0.0703125 0.390625 0.0703125 0.556640625
0 0.02981085526315788 0.6454564144736843 0.06496710526315788 0.6454564144736843 0.06496710526315788 0.7040501644736843 0.02981085526315788 0.7040501644736843
0 0.041015625 0.220703125 0.04296875 0.16796875 0 0.166015625 0 0.21875 0.041015625 0.220703125
0 0.0390625 0.33203125 0.0390625 0.29296875 0 0.29296875 0 0.33203125 0.0390625 0.33203125
0 0.029296875 0.28515625 0.029296875 0.228515625 0 0.228515625 0 0.283203125 0.029296875 0.28515625
0 0.021484375 0.783203125 0.021484375 0.716796875 0 0.716796875 0 0.783203125 0.021484375 0.783203125