0 0 0.10546875 0 0.01953125 0.09765625 0.01953125 0.09765625 0.10546875
0 0.9453125 0.001953125 1 0.001953125 1 0.056640625 0.9453125 0.056640625
0 0.451171875 0.052734375 0.451171875 0 0.517578125 0 0.517578125 0.052734375
0 0.83984375 0.05078125 0.83984375 0 0.919921875 0 0.919921875 0.05078125
0 0.646484375 0.400390625 0.9765625 0.294921875 0.99609375 0.365234375 0.66796875 0.47265625
0 0 0.5521175986842105 0 0.4915707236842105 0.0546875 0.4915707236842105 0.0546875 0.5521175986842105
0 0.07421875 0.4765625 0.26953125 0.4765625 0.26953125 0.544921875 0.07421875 0.544921875
0 0.08203125 0.888671875 0.279296875 0.880859375 0.28125 0.935546875 0.083984375 0.94140625
0 0.07421875 0.625 0.2734375 0.619140625 0.275390625 0.66796875 0.078125 0.67578125
0 0.0703125 0.751953125 0.2734375 0.744140625 0.275390625 0.798828125 0.072265625 0.806640625
0 0.517578125 0.615234375 0.58984375 0.595703125 0.60546875 0.630859375 0.533203125 0.650390625
0 0.002055921052631582 0.6840049342105263 0.002055921052631582 0.6273643092105263 0.05283717105263158 0.6273643092105263 0.05283717105263158 0.6840049342105263
0 0.484375 0.142578125 0.484375 0.080078125 0.54296875 0.080078125 0.54296875 0.142578125
0 0.57421875 0.08984375 0.625 0.078125 0.6328125 0.12890625 0.583984375 0.140625
0 0.60546875 0.94140625 0.60546875 0.875 0.783203125 0.875 0.783203125 0.94140625
0 0.40625 0.876953125 0.580078125 0.876953125 0.580078125 0.9375 0.40625 0.9375
0 0.763671875 0.17578125 0.80859375 0.138671875 0.8359375 0.1796875 0.791015625 0.21875
0 0.43359375 0.310546875 0.482421875 0.29296875 0.48828125 0.32421875 0.439453125 0.341796875
0 0.3984375 0.802734375 0.3984375 0.740234375 0.62109375 0.740234375 0.62109375 0.802734375
0 0.51953125 0.205078125 0.58984375 0.205078125 0.58984375 0.275390625 0.51953125 0.275390625
0 0.5390625 0 0.609375 0 0.609375 0.048828125 0.5390625 0.048828125
0 0.439453125 0.2421875 0.462890625 0.197265625 0.50390625 0.216796875 0.48046875 0.26171875
0 0.373046875 0.14453125 0.439453125 0.12890625 0.447265625 0.1796875 0.380859375 0.193359375
0 0.677734375 0.189453125 0.73046875 0.166015625 0.751953125 0.220703125 0.697265625 0.2421875
0 0.609375 0.20703125 0.662109375 0.193359375 0.673828125 0.255859375 0.619140625 0.267578125
0 0.806640625 0.474609375 0.998046875 0.474609375 0.998046875 0.708984375 0.806640625 0.708984375
0 0.83203125 0.7148437500000001 0.9921875 0.7148437500000001 0.9921875 1 0.83203125 1
0 0.755859375 0.041015625 0.80859375 0.025390625 0.826171875 0.072265625 0.771484375 0.087890625
0 0.658203125 0.0703125 0.72265625 0.05859375 0.732421875 0.11328125 0.666015625 0.126953125
0 0.345703125 0.064453125 0.408203125 0.044921875 0.419921875 0.09375 0.35546875 0.11328125
0 0.845703125 0.109375 0.919921875 0.109375 0.919921875 0.18359375 0.845703125 0.18359375
0 0.6896587171052632 0.4879728618421053 0.7990337171052632 0.4879728618421053 0.7990337171052632 0.6871916118421053 0.6896587171052632 0.6871916118421053
0 0.03515625 0.171875 0.146484375 0.171875 0.146484375 0.3671875 0.03515625 0.3671875
0 0.75 0.783203125 0.75 0.69140625 0.79296875 0.69140625 0.79296875 0.783203125
0 0.05489309210526319 0.938939144736842 0.048725328947368446 0.9934210526315789 0 0.9957413063909774 0 0.933799342105263
0 0.37109375 0.029296875 0.369140625 0 0.27734375 0 0.27734375 0.029296875 0.37109375 0.029296875
0 0.56640625 1 0.56640625 0.974609375 0.388671875 0.974609375 0.388671875 0.998046875 0.56640625 1