0 0.21875 0.59765625 0.21484375 0.85546875 0.259765625 0.857421875 0.26171875 0.599609375
0 0.044921875 0.8515625 0.1015625 0.8515625 0.103515625 0.599609375 0.048828125 0.599609375
0 0.330078125 0.564453125 0.287109375 0.564453125 0.287109375 0.64453125 0.330078125 0.64453125
0 0.80078125 0.048828125 0.798828125 0.0625 0.724609375 0.05078125 0.716796875 0.103515625 0.791015625 0.11328125 0.79296875 0.095703125 0.86328125 0.10546875 0.87109375 0.05859375
0 0.779296875 0.259765625 0.775390625 0.2734375 0.703125 0.263671875 0.6953125 0.314453125 0.76953125 0.32421875 0.771484375 0.306640625 0.841796875 0.31640625 0.849609375 0.26953125
0 0.134765625 0.119140625 0.134765625 0.150390625 0.06640625 0.150390625 0.06640625 0.208984375 0.1328125 0.208984375 0.134765625 0.173828125 0.34375 0.17578125 0.34375 0.119140625
0 0.140625 0.279296875 0.140625 0.3125 0.060546875 0.310546875 0.060546875 0.3671875 0.138671875 0.3671875 0.138671875 0.3359375 0.333984375 0.337890625 0.3359375 0.28125
0 0.3671875 0.29296875 0.654296875 0.29296875 0.654296875 0.2421875 0.3671875 0.244140625
0 0.384765625 0.091796875 0.44140625 0.091796875 0.44140625 0.017578125 0.384765625 0.017578125
0 0.37109375 0.5078125 0.6171875 0.50390625 0.615234375 0.4453125 0.369140625 0.44921875
0 0.138671875 0.501953125 0.337890625 0.49609375 0.3359375 0.451171875 0.13671875 0.45703125 0.13671875 0.4765625 0.068359375 0.478515625 0.0703125 0.52734375 0.138671875 0.525390625
0 0.390625 0.986328125 0.390625 0.984375 0.4375 0.984375 0.55078125 0.982421875 0.548828125 0.923828125 0.28125 0.9296875 0.28125 0.98828125 0.30859375 0.986328125
0 0.140625 0 0.07421875 0 0.07421875 0.03125 0.140625 0.03125
0 0.763671875 0.576171875 0.84375 0.587890625 0.927734375 0 0.8515625 0 0.84375 0.0546875 0.87109375 0.05859375 0.86328125 0.10546875 0.837890625 0.1015625 0.810546875 0.265625 0.849609375 0.26953125 0.841796875 0.31640625 0.802734375 0.310546875 0.787109375 0.40625 0.77734375 0.47265625 0.810546875 0.474609375 0.8046875 0.529296875 0.76953125 0.525390625
0 0.65625 0.52734375 0.728515625 0.53515625 0.73046875 0.521484375 0.8046875 0.529296875 0.810546875 0.474609375 0.736328125 0.466796875 0.736328125 0.474609375 0.662109375 0.466796875
0 0.3671875 0.84375 0.4765625 0.841796875 0.474609375 0.701171875 0.365234375 0.703125
0 0.455078125 0.58984375 0.408203125 0.58984375 0.41015625 0.701171875 0.455078125 0.701171875
0 0.72265625 0.708984375 0.7109375 0.779296875 0.693359375 0.775390625 0.68359375 0.83984375 0.767578125 0.853515625 0.791015625 0.720703125 0.78515625 0.71875
0 0.775390625 0.947265625 0.732421875 0.943359375 0.728515625 0.9765625 0.705078125 0.97265625 0.69921875 1 0.765625 1
0 0.109375 0.939453125 0.244140625 0.9375 0.244140625 0.884765625 0.109375 0.884765625 0.109375 0.916015625 0.056640625 0.91796875 0.056640625 1 0.109375 1
0 0.58984375 0.978515625 0.658203125 0.986328125 0.66015625 0.966796875 0.728515625 0.9765625 0.734375 0.923828125 0.66796875 0.9140625 0.666015625 0.923828125 0.59765625 0.9140625
0 0.595703125 0.759765625 0.583984375 0.82421875 0.609375 0.828125 0.607421875 0.841796875 0.65234375 0.849609375 0.65625 0.833984375 0.68359375 0.83984375 0.693359375 0.775390625
0 0.60546875 0.630859375 0.583984375 0.755859375 0.7109375 0.779296875 0.732421875 0.65234375
0 0.779296875 0.66015625 0.732421875 0.65234375 0.72265625 0.708984375 0.78515625 0.71875 0.791015625 0.685546875
0 0.517578125 0.697265625 0.560546875 0.69921875 0.564453125 0.59375 0.51953125 0.59375
0 0.6484375 0 0.6015625 0 0.6015625 0.212890625 0.6484375 0.212890625
0 0.984375 0.802734375 0.94140625 0.796875 0.921875 0.939453125 0.966796875 0.9453125 0.982421875 0.822265625
0 0.95703125 0.673828125 0.94140625 0.796875 0.984375 0.802734375 0.98828125 0.76953125 1 0.76953125 1 0.677734375
0 0.923828125 0.958984375 0.91796875 1 1 1 1 0.96875
0 0.46484375 0.4296875 0.46484375 0.3671875 0.376953125 0.3671875 0.375 0.4296875 0.46484375 0.4296875
0 0.333984375 0.4375 0.333984375 0.369140625 0.294921875 0.37109375 0.296875 0.439453125 0.333984375 0.4375