0 0.755859375 0.064453125 0.6640625 0.01171875 0.595703125 0.12890625 0.615234375 0.16796875 0.625 0.171875 0.71875 0.12890625
0 0.138671875 0.248046875 0.177734375 0.271484375 0.251953125 0.14453125 0.212890625 0.123046875
0 0.578125 0.728515625 0.861328125 0.59765625 0.83984375 0.548828125 0.5546875 0.6796875
0 0.693359375 0.94921875 0.69140625 1 0.796875 1 0.80078125 0.953125
0 0.427734375 0.982421875 0.6640625 0.873046875 0.634765625 0.80859375 0.3984375 0.91796875
0 0.3515625 0.783203125 0.376953125 0.83984375 0.560546875 0.759765625 0.53515625 0.703125
0 0.693359375 0.83203125 0.8125 0.833984375 0.8125 0.775390625 0.6953125 0.7734375
0 0.94140625 0.5078125 0.94140625 0.5546875 1 0.5546875 1 0.5078125
0 0.984375 0.6953125 0.984375 0.666015625 0.966796875 0.666015625 0.966796875 0.67578125 0.919921875 0.67578125 0.919921875 0.740234375 1 0.740234375 1 0.6953125
0 0.994140625 0.921875 0.994140625 0.939453125 0.9765625 0.9375 0.978515625 0.919921875 0.958984375 0.919921875 0.958984375 0.9296875 0.916015625 0.927734375 0.916015625 0.9921875 1 0.9921875 1 0.921875
0 0.935546875 0.740234375 0.927734375 0.9296875 0.958984375 0.9296875 0.958984375 0.919921875 0.978515625 0.919921875 0.9765625 0.9375 0.994140625 0.939453125 0.994140625 0.921875 1 0.921875 1 0.740234375
0 0.94140625 0.5546875 0.9375 0.67578125 0.966796875 0.67578125 0.966796875 0.666015625 0.984375 0.666015625 0.984375 0.6953125 1 0.6953125 1 0.5546875
0 0.1875 0 0.076171875 0 0.07421875 0.005859375 0.255859375 0.09765625 0.283203125 0.048828125
0 0.595703125 0.12890625 0.306640625 0.248046875 0.271484375 0.23046875 0.236328125 0.296875 0.265625 0.3125 0.27734375 0.296875 0.296875 0.306640625 0.615234375 0.16796875
0 0.23828125 0.294921875 0.23046875 0.291015625 0.2109375 0.326171875 0.208984375 0.330078125 0.208984375 0.333984375 0.208984375 0.337890625 0.2109375 0.341796875 0.2109375 0.34375 0.212890625 0.34765625 0.21484375 0.3515625 0.216796875 0.353515625 0.21875 0.35546875 0.22265625 0.357421875 0.2265625 0.359375 0.232421875 0.361328125 0.23828125 0.361328125 0.244140625 0.359375 0.25 0.357421875 0.294921875 0.326171875 0.265625 0.3125 0.236328125 0.296875
0 0.271484375 0.1796875 0.326171875 0.2109375 0.36328125 0.1484375 0.30859375 0.115234375
0 0.326171875 0.09765625 0.3828125 0.125 0.42578125 0.0390625 0.369140625 0.01171875
0 0.6328125 0.0625 0.658203125 0.017578125 0.625 0 0.544921875 0 0.541015625 0.009765625
0 0.037109375 0.677734375 0.390625 0.544921875 0.375 0.501953125 0.01953125 0.634765625
0 0.275390625 0.62890625 0.046875 0.701171875 0.056640625 0.736328125 0.28515625 0.662109375
0 0.34375 0.64453125 0.333984375 0.607421875 0.275390625 0.626953125 0.28515625 0.662109375 0.3203125 0.650390625
0 0.337890625 0.705078125 0.361328125 0.69921875 0.345703125 0.650390625 0.322265625 0.658203125 0.330078125 0.677734375
0 0.3203125 0.650390625 0.080078125 0.728515625 0.087890625 0.755859375 0.330078125 0.677734375 0.322265625 0.658203125
0 0.1796875 0.955078125 0.34765625 0.955078125 0.349609375 0.92578125 0.181640625 0.923828125
0 0.806640625 0.470703125 0.791015625 0.416015625 0.7109375 0.439453125 0.7265625 0.494140625
0 0.712890625 0.443359375 0.623046875 0.466796875 0.640625 0.525390625 0.728515625 0.501953125 0.7265625 0.494140625
0 0.517578125 0.53515625 0.587890625 0.51953125 0.576171875 0.46484375 0.505859375 0.482421875
0 0.431640625 0.57421875 0.494140625 0.560546875 0.48046875 0.50390625 0.41796875 0.517578125
0 0.6015625 0.583984375 0.5859375 0.53515625 0.501953125 0.5625 0.517578125 0.611328125 0.6015625 0.583984375
0 0.66015625 1 0.66015625 0.974609375 0.501953125 0.974609375 0.501953125 0.998046875 0.66015625 1