0 0.173828125 0.935546875 0.203125 0.935546875 0.203125 0.865234375 0.173828125 0.865234375
0 0.17578125 0.97265625 0.17578125 1 0.203125 1 0.203125 0.97265625
0 0.470703125 0.287109375 1 0.287109375 1 0.068359375 0.470703125 0.068359375
0 0.984375 0.349609375 0.984375 0.564453125 1 0.564453125 1 0.349609375
0 0.9140625 0.34765625 0.57421875 0.34765625 0.57421875 0.56640625 0.9140625 0.56640625
0 0.498046875 0.34375 0.498046875 0.5546875 0.5625 0.5546875 0.5625 0.34375
0 0.84375 0.880859375 0.53515625 0.880859375 0.53515625 1 0.84375 1
0 0.45703125 0.662109375 1 0.662109375 1 0.62109375 0.45703125 0.62109375
0 0.15234375 0.66796875 0.15234375 0.552734375 0 0.552734375 0 0.66796875 0.15234375 0.66796875
0 0.21484375 0.27734375 0.2109375 0.1171875 0 0.123046875 0 0.28515625 0.21484375 0.27734375
0 0.03125 0.45703125 0.03125 0.42578125 0 0.42578125 0 0.45703125 0.03125 0.45703125