0 0.8203125 0.955078125 0.888671875 0.98046875 0.900390625 0.953125 0.830078125 0.927734375
0 0.708984375 0.90234375 0.71875 0.876953125 0.66796875 0.857421875 0.658203125 0.8828125
0 0.669921875 0.85546875 0.625 0.837890625 0.615234375 0.8671875 0.658203125 0.8828125 0.66796875 0.857421875
0 0.54296875 0.802734375 0.533203125 0.826171875 0.58203125 0.84375 0.58984375 0.822265625
0 0.58984375 0.822265625 0.578125 0.8515625 0.615234375 0.8671875 0.626953125 0.8359375
0 0.541015625 0.8671875 0.49609375 0.953125 0.5234375 0.966796875 0.568359375 0.880859375
0 0.572265625 0.986328125 0.61328125 0.908203125 0.5859375 0.89453125 0.544921875 0.97265625
0 0.587890625 0.890625 0.568359375 0.880859375 0.517578125 0.974609375 0.5390625 0.984375 0.5859375 0.89453125
0 0.4765625 0.955078125 0.48828125 0.935546875 0.380859375 0.876953125 0.369140625 0.8984375
0 0.404296875 0.857421875 0.423828125 0.818359375 0.322265625 0.765625 0.30078125 0.8046875
0 0.30859375 0.865234375 0.341796875 0.8828125 0.353515625 0.857421875 0.322265625 0.83984375
0 0.412109375 0.4453125 0.361328125 0.58203125 0.43359375 0.609375 0.4453125 0.576171875 0.408203125 0.5625 0.431640625 0.498046875 0.46875 0.51171875 0.484375 0.470703125
0 0.24609375 0.59765625 0.2734375 0.5625 0.240234375 0.53515625 0.2109375 0.568359375
0 0.228515625 0.365234375 0.201171875 0.40234375 0.232421875 0.42578125 0.224609375 0.4375 0.240234375 0.447265625 0.208984375 0.486328125 0.189453125 0.470703125 0.1953125 0.46484375 0.140625 0.419921875 0.1484375 0.408203125 0.126953125 0.390625 0.078125 0.44921875 0.154296875 0.513671875 0.169921875 0.494140625 0.1796875 0.501953125 0.16015625 0.525390625 0.2109375 0.568359375 0.240234375 0.533203125 0.25390625 0.544921875 0.263671875 0.53125 0.21875 0.494140625 0.25 0.455078125 0.291015625 0.484375 0.326171875 0.435546875
0 0.76171875 0.310546875 0.69140625 0.283203125 0.669921875 0.345703125 0.740234375 0.37109375 0.76171875 0.3125
0 0.8125 0.400390625 0.87890625 0.423828125 0.900390625 0.36328125 0.8359375 0.337890625 0.814453125 0.3984375
0 0.76171875 0.3125 0.740234375 0.37109375 0.75 0.375 0.7578125 0.35546875 0.806640625 0.373046875 0.798828125 0.392578125 0.814453125 0.3984375 0.8359375 0.337890625
0 0.931640625 0.6171875 0.953125 0.625 0.98046875 0.55078125 0.958984375 0.54296875
0 0.974609375 0.646484375 0.998046875 0.65625 1 0.650390625 1 0.58984375 0.998046875 0.58984375
0 0.798828125 0.181640625 0.830078125 0.095703125 0.8125 0.08984375 0.828125 0.05078125 0.8125 0.044921875 0.8203125 0.021484375 0.76171875 0 0.599609375 0 0.564453125 0.095703125 0.677734375 0.13671875
0 0.92578125 0.359375 0.966796875 0.259765625 0.76953125 0.177734375 0.728515625 0.27734375 0.92578125 0.359375