0 0.453125 1 0.484375 1 0.404296875 0.80859375 0.37890625 0.8203125
0 0.6953125 1 0.75390625 1 0.76171875 0.978515625 0.708984375 0.9609375
0 0.8125 0.654296875 0.7265625 0.9296875 0.771484375 0.943359375 0.859375 0.66796875
0 0.775390625 0.642578125 0.7578125 0.69921875 0.76953125 0.703125 0.744140625 0.783203125 0.732421875 0.779296875 0.69140625 0.912109375 0.728515625 0.923828125 0.8125 0.654296875
0 0.634765625 0.662109375 0.611328125 0.740234375 0.744140625 0.783203125 0.76953125 0.703125 0.7578125 0.69921875
0 0.55859375 0.82421875 0.5390625 0.888671875 0.666015625 0.9296875 0.6875 0.86328125 0.654296875 0.853515625
0 0.587890625 0.732421875 0.55859375 0.82421875 0.654296875 0.853515625 0.68359375 0.763671875 0.611328125 0.740234375
0 0.591796875 0.72265625 0.439453125 0.673828125 0.43359375 0.697265625 0.369140625 0.677734375 0.353515625 0.73046875 0.568359375 0.796875 0.587890625 0.732421875
0 0.4609375 0.466796875 0.451171875 0.498046875 0.48828125 0.509765625 0.498046875 0.4765625
0 0.505859375 0.5390625 0.484375 0.53125 0.490234375 0.509765625 0.4296875 0.490234375 0.38671875 0.626953125 0.46875 0.65234375 0.474609375 0.640625
0 0.5078125 0.447265625 0.490234375 0.501953125 0.623046875 0.544921875 0.640625 0.48828125
0 0.638671875 0.943359375 0.626953125 0.984375 0.5859375 0.97265625 0.576171875 1 0.673828125 1 0.6875 0.958984375
0 0.986328125 0.90625 0.923828125 1 1 1 1 0.904296875
0 0.2890625 0.755859375 0 0.63671875 0 0.908203125 0.193359375 0.98828125 0.208984375 0.955078125
0 0.955078125 0.19921875 1 0.212890625 1 0.07421875
0 0.9140625 0.263671875 0.90234375 0.294921875 0.9140625 0.30078125 0.884765625 0.3828125 0.93359375 0.400390625 0.974609375 0.28515625
0 0.9140625 0.263671875 0.703125 0.189453125 0.685546875 0.240234375 0.89453125 0.314453125 0.90234375 0.294921875
0 0.96484375 0.03515625 0.853515625 0 0.80078125 0 0.79296875 0.03125 0.94921875 0.08203125 0.95703125 0.056640625
0 0.78125 0.125 0.763671875 0.119140625 0.796875 0.015625 0.75 0 0.703125 0.1484375 0.767578125 0.169921875 0.7734375 0.1484375
0 0.3984375 0.0078125 0.39453125 0.021484375 0.421875 0.03125 0.427734375 0.017578125 0.45703125 0.029296875 0.453125 0.041015625 0.48046875 0.05078125 0.484375 0.0390625 0.509765625 0.046875 0.505859375 0.05859375 0.533203125 0.068359375 0.537109375 0.056640625 0.564453125 0.06640625 0.560546875 0.078125 0.5859375 0.087890625 0.58984375 0.07421875 0.6171875 0.0859375 0.615234375 0.095703125 0.638671875 0.103515625 0.642578125 0.09375 0.65234375 0.09765625 0.66796875 0.05078125 0.521484375 0 0.375 0
0 0.296875 0.01953125 0.34765625 0.037109375 0.359375 0 0.302734375 0
0 0.3671875 0.103515625 0.369140625 0.099609375 0.068359375 0 0.05078125 0.0546875 0.40234375 0.169921875 0.41796875 0.119140625
0 0.427734375 0.166015625 0.63671875 0.234375 0.654296875 0.18359375 0.443359375 0.115234375
0 0.029296875 0.56640625 0.029296875 0.4921875 0 0.4921875 0 0.56640625 0.029296875 0.56640625
0 0.037109375 0.07421875 0.0390625 0 0 0 0 0.07421875 0.037109375 0.07421875