0 0 0.095703125 0 0.46484375 0.490234375 0.46875 0.4921875 0.099609375
0 0.005859375 0.568359375 0.005859375 0.7109375 0.173828125 0.712890625 0.17578125 0.568359375 0.009765625 0.568359375
0 0.01171875 0.46484375 0.009765625 0.568359375 0.17578125 0.568359375 0.17578125 0.466796875
0 0.384765625 0.4921875 0.185546875 0.490234375 0.181640625 0.716796875 0.212890625 0.716796875 0.2109375 0.75390625 0.212890625 0.75390625 0.2109375 0.857421875 0.39453125 0.859375 0.396484375 0.734375 0.380859375 0.732421875 0.3828125 0.55078125
0 0.765625 0.267578125 0.765625 0.3671875 0.8828125 0.3671875 0.884765625 0.26953125
0 0.64453125 0.1171875 0.642578125 0.267578125 0.974609375 0.26953125 0.9765625 0.119140625
0 0 0.75 0 0.908203125 0.2109375 0.912109375 0.212890625 0.75390625 0.2109375 0.75390625
0 0.3828125 0.55078125 0.380859375 0.6796875 0.537109375 0.681640625 0.53515625 0.552734375
0 0.396484375 0.6796875 0.39453125 0.908203125 0.5390625 0.91015625 0.537109375 0.681640625
0 0.658203125 0.619140625 0.65625 0.673828125 0.576171875 0.671875 0.572265625 0.91015625 0.80859375 0.9140625 0.8125 0.62109375 0.779296875 0.62109375 0.666015625 0.62109375 0.666015625 0.619140625
0 0.712890625 0.494140625 0.71484375 0.3359375 0.57421875 0.3359375 0.57421875 0.615234375 0.666015625 0.615234375 0.666015625 0.62109375 0.779296875 0.62109375 0.779296875 0.494140625
0 0.974609375 0.333984375 0.96875 0.525390625 1 0.525390625 1 0.333984375
0 0.849609375 0.572265625 0.830078125 0.869140625 1 0.876953125 1 0.580078125
0 0.78125 0.9609375 0.689453125 0.958984375 0.6875 1 0.779296875 1 0.779296875 0.998046875
0 0.96875 0.98046875 0.876953125 0.978515625 0.875 1 0.96484375 1 0.966796875 0.99609375
0 0.677734375 0.998046875 0.677734375 0.962890625 0.587890625 0.962890625 0.587890625 0.998046875 0.677734375 0.998046875
0 0.126953125 1 0.126953125 0.970703125 0.001953125 0.970703125 0.001953125 1 0.126953125 1
0 0.56640625 0.28515625 0.5703125 0.142578125 0.505859375 0.140625 0.501953125 0.283203125 0.56640625 0.28515625
0 0.5703125 1 0.5703125 0.958984375 0.48046875 0.958984375 0.48046875 1 0.5703125 1
0 0.470703125 0.998046875 0.470703125 0.955078125 0.32421875 0.955078125 0.32421875 0.998046875 0.470703125 0.998046875
0 0.5703125 0.357421875 0.5703125 0.3046875 0.505859375 0.302734375 0.505859375 0.35546875 0.5703125 0.357421875
0 0.330078125 0.998046875 0.330078125 0.970703125 0.255859375 0.970703125 0.255859375 1 0.330078125 0.998046875