0 0.935546875 0.0546875 1 0.0546875 1 0 0.935546875 0
0 0.095703125 0.857421875 0.115234375 0.798828125 0 0.76171875 0 0.826171875
0 0.15234375 0.8671875 0.369140625 0.8828125 0.373046875 0.82421875 0.15625 0.80859375
0 0.154296875 0.69140625 0.171875 0.638671875 0 0.5859375 0 0.642578125
0 0.1796875 0.6953125 0.388671875 0.728515625 0.396484375 0.67578125 0.1875 0.642578125
0 0.654296875 0.787109375 0.578125 0.802734375 0.603515625 0.9296875 0.6796875 0.9140625
0 0.6796875 0.9140625 0.603515625 0.9296875 0.6171875 1 0.697265625 1
0 0.44921875 0.7265625 0.458984375 0.7734375 0.48828125 0.767578125 0.490234375 0.77734375 0.515625 0.771484375 0.517578125 0.779296875 0.5390625 0.775390625 0.54296875 0.7890625 0.568359375 0.783203125 0.5703125 0.794921875 0.6015625 0.7890625 0.591796875 0.74609375 0.5625 0.751953125 0.55859375 0.734375 0.533203125 0.740234375 0.53125 0.73046875 0.5078125 0.734375 0.505859375 0.72265625 0.48046875 0.728515625 0.478515625 0.720703125
0 0.244140625 0.2421875 0.455078125 0.232421875 0.453125 0.181640625 0.2421875 0.193359375
0 0.203125 0 0.056640625 0 0 0.001953125 0 0.05859375 0.205078125 0.05078125
0 0.203125 0.1328125 0 0.142578125 0 0.193359375 0.20703125 0.185546875
0 0.236328125 0.123046875 0.435546875 0.11328125 0.43359375 0.0625 0.232421875 0.072265625
0 0.5 0.896484375 0.501953125 0.78515625 0.4375 0.78515625 0.435546875 0.89453125 0.5 0.896484375
0 0.0390625 0.927734375 0.0390625 0.875 0 0.875 0 0.927734375 0.0390625 0.927734375
0 0.75390625 0.89453125 0.75 0.8046875 0.712890625 0.806640625 0.716796875 0.896484375 0.75390625 0.89453125
0 0.294921875 0.0625 0.29296875 0.00390625 0.21875 0.00390625 0.21875 0.0625 0.294921875 0.0625