0 0.279296875 0.98828125 0.279296875 1 0.50390625 1 0.50390625 0.98828125
0 0.013671875 0.658203125 0.025390625 0.6640625 0.037109375 0.638671875 0 0.62109375 0 0.69140625 0.001953125 0.6875
0 0.126953125 0.55859375 0.171875 0.673828125 0.232421875 0.650390625 0.1953125 0.556640625 0.171875 0.56640625 0.162109375 0.544921875
0 0.408203125 0.544921875 0.28515625 0.490234375 0.259765625 0.544921875 0.3828125 0.599609375
0 0.525390625 0.599609375 0.50390625 0.6484375 0.6171875 0.703125 0.640625 0.654296875
0 0.525390625 0.599609375 0.408203125 0.544921875 0.3828125 0.599609375 0.65234375 0.724609375 0.67578125 0.669921875 0.640625 0.654296875 0.6171875 0.703125 0.50390625 0.6484375
0 0.25 0.474609375 0.224609375 0.529296875 0.259765625 0.544921875 0.28515625 0.490234375
0 0.70703125 0.734375 0.74609375 0.751953125 0.759765625 0.7265625 0.845703125 0.767578125 0.859375 0.73828125 0.732421875 0.6796875
0 0.759765625 0.7265625 0.74609375 0.751953125 0.751953125 0.755859375 0.736328125 0.791015625 0.7421875 0.794921875 0.732421875 0.81640625 0.79296875 0.84375 0.80078125 0.828125 0.806640625 0.83203125 0.82421875 0.794921875 0.83203125 0.798828125 0.845703125 0.767578125
0 0.263671875 0.74609375 0.25390625 0.779296875 0.2578125 0.779296875 0.24609375 0.8125 0.255859375 0.81640625 0.24609375 0.83984375 0.306640625 0.861328125 0.314453125 0.8359375 0.322265625 0.83984375 0.333984375 0.8046875 0.33984375 0.80859375 0.3515625 0.77734375
0 0.048828125 0.794921875 0.0390625 0.826171875 0.05078125 0.830078125 0.0390625 0.865234375 0.048828125 0.8671875 0.041015625 0.890625 0.1015625 0.912109375 0.109375 0.888671875 0.115234375 0.890625 0.126953125 0.857421875 0.142578125 0.861328125 0.154296875 0.830078125
0 0.810546875 0.03125 0.81640625 0 0.6640625 0
0 0.865234375 0.041015625 1 0.05859375 1 0 0.869140625 0
0 0.919921875 0.33984375 1 0.376953125 1 0.306640625 0.947265625 0.283203125
0 0.53515625 0.162109375 0.73828125 0.25390625 0.763671875 0.197265625 0.560546875 0.10546875 0.5390625 0.15625
0 0.447265625 0.0390625 0.51171875 0.16796875 0.5390625 0.15625 0.552734375 0.125 0.517578125 0.0546875 0.505859375 0.060546875 0.486328125 0.01953125
0 0 0.58203125 0 0.62109375 0.037109375 0.638671875 0.025390625 0.6640625 0.013671875 0.658203125 0.001953125 0.6875 0.03515625 0.6953125 0.07421875 0.6875 0.05078125 0.578125
0 0.771484375 0.375 0.88671875 0.3828125 0.89453125 0.291015625 0.77734375 0.28125
0 0.35546875 0.052734375 0.369140625 0 0.328125 0 0.314453125 0.04296875 0.35546875 0.052734375
0 0.72265625 0.12109375 0.732421875 0.0859375 0.638671875 0.0625 0.62890625 0.09765625 0.72265625 0.12109375
0 0.77734375 0.591796875 0.791015625 0.5625 0.70703125 0.525390625 0.693359375 0.5546875 0.77734375 0.591796875