0 0.994140625 0 0.712890625 0 0.7890625 0.7109375 1 0.6875 1 0.044921875
0 0.01953125 0.1171875 0 0.109375 0 0.171875 0.015625 0.130859375
0 0.00390625 0.1796875 0 0.189453125 0 0.28515625 0.01171875 0.2890625 0.044921875 0.1953125
0 0.015625 0.130859375 0 0.171875 0 0.177734375 0.044921875 0.1953125 0.060546875 0.146484375
0 0.0625 0.19140625 0.107421875 0.208984375 0.12109375 0.171875 0.078125 0.154296875
0 0.06640625 0.2890625 0.099609375 0.2890625 0.099609375 0.240234375 0.06640625 0.240234375
0 0.11328125 0.28515625 0.14453125 0.283203125 0.140625 0.236328125 0.109375 0.23828125
0 0.0390625 0.23046875 0.025390625 0.259765625 0.048828125 0.263671875 0.05078125 0.234375 0.05078125 0.228515625 0.048828125 0.23046875
0 0.087890625 0.228515625 0.08984375 0.212890625 0.052734375 0.197265625 0.05078125 0.201171875 0.0390625 0.23046875 0.048828125 0.23046875
0 0.123046875 0.021484375 0.130859375 0 0.076171875 0
0 0.07421875 0 0.064453125 0 0.05078125 0.029296875 0.0859375 0.044921875 0.099609375 0.01171875
0 0.09375 0.1171875 0.11328125 0.072265625 0.078125 0.05859375 0.05859375 0.1015625
0 0.044921875 0.04296875 0.025390625 0.0859375 0.05859375 0.1015625 0.078125 0.05859375
0 0.048828125 0.55078125 0.02734375 0.52734375 0 0.55078125 0 0.564453125
0 0.033203125 0.529296875 0.048828125 0.541015625 0.064453125 0.54296875 0.078125 0.537109375 0.087890625 0.529296875 0.091796875 0.521484375 0.095703125 0.51171875 0.095703125 0.50390625 0.095703125 0.5 0.095703125 0.49609375 0.087890625 0.484375 0.080078125 0.4765625 0.060546875 0.470703125 0.052734375 0.470703125 0.0390625 0.4765625 0.033203125 0.484375 0.025390625 0.49609375 0.025390625 0.51171875
0 0 0.8046875 0 0.896484375 0.02734375 0.908203125 0.04296875 0.87109375 0.0390625 0.87109375 0.046875 0.85546875 0.046875 0.873046875 0.09765625 0.869140625 0.09375 0.826171875 0.044921875 0.830078125 0.01171875 0.81640625
0 0.34765625 0.80078125 0.501953125 0.783203125 0.494140625 0.724609375 0.341796875 0.744140625
0 0.205078125 0.822265625 0.306640625 0.806640625 0.298828125 0.75 0.197265625 0.765625
0 0.224609375 0.66015625 0.33203125 0.6484375 0.326171875 0.599609375 0.21875 0.609375
0 0.34765625 0.6484375 0.50390625 0.623046875 0.494140625 0.56640625 0.337890625 0.58984375
0 0.556640625 0.744140625 0.6171875 0.732421875 0.5859375 0.546875 0.525390625 0.556640625
0 0.185546875 0.533203125 0.490234375 0.515625 0.486328125 0.439453125 0.1796875 0.45703125
0 0.06640625 0.609375 0.017578125 0.61328125 0 0.61328125 0 0.693359375 0.083984375 0.693359375 0.083984375 0.640625 0.080078125 0.642578125 0.06640625 0.61328125
0 0.154296875 0.552734375 0.12109375 0.52734375 0.08984375 0.5703125 0.015625 0.57421875 0.017578125 0.61328125 0.06640625 0.609375 0.080078125 0.642578125 0.138671875 0.619140625 0.126953125 0.58984375
0 0.595703125 0.544921875 0.5859375 0.546875 0.6171875 0.732421875 0.556640625 0.744140625 0.5703125 0.8203125 0.640625 0.80859375
0 0.466796875 0.24609375 0.591796875 0.23046875 0.587890625 0.19921875 0.462890625 0.21484375
0 0.599609375 0.291015625 0.619140625 0.287109375 0.607421875 0.197265625 0.587890625 0.19921875 0.595703125 0.265625
0 0.50390625 0.248046875 0.5078125 0.275390625 0.595703125 0.265625 0.591796875 0.23828125
0 0.447265625 0.21484375 0.263671875 0.23046875 0.267578125 0.265625 0.451171875 0.25
0 0.38671875 0.287109375 0.4765625 0.279296875 0.474609375 0.248046875 0.384765625 0.255859375
0 0.671875 0.853515625 0.6484375 0.857421875 0.66015625 0.923828125 0.68359375 0.919921875
0 0.693359375 0.91796875 0.66015625 0.923828125 0.673828125 0.990234375 0.68359375 1 0.70703125 1
0 0.625 0.91796875 0.6328125 0.984375 0.642578125 0.982421875 0.63671875 0.91796875
0 0.673828125 0.990234375 0.6640625 1 0.68359375 1
0 0.3984375 0.984375 0.39453125 0.947265625 0.291015625 0.958984375 0.294921875 0.99609375 0.314453125 0.9921875 0.314453125 1 0.376953125 1 0.376953125 0.986328125
0 0.546875 0.9296875 0.48046875 0.935546875 0.486328125 1 0.552734375 1
0 0.58203125 0.876953125 0.4765625 0.884765625 0.48046875 0.935546875 0.546875 0.9296875 0.552734375 1 0.591796875 1
0 0.029296875 0.037109375 0.029296875 0 0 0 0 0.037109375 0.029296875 0.037109375
0 0.1640625 0.998046875 0.1640625 0.966796875 0.0859375 0.966796875 0.0859375 1 0.1640625 0.998046875