0 0.224609375 0.43359375 0.26953125 0.439453125 0.2734375 0.412109375 0.228515625 0.40625
0 0.224609375 0.43359375 0.23046875 0.388671875 0.060546875 0.3671875 0.037109375 0.55078125 0.283203125 0.583984375 0.30078125 0.443359375
0 0.23828125 0.736328125 0.33203125 0.748046875 0.33984375 0.689453125 0.24609375 0.677734375 0.240234375 0.724609375
0 0.119140625 0.66015625 0.126953125 0.60546875 0.060546875 0.595703125 0.046875 0.69921875 0.240234375 0.724609375 0.24609375 0.677734375
0 0.013671875 0.65234375 0.001953125 0.740234375 0.115234375 0.755859375 0.12109375 0.708984375 0.046875 0.69921875 0.052734375 0.65625
0 0.66015625 0.82421875 0.666015625 0.77734375 0.603515625 0.767578125 0.60546875 0.75 0.486328125 0.734375 0.4921875 0.689453125 0.423828125 0.6796875 0.408203125 0.79296875
0 0.31640625 0.7734375 0.34765625 0.794921875 0.3828125 0.748046875 0.3515625 0.724609375
0 0.234375 0.966796875 0.228515625 1 0.326171875 1 0.330078125 0.98046875 0.259765625 0.970703125
0 0.267578125 0.90234375 0.259765625 0.970703125 0.330078125 0.98046875 0.337890625 0.912109375
0 0.23828125 0.9375 0.234375 0.966796875 0.259765625 0.970703125 0.263671875 0.94140625
0 0.109375 0.94140625 0.115234375 0.90625 0.03515625 0.896484375 0.03125 0.931640625
0 0.18359375 0.92578125 0.18359375 0.916015625 0.146484375 0.91015625 0.140625 0.9453125 0.203125 0.955078125 0.20703125 0.9296875
0 0 0.849609375 0 1 0.01171875 1 0.033203125 0.853515625
0 0.021484375 0.9296875 0.013671875 0.994140625 0.056640625 1 0.228515625 1 0.234375 0.958984375 0.03125 0.931640625
0 0.365234375 1 0.470703125 1 0.369140625 0.986328125
0 0.333984375 0.9453125 0.326171875 1 0.365234375 1 0.373046875 0.94921875
0 0.60546875 0.994140625 0.56640625 0.98828125 0.564453125 1 0.603515625 1
0 0.57421875 0.91796875 0.380859375 0.892578125 0.369140625 0.986328125 0.47265625 1 0.564453125 1 0.56640625 0.98828125
0 0.75390625 0.9609375 0.615234375 0.943359375 0.607421875 1 0.748046875 1
0 0.78515625 0.73046875 0.75 0.767578125 0.818359375 0.833984375 0.853515625 0.794921875
0 0.853515625 0.794921875 0.830078125 0.822265625 0.94921875 0.9375 0.974609375 0.91015625
0 0.986328125 0.8984375 0.927734375 0.9609375 0.966796875 1 1 1 1 0.91015625
0 0.7578125 0.75390625 0.7890625 0.71875 0.75 0.685546875 0.71875 0.720703125
0 0.3828125 0.740234375 0.423828125 0.671875 0.392578125 0.65234375 0.3515625 0.720703125
0 0.705078125 0.869140625 0.736328125 0.8359375 0.705078125 0.806640625 0.673828125 0.841796875
0 0.3671875 0.6953125 0.38671875 0.6484375 0.34375 0.630859375 0.32421875 0.677734375
0 0.70703125 0.6875 0.732421875 0.66015625 0.689453125 0.625 0.666015625 0.65234375
0 0.818359375 1 0.818359375 0.97265625 0.751953125 0.974609375 0.751953125 1
0 0.029296875 0.34765625 0.0390625 0.259765625 0.001953125 0.25390625 0 0.34375
0 0.296875 0.845703125 0.298828125 0.818359375 0.248046875 0.814453125 0.24609375 0.841796875
0 0.396484375 0.861328125 0.3984375 0.833984375 0.296875 0.8203125 0.29296875 0.84765625
0 0.0390625 0.234375 0.041015625 0.203125 0 0.201171875 0 0.23046875