0 0 0.18359375 0 0.248046875 0.029296875 0.248046875 0.029296875 0.251953125 0.091796875 0.25390625 0.09375 0.2421875 0.115234375 0.2421875 0.115234375 0.185546875
0 0.42578125 0.23828125 0.42578125 0.18359375 0.203125 0.18359375 0.203125 0.244140625 0.23046875 0.244140625 0.23046875 0.25390625 0.28125 0.25390625 0.28125 0.2421875 0.337890625 0.2421875 0.337890625 0.25390625 0.3984375 0.25390625 0.3984375 0.23828125
0 0.74609375 0.041015625 0.779296875 0.041015625 0.779296875 0.048828125 1 0.048828125 1 0 0.74609375 0
0 0.748046875 0.1796875 0.748046875 0.234375 0.78125 0.234375 0.78125 0.244140625 0.865234375 0.244140625 0.865234375 0.234375 0.921875 0.234375 0.921875 0.244140625 1 0.244140625 1 0.1796875
0 0.046875 0.4765625 0 0.4765625 0 0.5234375 0.046875 0.5234375
0 0.04296875 0.697265625 0 0.6953125 0 0.83203125 0.041015625 0.833984375 0.041015625 0.767578125
0 0.056640625 0.833984375 0.056640625 0.767578125 0.041015625 0.767578125 0.041015625 0.833984375
0 0.056640625 0.880859375 0.091796875 0.880859375 0.09375 0.767578125 0.056640625 0.767578125
0 0.43359375 0.576171875 0.45703125 0.576171875 0.45703125 0.560546875 0.43359375 0.560546875
0 0.470703125 0.560546875 0.470703125 0.552734375 0.44921875 0.552734375 0.44921875 0.560546875 0.45703125 0.560546875
0 0.322265625 0.640625 0.322265625 0.673828125 0.275390625 0.673828125 0.275390625 0.640625 0.1796875 0.642578125 0.1796875 0.666015625 0.162109375 0.666015625 0.162109375 0.71875 0.41796875 0.71875 0.41796875 0.640625
0 0.755859375 0.4375 0.755859375 0.482421875 0.77734375 0.482421875 0.775390625 0.5390625 0.857421875 0.5390625 0.857421875 0.48828125 0.87890625 0.48828125 0.87890625 0.439453125
0 0.91796875 0.439453125 0.91796875 0.482421875 0.93359375 0.482421875 0.93359375 0.529296875 1 0.529296875 1 0.439453125
0 0.7890625 0.66015625 0.787109375 0.60546875 0.736328125 0.607421875 0.73828125 0.662109375 0.775390625 0.662109375
0 0.775390625 0.662109375 0.724609375 0.662109375 0.724609375 0.685546875 0.77734375 0.68359375
0 0.783203125 0.68359375 0.73046875 0.685546875 0.73046875 0.705078125 0.78515625 0.703125
0 0.85546875 0.734375 0.85546875 0.701171875 0.744140625 0.703125 0.744140625 0.73828125 0.77734375 0.73828125 0.77734375 0.744140625 0.763671875 0.744140625 0.765625 0.787109375 0.837890625 0.78515625 0.8359375 0.736328125
0 0.857421875 0.998046875 0.857421875 0.955078125 0.7421875 0.95703125 0.7421875 0.998046875 0.76171875 0.998046875 0.76171875 1 0.83984375 1 0.83984375 0.998046875
0 0 0.5234375 0 0.5625 0.0234375 0.5625 0.0234375 0.5703125 0.033203125 0.5703125 0.033203125 0.611328125 0.095703125 0.611328125 0.095703125 0.5703125 0.130859375 0.5703125 0.130859375 0.57421875 0.146484375 0.57421875 0.146484375 0.537109375 0.12890625 0.537109375 0.12890625 0.5234375
0 0.177734375 0.44140625 0.177734375 0.46875 0.1640625 0.46875 0.162109375 0.51171875 0.435546875 0.513671875 0.435546875 0.46875 0.41796875 0.46875 0.41796875 0.443359375 0.32421875 0.443359375 0.322265625 0.46875 0.28125 0.46875 0.28125 0.443359375
0 0.498046875 0.57421875 0.498046875 0.720703125 0.521484375 0.720703125 0.521484375 0.57421875