0 0.6015625 1 0.61328125 1 0.84375 0.919921875 0.822265625 0.86328125 0.583984375 0.9453125
0 0.880859375 0.771484375 0.5625 0.880859375 0.583984375 0.9453125 0.822265625 0.86328125 0.84375 0.919921875 0.912109375 0.896484375 0.896484375 0.837890625
0 0.08203125 0.078125 0.322265625 0 0.134765625 0 0.0625 0.0234375
0 0.166015625 0.412109375 0.431640625 0.32421875 0.4140625 0.26953125 0.146484375 0.357421875
0 0.453125 0.314453125 0.755859375 0.21875 0.736328125 0.162109375 0.435546875 0.2578125
0 0.07421875 0.26171875 0.419921875 0.150390625 0.400390625 0.08984375 0.0546875 0.201171875
0 0.458984375 0.12890625 0.708984375 0.048828125 0.69140625 0 0.6640625 0 0.44140625 0.0703125
0 0.2265625 0.576171875 0.474609375 0.486328125 0.45703125 0.435546875 0.208984375 0.525390625
0 0.49609375 0.46875 0.75 0.384765625 0.734375 0.341796875 0.482421875 0.423828125
0 0.8125 0.369140625 1 0.3046875 1 0.25 0.796875 0.3203125
0 0.966796875 0.130859375 0.99609375 0.2109375 1 0.208984375 1 0.119140625
0 1 0.119140625 1 0.056640625 0.787109375 0.1328125 0.806640625 0.1875 0.966796875 0.130859375
0 0.0546875 0.6328125 0.0390625 0.58203125 0 0.59375 0 0.6484375
0 0.04296875 0.50390625 0.04296875 0.39453125 0 0.39453125 0 0.50390625 0.04296875 0.50390625
0 0.919921875 0.05078125 0.921875 0 0.740234375 0 0.740234375 0.05078125 0.919921875 0.05078125
0 0.998046875 0.92578125 1 0.80078125 0.962890625 0.80078125 0.9609375 0.92578125 0.998046875 0.92578125