0 0.40234375 0.001953125 0.48046875 0.349609375 0.56640625 0.330078125 0.4921875 0 0.41015625 0
0 0.927734375 0.009765625 0.943359375 0.0703125 1 0.0546875 1 0 0.970703125 0
0 0.94140625 0.58984375 1 0.576171875 1 0.568359375 0.99609375 0.552734375 0.935546875 0.56640625
0 0.927734375 0.5234375 0.970703125 0.517578125 0.95703125 0.447265625 0.916015625 0.455078125
0 0.974609375 0.451171875 0.982421875 0.490234375 1 0.486328125 1 0.45703125 0.998046875 0.447265625
0 0.890625 0.82421875 0.93359375 0.826171875 0.935546875 0.79296875 0.890625 0.79296875
0 0.865234375 0.806640625 0.884765625 0.80859375 0.88671875 0.79296875 0.8671875 0.791015625
0 0.96484375 0.787109375 0.9765625 0.78515625 0.974609375 0.76171875 0.9609375 0.76171875
0 0.96875 0.826171875 0.986328125 0.82421875 0.984375 0.814453125 0.96875 0.81640625
0 0.984375 0.814453125 0.984375 0.796875 0.958984375 0.796875 0.958984375 0.81640625 0.96875 0.81640625
0 0.373046875 0.142578125 0.35546875 0.09375 0.3203125 0.107421875 0.33984375 0.154296875 0.373046875 0.142578125
0 0.32421875 0.681640625 0.30859375 0.646484375 0.2734375 0.6640625 0.2890625 0.69921875 0.32421875 0.681640625
0 0.123046875 0.08984375 0.107421875 0.041015625 0 0.07421875 0.013671875 0.123046875 0.123046875 0.08984375