0 0.212890625 0.904296875 0.232421875 0.8984375 0.2265625 0.87890625 0.208984375 0.884765625
0 0.255859375 0.76171875 0.267578125 0.8203125 0.291015625 0.81640625 0.2890625 0.806640625 0.337890625 0.796875 0.33984375 0.8046875 0.369140625 0.798828125 0.357421875 0.740234375
0 0.220703125 0.62109375 0.275390625 0.609375 0.271484375 0.58984375 0.21484375 0.6015625
0 0.142578125 0.65625 0.169921875 0.650390625 0.16015625 0.6015625 0.1328125 0.607421875
0 0.146484375 0.673828125 0.173828125 0.666015625 0.171875 0.658203125 0.14453125 0.666015625
0 0.15625 0.701171875 0.1796875 0.6953125 0.173828125 0.673828125 0.150390625 0.681640625
0 0.166015625 0.765625 0.193359375 0.759765625 0.1875 0.736328125 0.16015625 0.744140625
0 0.177734375 0.703125 0.15234375 0.7109375 0.16015625 0.744140625 0.185546875 0.73828125
0 0.50390625 0.646484375 0.525390625 0.640625 0.51171875 0.583984375 0.48828125 0.591796875
0 0.4375 0.54296875 0.474609375 0.53515625 0.470703125 0.517578125 0.435546875 0.52734375
0 0.404296875 0.55078125 0.42578125 0.544921875 0.421875 0.533203125 0.400390625 0.537109375
0 0.69140625 0.73828125 0.744140625 0.72265625 0.740234375 0.708984375 0.6875 0.724609375
0 0.681640625 0.708984375 0.619140625 0.728515625 0.626953125 0.755859375 0.69140625 0.73828125
0 0.642578125 0.642578125 0.587890625 0.65234375 0.591796875 0.669921875 0.64453125 0.66015625
0 0.6875 0.654296875 0.72265625 0.6484375 0.716796875 0.626953125 0.68359375 0.6328125 0.6875 0.65234375
0 0.68359375 0.6328125 0.642578125 0.642578125 0.64453125 0.66015625 0.6875 0.65234375
0 0.73828125 0.68359375 0.783203125 0.673828125 0.771484375 0.625 0.7265625 0.634765625
0 0.796875 1 0.810546875 1 0.837890625 0.9921875 0.833984375 0.978515625 0.794921875 0.9921875
0 0.640625 0.91796875 0.626953125 0.880859375 0.470703125 0.9375 0.484375 0.97265625
0 0.681640625 0.8984375 0.703125 0.953125 0.740234375 0.939453125 0.75390625 0.978515625 0.798828125 0.9609375 0.765625 0.8671875
0 0.751953125 0.80859375 0.734375 0.755859375 0.4375 0.861328125 0.455078125 0.912109375 0.751953125 0.80859375