0 0.2421875 0.333984375 0 0.212890625 0 0.73046875 0.0390625 0.75 0.109375 0.60546875
0 0.37890625 0.42578125 0.3203125 0.400390625 0.134765625 0.80859375 0.16796875 0.822265625 0.134765625 0.896484375 0.1015625 0.880859375 0.046875 1 0.5 1 0.509765625 0.98046875 0.546875 0.99609375 0.732421875 0.587890625 0.671875 0.560546875 0.6640625 0.578125 0.37109375 0.4453125
0 0.142578125 0.544921875 0.115234375 0.599609375 0.208984375 0.64453125 0.234375 0.58984375
0 0.822265625 0 0.685546875 0 0.703125 0.046875 0.7890625 0.013671875
0 1 0.5703125 1 0.4765625 0.8671875 0.376953125 0.822265625 0.435546875
0 0.830078125 0.322265625 0.830078125 0.271484375 0.767578125 0.271484375 0.765625 0.36328125 0.8359375 0.416015625 0.880859375 0.359375
0 0.982421875 0.240234375 0.904296875 0.3515625 0.958984375 0.388671875 1 0.326171875 1 0.314453125 0.99609375 0.3125 1 0.306640625 1 0.251953125
0 0.24609375 0.087890625 0.220703125 0.138671875 0.39453125 0.228515625 0.453125 0.259765625 0.66796875 0.1953125 0.65234375 0.140625 0.458984375 0.19921875 0.419921875 0.177734375
0 0.583984375 0 0.51953125 0 0.361328125 0.048828125 0.37890625 0.107421875 0.59765625 0.041015625
0 0.76171875 0.1015625 0.822265625 0.197265625 0.94921875 0.115234375 0.90625 0.048828125 0.865234375 0.076171875 0.845703125 0.046875
0 0.830078125 0.041015625 0.748046875 0.0625 0.740234375 0.068359375 0.76171875 0.1015625 0.837890625 0.052734375
0 0.728515625 0.224609375 0.783203125 0.203125 0.744140625 0.10546875 0.69140625 0.126953125
0 0.875 0.232421875 0.96875 0.19140625 0.955078125 0.162109375 0.86328125 0.201171875
0 0.30859375 0.0859375 0.30859375 0 0 0 0 0.08984375 0.30859375 0.0859375
0 1 0.0625 0.99609375 0 0.927734375 0 0.935546875 0.0703125 1 0.0625
0 0.837890625 0.85546875 0.935546875 0.7109375 0.880859375 0.673828125 0.783203125 0.818359375 0.837890625 0.85546875