0 0.716796875 0.1484375 0.71484375 0.328125 0.8125 0.328125 0.814453125 0.1484375
0 0.8125 0.359375 0.921875 0.361328125 0.923828125 0.12109375 0.837890625 0.12109375 0.837890625 0.1484375 0.814453125 0.1484375 0.8125 0.328125
0 0.068359375 0.048828125 0.068359375 0.001953125 0 0.001953125 0 0.048828125
0 0.1015625 0.1875 0.146484375 0.189453125 0.1484375 0 0.1015625 0
0 0.16015625 0.96875 0.123046875 0.986328125 0.12890625 1 0.171875 1
0 0.21484375 0.951171875 0.4921875 0.810546875 0.46484375 0.7578125 0.1875 0.900390625
0 0.236328125 1 0.353515625 1 0.505859375 0.92578125 0.482421875 0.875 0.234375 0.99609375
0 0.125 0.939453125 0 0.994140625 0 1 0.091796875 1 0.140625 0.978515625
0 0.62109375 0.712890625 0.6171875 0.705078125 0.611328125 0.697265625 0.60546875 0.69140625 0.59765625 0.6875 0.587890625 0.685546875 0.580078125 0.68359375 0.5703125 0.68359375 0.5625 0.68359375 0.474609375 0.72265625 0.501953125 0.787109375 0.52734375 0.775390625 0.53515625 0.79296875 0.55859375 0.775390625 0.55859375 0.818359375 0.625 0.818359375 0.625 0.716796875
0 0.365234375 0 0.22265625 0 0.224609375 0.037109375 0.3671875 0.029296875
0 0.216796875 0.19140625 0.36328125 0.185546875 0.361328125 0.126953125 0.21484375 0.1328125
0 0.53515625 0.427734375 0.646484375 0.42578125 0.64453125 0.3203125 0.533203125 0.322265625
0 0.77734375 0.828125 0.72265625 0.828125 0.724609375 1 0.779296875 1
0 0.98828125 0.716796875 0.98828125 0.705078125 0.94921875 0.705078125 0.94921875 0.716796875 0.923828125 0.71875 0.923828125 0.70703125 0.900390625 0.70703125 0.90234375 0.779296875 1 0.775390625 1 0.71484375
0 0.966796875 0.87890625 0.966796875 0.869140625 0.919921875 0.87109375 0.919921875 0.8828125 0.904296875 0.8828125 0.904296875 0.87109375 0.876953125 0.873046875 0.880859375 0.9453125 1 0.939453125 1 0.876953125
0 0.533203125 0.5546875 0.533203125 0.552734375 0.53515625 0.548828125 0.533203125 0.546875 0.533203125 0.544921875 0.53125 0.541015625 0.53125 0.5390625 0.529296875 0.537109375 0.525390625 0.537109375 0.5234375 0.53515625 0.298828125 0.509765625 0.28125 0.59375 0.3203125 0.6640625 0.533203125 0.55859375
0 0.833984375 0.576171875 0.86328125 0.634765625 1 0.564453125 1 0.4921875
0 0.80078125 0.6171875 0.841796875 0.59375 0.814453125 0.5390625 0.748046875 0.56640625 0.732421875 0.6171875 0.697265625 0.65625 0.69921875 0.734375 0.76171875 0.7421875 0.77734375 0.69140625 0.8046875 0.70703125 0.833984375 0.658203125
0 0.62890625 0.900390625 0.583984375 0.900390625 0.583984375 1 0.630859375 1
0 0.775390625 0 0.7265625 0 0.7265625 0.078125 0.775390625 0.080078125 0.775390625 0.00390625
0 0.9375 0.228515625 0.943359375 0.28125 1 0.275390625 1 0.220703125
0 0.052734375 0.361328125 0.068359375 0.21484375 0.029296875 0.2109375 0.013671875 0.357421875
0 0.25390625 0.671875 0.224609375 0.626953125 0 0.740234375 0 0.806640625
0 0.033203125 0.564453125 0.03515625 0.501953125 0 0.498046875 0 0.5625
0 0.064453125 0.56640625 0.2421875 0.583984375 0.248046875 0.53125 0.0703125 0.51171875
0 0.40625 0.19921875 0.458984375 0.197265625 0.44921875 0 0.3984375 0
0 0.482421875 0.25390625 0.6484375 0.25390625 0.6484375 0.177734375 0.482421875 0.177734375
0 0.279296875 0.31640625 0.115234375 0.3203125 0.1171875 0.3671875 0.279296875 0.36328125
0 0.169921875 0.318359375 0.16796875 0.22265625 0.115234375 0.224609375 0.115234375 0.3203125
0 0.517578125 0.3359375 0.279296875 0.33984375 0.28125 0.38671875 0.51953125 0.3828125
0 0.359375 0.125 0.357421875 0.07421875 0.22265625 0.078125 0.22265625 0.12890625 0.359375 0.125
0 0.998046875 0.998046875 0.998046875 0.96875 0.9140625 0.96875 0.9140625 1 0.998046875 0.998046875
0 0.048828125 0.662109375 0.046875 0.599609375 0 0.6015625 0 0.6640625 0.048828125 0.662109375