0 0.5625 0.876953125 0.498046875 0.978515625 0.53125 1 0.541015625 1 0.57421875 0.94921875 0.654296875 1 0.759765625 1 0.603515625 0.90234375
0 0.900390625 0.28125 0.935546875 0.306640625 0.98046875 0.2421875 0.9453125 0.216796875
0 0.955078125 0.2890625 1 0.318359375 1 0.2578125 0.982421875 0.248046875
0 0.859375 0.400390625 1 0.49609375 1 0.42578125 0.890625 0.353515625
0 0.896484375 0.345703125 0.859375 0.3203125 0.73046875 0.509765625 0.767578125 0.53515625 0.775390625 0.525390625
0 0.349609375 0.578125 0.328125 0.609375 0.38671875 0.65234375 0.41015625 0.62109375
0 0.35546875 0.47265625 0.328125 0.509765625 0.548828125 0.66796875 0.57421875 0.630859375
0 0.375 0.775390625 0.345703125 0.81640625 0.455078125 0.896484375 0.484375 0.85546875
0 0.26171875 0.69140625 0.23046875 0.732421875 0.345703125 0.81640625 0.375 0.775390625
0 0.314453125 1 0.408203125 1 0.208984375 0.8671875 0.1796875 0.91015625
0 0.240234375 0.818359375 0.201171875 0.79296875 0.134765625 0.89453125 0.173828125 0.919921875 0.1796875 0.91015625
0 0.146484375 0.955078125 0.099609375 0.923828125 0.046875 1 0.115234375 1 0.119140625 0.994140625
0 0.791015625 0.27734375 0.853515625 0.181640625 0.890625 0.06640625 0.73046875 0 0.640625 0 0.576171875 0.1875 0.759765625 0.251953125 0.75390625 0.265625
0 0.986328125 0.66796875 1 0.646484375 1 0.59375 0.8125 0.46875 0.775390625 0.525390625
0 0.724609375 0.6015625 0.658203125 0.7109375 0.701171875 0.736328125 0.732421875 0.685546875 0.91015625 0.79296875 0.9453125 0.736328125 0.767578125 0.626953125
0 0.625 0.716796875 0.564453125 0.8203125 0.603515625 0.841796875 0.6328125 0.794921875 0.861328125 0.927734375 0.892578125 0.87109375 0.6640625 0.73828125
0 0.34375 0.62109375 0.302734375 0.677734375 0.38671875 0.736328125 0.42578125 0.6796875 0.38671875 0.65234375
0 0.318359375 0.501953125 0.263671875 0.578125 0.3046875 0.607421875 0.357421875 0.53125 0.328125 0.509765625
0 0.765625 0.291015625 0.583984375 0.224609375 0.5625 0.28515625 0.744140625 0.349609375 0.759765625 0.3046875
0 0.576171875 0.5390625 0.609375 0.48828125 0.462890625 0.38671875 0.427734375 0.4375
0 0.4921875 0.3515625 0.546875 0.271484375 0.505859375 0.244140625 0.451171875 0.32421875 0.48828125 0.349609375
0 0.44140625 0.318359375 0.3828125 0.40625 0.427734375 0.4375 0.48828125 0.349609375 0.451171875 0.32421875
0 0.326171875 0.080078125 0.369140625 0.099609375 0.416015625 0 0.365234375 0
0 0.212890625 0.13671875 0.236328125 0.087890625 0.056640625 0 0 0 0 0.03125
0 0.005859375 0.14453125 0 0.15625 0 0.185546875 0.150390625 0.26171875 0.16796875 0.228515625
0 0.28125 0.265625 0.349609375 0.134765625 0.3046875 0.111328125 0.236328125 0.244140625 0.275390625 0.263671875
0 0.17578125 0.212890625 0.150390625 0.26171875 0.224609375 0.30078125 0.26171875 0.2890625 0.275390625 0.263671875 0.236328125 0.244140625
0 0.0546875 0.423828125 0.0390625 0.453125 0.08203125 0.478515625 0.11328125 0.423828125 0.10546875 0.38671875 0 0.326171875 0 0.392578125
0 0.998046875 0.220703125 1 0.125 0.966796875 0.125 0.966796875 0.21875 0.998046875 0.220703125
0 0.65234375 0.513671875 0.701171875 0.435546875 0.65625 0.408203125 0.607421875 0.486328125 0.65234375 0.513671875