0 0.408203125 0.10546875 0 0.30859375 0 0.419921875 0.453125 0.1953125
0 0.455078125 0 0.390625 0 0.466796875 0.150390625 0.517578125 0.125
0 0.15625 0.96484375 0.173828125 1 0.236328125 1 0.20703125 0.939453125
0 0.33203125 0.55859375 0.09765625 0.673828125 0.150390625 0.779296875 0.3828125 0.662109375
0 0.626953125 0.541015625 0.150390625 0.779296875 0.185546875 0.849609375 0.662109375 0.61328125
0 0.576171875 0.435546875 0.33203125 0.55859375 0.3828125 0.662109375 0.626953125 0.541015625
0 0.51171875 0.333984375 0.046875 0.56640625 0.076171875 0.62890625 0.54296875 0.396484375
0 0.462890625 0.236328125 0 0.466796875 0 0.47265625 0.046875 0.56640625 0.51171875 0.333984375
0 0.96484375 0.18359375 0.931640625 0.19921875 1 0.3359375 1 0.25390625
0 0.466796875 0.890625 0.431640625 0.826171875 0.232421875 0.931640625 0.267578125 0.998046875 0.466796875 0.890625
0 0.1484375 0.078125 0.150390625 0 0 0 0 0.076171875 0.1484375 0.078125
0 0.61328125 0.81640625 0.59375 0.775390625 0.439453125 0.849609375 0.458984375 0.890625 0.61328125 0.81640625