0 0.060546875 0.892578125 0.0625 0.916015625 0.11328125 0.91015625 0.103515625 0.828125 0 0.83984375 0 0.8984375
0 0.052734375 0.451171875 0.052734375 0.328125 0 0.328125 0 0.451171875
0 0 0.6875 0 0.740234375 0.048828125 0.734375 0.05859375 0.806640625 0.10546875 0.80078125 0.087890625 0.677734375
0 0.068359375 0.537109375 0.068359375 0.478515625 0 0.478515625 0 0.537109375
0 0 0.16796875 0 0.2109375 0.11328125 0.2109375 0.11328125 0.2421875 0.162109375 0.2421875 0.162109375 0.16796875
0 0.166015625 0.4453125 0.234375 0.4375 0.220703125 0.330078125 0.09375 0.345703125 0.111328125 0.4921875 0.171875 0.484375
0 0.58984375 0.439453125 0.578125 0.376953125 0.232421875 0.4453125 0.24609375 0.5078125 0.25 0.505859375
0 0.20703125 0.845703125 0.5390625 0.802734375 0.53125 0.7421875 0.19921875 0.78515625
0 0.21484375 1 0.53515625 1 0.52734375 0.9375 0.212890625 0.98828125
0 0.580078125 0.99609375 0.83203125 0.96875 0.82421875 0.888671875 0.5703125 0.916015625
0 0.619140625 0.837890625 0.81640625 0.794921875 0.783203125 0.6484375 0.587890625 0.69140625
0 1 0.68359375 1 0.615234375 0.83203125 0.64453125 0.841796875 0.7109375
0 0.984375 0.31640625 1 0.30859375 1 0.248046875 0.693359375 0.388671875 0.716796875 0.44140625 0.986328125 0.3203125
0 0.658203125 0.28515625 0.90625 0.1640625 0.87890625 0.107421875 0.630859375 0.228515625
0 0.275390625 0.33203125 0.580078125 0.265625 0.564453125 0.1953125 0.259765625 0.263671875
0 0.634765625 0.068359375 0.783203125 0 0.6171875 0 0.60546875 0.005859375
0 0.31640625 0.11328125 0.220703125 0.140625 0.23828125 0.20703125 0.3359375 0.1796875 0.32421875 0.138671875
0 0.462890625 0.1015625 0.443359375 0.033203125 0.3046875 0.072265625 0.32421875 0.138671875
0 0.140625 1 0.140625 0.970703125 0 0.970703125 0 0.998046875 0.140625 1