0 0.044921875 0.06640625 0.01953125 0 0 0 0 0.08203125
0 0.923828125 0.234375 0.94140625 0.275390625 0.962890625 0.265625 0.962890625 0.287109375 1 0.287109375 1 0.19921875
0 0.546875 0.458984375 0.58203125 0.443359375 0.564453125 0.40234375 0.462890625 0.44921875 0.4765625 0.478515625 0.451171875 0.470703125 0.42578125 0.552734375 0.46875 0.568359375 0.474609375 0.546875 0.484375 0.556640625 0.564453125 0.478515625
0 0.986328125 0.671875 0.787109375 0.736328125 0.734375 0.84375 0.76953125 0.861328125 0.78125 0.83984375 0.794921875 0.857421875 0.865234375 0.798828125 0.837890625 0.767578125 0.919921875 0.7421875 0.916015625 0.7734375 1 0.78125 1 0.6796875
0 0.521484375 0.935546875 0.578125 0.953125 0.5703125 0.97265625 0.62109375 0.9921875 0.62890625 0.970703125 0.673828125 0.984375 0.701171875 0.892578125 0.662109375 0.880859375 0.66796875 0.8671875 0.6171875 0.84765625 0.611328125 0.865234375 0.55078125 0.845703125
0 0.490234375 0.6171875 0.46484375 0.654296875 0.486328125 0.66796875 0.451171875 0.689453125 0.49609375 0.763671875 0.544921875 0.734375 0.5546875 0.78125 0.59375 0.7734375 0.5703125 0.66796875
0 0.078125 0.859375 0.064453125 0.8203125 0.07421875 0.81640625 0.064453125 0.791015625 0 0.814453125 0 0.888671875
0 0.30078125 0.744140625 0.263671875 0.646484375 0.12109375 0.71484375 0.146484375 0.783203125 0.287109375 0.75
0 0.748046875 0.30078125 0.71484375 0.318359375 0.72265625 0.333984375 0.71484375 0.34765625 0.701171875 0.341796875 0.68359375 0.37890625 0.71875 0.396484375 0.736328125 0.359375 0.728515625 0.35546875 0.732421875 0.3515625 0.732421875 0.353515625 0.765625 0.3359375
0 0.765625 0.427734375 0.82421875 0.400390625 0.796875 0.33984375 0.73828125 0.3671875
0 0.83984375 0.439453125 0.892578125 0.458984375 0.904296875 0.4296875 0.8515625 0.408203125
0 0.111328125 0.619140625 0.12109375 0.64453125 0.09765625 0.654296875 0.12109375 0.71484375 0.24609375 0.654296875 0.228515625 0.603515625 0.205078125 0.61328125 0.1953125 0.587890625
0 0.275390625 0.751953125 0.146484375 0.783203125 0.18359375 0.87890625 0.203125 0.87109375 0.23046875 0.9453125 0.333984375 0.90625 0.306640625 0.833984375