0 0.74609375 0.001953125 0.658203125 0.15625 0.744140625 0.205078125 0.83203125 0.05078125
0 0.587890625 0.666015625 0.484375 0.845703125 0.533203125 0.873046875 0.63671875 0.693359375 0.615234375 0.681640625
0 0.646484375 0.626953125 0.40625 0.48828125 0.375 0.54296875 0.615234375 0.681640625
0 0.28515625 0.521484375 0.234375 0.611328125 0.30078125 0.650390625 0.353515625 0.560546875
0 0.533203125 0.634765625 0.470703125 0.7421875 0.52734375 0.7734375 0.587890625 0.666015625
0 0.32421875 0.439453125 0.306640625 0.46875 0.287109375 0.45703125 0.271484375 0.484375 0.3359375 0.521484375 0.369140625 0.46484375
0 0.529296875 0.388671875 0.48046875 0.361328125 0.439453125 0.435546875 0.5625 0.50390625 0.603515625 0.4296875 0.5625 0.408203125 0.560546875 0.4140625 0.525390625 0.39453125
0 0.65625 0.158203125 0.609375 0.130859375 0.572265625 0.19921875 0.693359375 0.26953125 0.732421875 0.19921875 0.6953125 0.177734375 0.689453125 0.1875 0.65234375 0.166015625
0 0.603515625 0.216796875 0.51171875 0.37890625 0.529296875 0.388671875 0.525390625 0.39453125 0.560546875 0.4140625 0.5625 0.408203125 0.603515625 0.4296875 0.693359375 0.26953125
0 0.794921875 0.333984375 0.677734375 0.5390625 0.7421875 0.576171875 0.859375 0.37109375
0 0.236328125 0.646484375 0.208984375 0.6953125 0.40234375 0.806640625 0.4296875 0.7578125
0 0.388671875 0.8203125 0.330078125 0.78515625 0.27734375 0.875 0.337890625 0.908203125 0.359375 0.869140625
0 0.359375 0.869140625 0.482421875 0.939453125 0.521484375 0.87109375 0.48046875 0.84765625 0.470703125 0.8671875 0.388671875 0.8203125
0 0.314453125 0.951171875 0.2890625 0.994140625 0.298828125 1 0.400390625 1
0 0.359375 0.869140625 0.3359375 0.912109375 0.478515625 0.994140625 0.50390625 0.951171875 0.482421875 0.939453125
0 0.078125 0.779296875 0.107421875 0.794921875 0.15625 0.712890625 0.125 0.6953125
0 0.20703125 0.77734375 0.265625 0.810546875 0.283203125 0.78125 0.224609375 0.748046875
0 0.17578125 0.904296875 0.21484375 0.92578125 0.248046875 0.869140625 0.208984375 0.845703125
0 0.115234375 0.841796875 0.0703125 0.919921875 0.115234375 0.943359375 0.12890625 0.919921875 0.1484375 0.931640625 0.1796875 0.87890625
0 0.037109375 0.8359375 0 0.900390625 0 0.91796875 0.0234375 0.931640625 0.044921875 0.896484375 0.07421875 0.9140625 0.09765625 0.87109375
0 1 0.12109375 1 0 0.931640625 0 0.888671875 0.076171875 0.6640625 0.46875 0.634765625 0.451171875 0.607421875 0.498046875 0.677734375 0.5390625 0.794921875 0.333984375 0.859375 0.369140625 0.9921875 0.134765625
0 0.927734375 0.744140625 0.78125 1 1 1 1 0.783203125