0 0.91796875 0.908203125 1 0.90625 1 0.84375 0.91796875 0.845703125
0 0.298828125 0.912109375 0.853515625 0.888671875 0.849609375 0.828125 0.296875 0.8515625
0 0.9765625 0.423828125 1 0.421875 1 0.369140625 0.97265625 0.37109375 0.974609375 0.396484375 0.748046875 0.41015625 0.75 0.466796875 0.978515625 0.453125
0 1 0.3046875 1 0.2578125 0.54296875 0.28515625 0.544921875 0.33203125 0.65234375 0.326171875
0 0.60546875 0.5 0.720703125 0.4921875 0.716796875 0.4375 0.6015625 0.443359375
0 0.841796875 0.6171875 0.939453125 0.611328125 0.935546875 0.529296875 0.8359375 0.53515625
0 1 0.71875 1 0.65625 0.857421875 0.666015625 0.861328125 0.7265625 0.98828125 0.720703125
0 0.587890625 0.69140625 0.5859375 0.677734375 0.3671875 0.689453125 0.37109375 0.7421875 0.58984375 0.728515625 0.591796875 0.75 0.822265625 0.736328125 0.8203125 0.677734375
0 0.482421875 0.3515625 0.478515625 0.298828125 0.029296875 0.326171875 0.03125 0.376953125 0.244140625 0.365234375
0 0.513671875 0.541015625 0.416015625 0.546875 0.41796875 0.599609375 0.517578125 0.59375
0 0.416015625 0.546875 0.29296875 0.552734375 0.294921875 0.607421875 0.41796875 0.599609375
0 0.029296875 0.326171875 0 0.326171875 0 0.3984375 0.033203125 0.396484375
0 0.06640625 0.49609375 0.380859375 0.4765625 0.376953125 0.416015625 0.0625 0.435546875
0 0.26171875 0.619140625 0.2578125 0.564453125 0 0.578125 0 0.634765625
0 0.3359375 0.75 0.333984375 0.69921875 0 0.71875 0 0.76953125
0 0.1328125 0.064453125 0.203125 0.06640625 0.203125 0 0.1328125 0
0 0.33203125 0 0.23046875 0 0.228515625 0.033203125 0.462890625 0.046875 0.462890625 0 0.37109375 0 0.37109375 0.005859375 0.33203125 0.001953125
0 0.203125 0.869140625 0.13671875 0.87890625 0.140625 0.912109375 0.208984375 0.90234375
0 0.208984375 0.90234375 0.158203125 0.91015625 0.169921875 1 0.220703125 1
0 0.052734375 0.9375 0 0.94140625 0 1 0.05859375 1
0 0.103515625 0.931640625 0.052734375 0.9375 0.05859375 1 0.109375 1
0 0.044921875 0 0 0 0 0.14453125 0.052734375 0.142578125
0 0.548828125 0.04296875 0.76953125 0.0546875 0.76953125 0 0.55078125 0
0 0.859375 0.01953125 0.939453125 0.021484375 0.939453125 0 0.859375 0
0 0.8203125 0.056640625 0.8203125 0 0.7890625 0 0.7890625 0.08984375 0.859375 0.091796875 0.861328125 0.05859375
0 0.904296875 0.087890625 0.951171875 0.091796875 0.955078125 0.052734375 0.90625 0.048828125
0 0.447265625 0.12109375 0.443359375 0.076171875 0.197265625 0.08984375 0.19921875 0.134765625 0.447265625 0.12109375
0 0.501953125 1 0.501953125 0.9765625 0.26953125 0.9765625 0.26953125 1 0.501953125 1
0 0.888671875 1 0.888671875 0.9765625 0.615234375 0.9765625 0.615234375 0.998046875 0.888671875 1
0 0.529296875 0.12109375 0.529296875 0.07421875 0.439453125 0.076171875 0.439453125 0.12109375 0.529296875 0.12109375
0 1 0.58984375 1 0.517578125 0.966796875 0.517578125 0.966796875 0.58984375 1 0.58984375