0 0.513671875 0.001953125 0.486328125 0.017578125 0.486328125 0.08984375 0.490234375 0.099609375 0.53515625 0.099609375 0.537109375 0.068359375 0.591796875 0.072265625 0.62890625 0.05078125 0.62890625 0.029296875 0.681640625 0.029296875 0.6796875 0 0.51171875 0
0 0 0.16015625 0 0.2421875 0.0625 0.208984375 0.03515625 0.16015625 0.013671875 0.171875 0.005859375 0.158203125
0 0.2890625 0.029296875 0.341796875 0 0.271484375 0
0 0.306640625 0.2890625 0.236328125 0.333984375 0.26953125 0.38671875 0.33984375 0.341796875
0 0.05859375 0.455078125 0.001953125 0.5 0.052734375 0.564453125 0.107421875 0.51953125
0 0.146484375 0.3671875 0.158203125 0.380859375 0.142578125 0.39453125 0.130859375 0.37890625 0.109375 0.396484375 0.125 0.419921875 0.10546875 0.435546875 0.126953125 0.46484375 0.2265625 0.388671875 0.203125 0.359375 0.181640625 0.376953125 0.1640625 0.353515625
0 0.373046875 0.181640625 0.384765625 0.1953125 0.369140625 0.20703125 0.357421875 0.193359375 0.3359375 0.2109375 0.353515625 0.234375 0.33203125 0.25 0.35546875 0.27734375 0.453125 0.201171875 0.431640625 0.173828125 0.408203125 0.189453125 0.390625 0.16796875
0 0.9453125 0.0859375 0.986328125 0.140625 1 0.130859375 1 0.044921875
0 0.857421875 0.212890625 0.857421875 0.1953125 0.80859375 0.1953125 0.80859375 0.267578125 0.837890625 0.267578125 0.837890625 0.279296875 0.8671875 0.279296875 0.8671875 0.267578125 0.916015625 0.267578125 0.916015625 0.212890625 0.87109375 0.212890625
0 0.994140625 0.5 0.994140625 0.515625 0.955078125 0.515625 0.955078125 0.5 0.91796875 0.5 0.91796875 0.515625 0.892578125 0.515625 0.892578125 0.5 0.86328125 0.5 0.86328125 0.515625 0.818359375 0.517578125 0.818359375 0.568359375 0.86328125 0.568359375 0.86328125 0.578125 0.90234375 0.578125 0.90234375 0.568359375 0.927734375 0.568359375 0.927734375 0.578125 0.970703125 0.578125 0.970703125 0.568359375 1 0.568359375 1 0.5
0 0.6328125 0.384765625 0.646484375 0.384765625 0.646484375 0.41796875 0.66796875 0.41796875 0.66796875 0.421875 0.693359375 0.421875 0.693359375 0.41796875 0.751953125 0.41796875 0.751953125 0.421875 0.775390625 0.421875 0.775390625 0.41796875 0.80078125 0.41796875 0.80078125 0.384765625 0.8125 0.384765625 0.8125 0.35546875 0.80078125 0.35546875 0.80078125 0.345703125 0.7578125 0.345703125 0.7578125 0.35546875 0.69140625 0.35546875 0.69140625 0.345703125 0.646484375 0.345703125 0.646484375 0.35546875 0.6328125 0.35546875 0.6328125 0.37890625
0 0.708984375 0.509765625 0.708984375 0.5234375 0.669921875 0.5234375 0.669921875 0.509765625 0.638671875 0.509765625 0.638671875 0.5234375 0.607421875 0.5234375 0.607421875 0.509765625 0.56640625 0.509765625 0.56640625 0.5234375 0.53125 0.5234375 0.53125 0.5625 0.56640625 0.5625 0.56640625 0.57421875 0.607421875 0.57421875 0.607421875 0.5625 0.638671875 0.5625 0.638671875 0.57421875 0.669921875 0.57421875 0.669921875 0.5625 0.708984375 0.5625 0.708984375 0.57421875 0.7421875 0.57421875 0.7421875 0.5625 0.78125 0.5625 0.78125 0.5234375 0.7421875 0.5234375 0.7421875 0.509765625
0 0.6328125 0.37890625 0.6328125 0.35546875 0.646484375 0.35546875 0.646484375 0.345703125 0.6796875 0.345703125 0.80859375 0.255859375 0.80859375 0.201171875 0.34375 0.525390625 0.369140625 0.5625 0.623046875 0.38671875
0 0.892578125 0.142578125 0.818359375 0.1953125 0.857421875 0.1953125 0.857421875 0.212890625 0.87109375 0.212890625 0.919921875 0.1796875
0 0.93359375 0.65625 0.771484375 0.65625 0.771484375 0.72265625 0.93359375 0.720703125 0.93359375 0.693359375
0 0.92578125 0.78125 0.92578125 0.814453125 1 0.814453125 1 0.78125
0 0.826171875 0.787109375 0.826171875 0.8671875 0.865234375 0.8671875 0.865234375 0.841796875 0.880859375 0.841796875 0.880859375 0.80859375 0.869140625 0.80859375 0.869140625 0.787109375
0 0.609375 0.779296875 0.5234375 0.779296875 0.5234375 0.873046875 0.609375 0.873046875 0.609375 0.853515625
0 0.705078125 0.779296875 0.609375 0.779296875 0.609375 0.853515625 0.705078125 0.853515625
0 0.626953125 0.6796875 0.55078125 0.6796875 0.55078125 0.720703125 0.626953125 0.720703125
0 0.626953125 0.658203125 0.626953125 0.720703125 0.7265625 0.720703125 0.7265625 0.66796875 0.65625 0.66796875 0.65625 0.658203125
0 0.4140625 0.671875 0.337890625 0.671875 0.337890625 0.72265625 0.4140625 0.72265625
0 0.4140625 0.671875 0.4140625 0.72265625 0.447265625 0.72265625 0.447265625 0.73046875 0.48828125 0.73046875 0.48828125 0.671875
0 0.408203125 0.822265625 0.408203125 0.775390625 0.330078125 0.775390625 0.330078125 0.822265625
0 0.474609375 0.83984375 0.474609375 0.78125 0.4296875 0.78125 0.4296875 0.83984375
0 0.93359375 0.638671875 0.93359375 0.693359375 1 0.693359375 1 0.638671875
0 0.068359375 0.8359375 0.16015625 0.763671875 0.142578125 0.7421875 0.224609375 0.6796875 0.181640625 0.62109375 0 0.7578125 0 0.857421875 0.013671875 0.876953125 0.02734375 0.8671875 0.0390625 0.8828125 0.080078125 0.8515625
0 0.240234375 0.888671875 0.279296875 0.859375 0.259765625 0.83203125 0.27734375 0.818359375 0.251953125 0.78515625 0.0859375 0.908203125 0.111328125 0.939453125 0.130859375 0.92578125 0.138671875 0.9375 0.158203125 0.923828125 0.171875 0.939453125 0.201171875 0.91796875 0.2109375 0.931640625 0.25 0.904296875