0 0 0.099609375 0 0.455078125 0.005859375 0.45703125 0 0.478515625 0 0.55859375 0.115234375 0.591796875 0.140625 0.494140625 0.23828125 0.521484375 0.37890625 0 0.025390625 0
0 0.33203125 0.41015625 0.373046875 0.419921875 0.478515625 0.033203125 0.439453125 0.021484375
0 0.646484375 0.900390625 0.6171875 1 0.6796875 1 0.703125 0.916015625
0 0.22265625 1 0.30078125 1 0.34375 0.869140625 0.26953125 0.84765625
0 0.615234375 0.96875 0.62890625 0.916015625 0.359375 0.849609375 0.345703125 0.90234375
0 0.96484375 0.541015625 0.9140625 0.52734375 0.896484375 0.591796875 0.91796875 0.59765625 0.916015625 0.60546875 1 0.626953125 1 0.560546875 0.962890625 0.552734375
0 0.904296875 0.517578125 0.939453125 0.529296875 0.982421875 0.400390625 0.9453125 0.388671875
0 0.826171875 0.82421875 0.818359375 0.822265625 0.810546875 0.84765625 0.82421875 0.8515625 0.818359375 0.875 0.9453125 0.91015625 0.953125 0.88671875 0.962890625 0.888671875 0.96875 0.86328125 0.96484375 0.86328125 0.96875 0.84765625 0.912109375 0.83203125 0.91015625 0.83984375 0.888671875 0.833984375 0.890625 0.826171875 0.830078125 0.80859375
0 0.361328125 0.568359375 0.421875 0.5859375 0.41796875 0.599609375 0.466796875 0.615234375 0.470703125 0.6015625 0.53125 0.619140625 0.52734375 0.6328125 0.595703125 0.65234375 0.599609375 0.638671875 0.640625 0.65234375 0.658203125 0.58984375 0.552734375 0.55859375 0.55859375 0.53515625 0.49609375 0.515625 0.48828125 0.5390625 0.380859375 0.5078125
0 0.71484375 0.888671875 0.71875 0.84765625 0.576171875 0.833984375 0.572265625 0.873046875
0 0.345703125 0.580078125 0.3671875 0.498046875 0.3125 0.484375 0.29296875 0.56640625 0.345703125 0.580078125
0 1 0.357421875 1 0.271484375 0.951171875 0.271484375 0.951171875 0.357421875 1 0.357421875
0 0.57421875 1 0.57421875 0.974609375 0.501953125 0.97265625 0.501953125 0.998046875 0.57421875 1
0 0.47265625 1 0.47265625 0.9765625 0.36328125 0.9765625 0.36328125 0.998046875 0.47265625 1