0 0 0.732421875 0 0.8984375 0.18359375 0.90234375 0.185546875 0.734375
0 0.28125 0.736328125 0.279296875 0.90234375 0.5 0.904296875 0.501953125 0.73828125
0 0.185546875 0.734375 0.18359375 0.90234375 0.279296875 0.90234375 0.28125 0.736328125
0 0.501953125 0.73828125 0.5 0.904296875 0.59375 0.90625 0.595703125 0.740234375
0 0 0.470703125 0 0.48828125 0 0.54296875 0.185546875 0.544921875 0.185546875 0.515625 0.171875 0.515625 0.173828125 0.490234375 0.14453125 0.48828125 0.14453125 0.47265625 0.10546875 0.47265625 0.10546875 0.48828125 0.052734375 0.48828125 0.0546875 0.470703125
0 0.482421875 0.517578125 0.482421875 0.48828125 0.271484375 0.486328125 0.26953125 0.541015625 0.49609375 0.544921875 0.49609375 0.517578125
0 0.712890625 0.07421875 0.6328125 0.060546875 0.59765625 0.244140625 0.578125 0.244140625 0.578125 0.212890625 0.478515625 0.2109375 0.478515625 0.1953125 0.4453125 0.1953125 0.4453125 0.2109375 0.296875 0.208984375 0.296875 0.193359375 0.259765625 0.193359375 0.259765625 0.208984375 0.1796875 0.20703125 0.1796875 0.251953125 0.189453125 0.251953125 0.189453125 0.291015625 0.625 0.296875 0.625 0.26171875 0.67578125 0.271484375 0.69140625 0.181640625
0 0.625 0.26171875 0.625 0.296875 0.669921875 0.296875 0.67578125 0.271484375
0 0.02734375 0.046875 0.130859375 0.06640625 0.142578125 0 0.037109375 0
0 1 0.4765625 1 0.4140625 0.837890625 0.412109375 0.837890625 0.474609375
0 0.970703125 0.650390625 0.859375 0.650390625 0.859375 0.75390625 0.96875 0.755859375
0 0.9765625 0.0546875 0.9765625 0.07421875 0.939453125 0.07421875 0.939453125 0.125 1 0.125 1 0.07421875 0.99609375 0.07421875 0.99609375 0.0546875
0 0.998046875 0.333984375 1 0.255859375 0.837890625 0.251953125 0.8359375 0.328125 0.998046875 0.333984375
0 0.490234375 0.072265625 0.48828125 0.029296875 0.28515625 0.0390625 0.287109375 0.08203125 0.490234375 0.072265625