0 0.005859375 0.5703125 0.384765625 0.650390625 0.396484375 0.595703125 0.017578125 0.513671875 0.017578125 0.51953125 0 0.5078125 0 0.56640625
0 0.494140625 0.421875 0.486328125 0.47265625 0.45703125 0.46875 0.4453125 0.544921875 0.49609375 0.552734375 0.505859375 0.4765625 0.703125 0.50390625 0.7109375 0.451171875
0 0.654296875 0.54296875 0.64453125 0.62109375 0.435546875 0.59765625 0.431640625 0.638671875 0.66015625 0.666015625 0.666015625 0.625 0.685546875 0.626953125 0.6953125 0.546875
0 0.755859375 0.705078125 0.955078125 0.728515625 0.9609375 0.666015625 0.76171875 0.642578125
0 0.767578125 0.427734375 0.98046875 0.599609375 1 0.57421875 1 0.54296875 0.802734375 0.384765625
0 0.576171875 0.255859375 0.748046875 0.404296875 0.783203125 0.365234375 0.611328125 0.216796875
0 0.474609375 0.380859375 0.51171875 0.41015625 0.599609375 0.30078125 0.560546875 0.26953125
0 0.294921875 0.353515625 0.3046875 0.341796875 0.0546875 0.140625 0.015625 0.189453125 0.146484375 0.294921875 0.142578125 0.298828125 0.26171875 0.39453125 0.25390625 0.40625 0.375 0.50390625 0.416015625 0.451171875
0 0.033203125 0.427734375 0.044921875 0.40625 0.107421875 0.447265625 0.099609375 0.45703125 0.13671875 0.482421875 0.169921875 0.4296875 0.072265625 0.3671875 0.0703125 0.369140625 0 0.322265625 0 0.40625
0 0.171875 0.474609375 0.28515625 0.5078125 0.298828125 0.46484375 0.185546875 0.4296875
0 0.37890625 0.1953125 0.390625 0.1796875 0.16796875 0 0.099609375 0 0.08984375 0.013671875 0.232421875 0.126953125 0.224609375 0.13671875 0.34765625 0.234375 0.33984375 0.244140625 0.404296875 0.296875 0.443359375 0.24609375
0 0.3671875 0 0.283203125 0 0.35546875 0.056640625 0.353515625 0.05859375 0.515625 0.189453125 0.55078125 0.146484375
0 0.6640625 0.11328125 0.6953125 0.07421875 0.603515625 0 0.525390625 0
0 0.046875 0 0 0.05859375 0 0.09765625 0.06640625 0.015625
0 0.955078125 0.287109375 0.80859375 0.16796875 0.77734375 0.20703125 0.931640625 0.3359375 0.990234375 0.330078125 1 0.318359375 1 0.25390625 0.99609375 0.251953125
0 0.958984375 0.181640625 0.986328125 0.14453125 0.857421875 0.04296875 0.828125 0.078125 0.958984375 0.181640625