0 0.955078125 0.775390625 0.923828125 0.775390625 0.92578125 0.88671875 0.95703125 0.884765625
0 0.9375 0.646484375 0.953125 0.70703125 1 0.6953125 1 0.630859375
0 0.78125 0.748046875 0.724609375 0.759765625 0.728515625 0.97265625 0.728515625 1 0.78515625 1
0 0.923828125 0.775390625 0.78125 0.779296875 0.783203125 0.830078125 0.92578125 0.826171875
0 0.92578125 0.826171875 0.783203125 0.830078125 0.783203125 0.888671875 0.92578125 0.88671875
0 0.904296875 0.95703125 0.904296875 0.990234375 0.78515625 0.994140625 0.78515625 1 0.96484375 1 0.96484375 0.955078125
0 0.724609375 0.759765625 0.650390625 0.77734375 0.654296875 0.97265625 0.728515625 0.97265625
0 0.953125 0.70703125 0.9375 0.646484375 0.607421875 0.7265625 0.623046875 0.78515625 0.650390625 0.77734375
0 0 0.72265625 0 0.748046875 0.015625 0.75390625 0.021484375 0.73046875
0 0.046875 0.7421875 0.041015625 0.76171875 0.15234375 0.79296875 0.158203125 0.7734375
0 0 0.666015625 0 0.69921875 0.03515625 0.7109375 0.04296875 0.6796875
0 0.05859375 0.68359375 0.048828125 0.71484375 0.16796875 0.75 0.177734375 0.71875
0 0.123046875 0.90625 0.130859375 0.880859375 0.05859375 0.861328125 0.052734375 0.88671875
0 0.064453125 0.841796875 0.05859375 0.861328125 0.130859375 0.880859375 0.134765625 0.86328125
0 0.033203125 0.892578125 0.04296875 0.86328125 0.00390625 0.8515625 0.005859375 0.84375 0 0.841796875 0 0.8828125
0 0.22265625 0.919921875 0.171875 0.904296875 0.17578125 0.88671875 0.1640625 0.8828125 0.1484375 0.935546875 0.212890625 0.955078125 0.216796875 0.94140625
0 0.365234375 0.767578125 0.2734375 0.740234375 0.23828125 0.865234375 0.3203125 0.890625 0.31640625 0.90625 0.345703125 0.9140625 0.365234375 0.77734375
0 0.19921875 0.71875 0.17578125 0.802734375 0.25 0.82421875 0.2734375 0.740234375
0 0.25 0.82421875 0.17578125 0.802734375 0.15234375 0.87890625 0.228515625 0.900390625 0.23046875 0.888671875
0 0.23828125 0.865234375 0.23046875 0.888671875 0.2890625 0.90625 0.283203125 0.923828125 0.2265625 0.908203125 0.216796875 0.94140625 0.291015625 0.962890625 0.3125 0.88671875
0 0.365234375 0.77734375 0.345703125 0.9140625 0.37890625 0.919921875 0.3984375 0.78125
0 0.1171875 0.4296875 0.09765625 0.603515625 0.162109375 0.611328125 0.18359375 0.4375
0 0.013671875 0.416015625 0 0.5390625 0 0.591796875 0.09765625 0.603515625 0.1171875 0.4296875
0 0.18359375 0.4375 0.162109375 0.611328125 0.263671875 0.623046875 0.28515625 0.44921875
0 0.060546875 0.802734375 0.05078125 0.837890625 0.134765625 0.86328125 0.146484375 0.826171875
0 0.390625 1 0.396484375 0.9453125 0.353515625 0.94140625 0.34765625 1 0.390625 1
0 0.134765625 0.23046875 0.142578125 0.166015625 0.001953125 0.1484375 0 0.212890625 0.134765625 0.23046875
0 0.044921875 0.935546875 0.052734375 0.908203125 0.009765625 0.8984375 0.001953125 0.92578125 0.044921875 0.935546875
0 0.994140625 0.91796875 0.994140625 0.8203125 0.9609375 0.8203125 0.962890625 0.91796875 0.994140625 0.91796875
0 0.0234375 0.27734375 0.025390625 0.212890625 0 0.2109375 0 0.27734375 0.0234375 0.27734375