0 0.693359375 0 0 0 0 0.15625 0.693359375 0.15625 0.693359375 0.01171875
0 0.693359375 0.01171875 0.73046875 0.01171875 0.73046875 0 0.693359375 0
0 0.693359375 0.0703125 0.71484375 0.0703125 0.71484375 0.033203125 0.693359375 0.033203125
0 0.62109375 0.197265625 0.693359375 0.197265625 0.693359375 0.15625 0.62109375 0.15625 0.62109375 0.185546875
0 0.4921875 0.15625 0.4921875 0.185546875 0.62109375 0.185546875 0.62109375 0.15625
0 0.193359375 0.15625 0.193359375 0.197265625 0.431640625 0.197265625 0.431640625 0.15625
0 0 0.15625 0 0.189453125 0.119140625 0.189453125 0.119140625 0.15625
0 0.36328125 0.513671875 0.4609375 0.513671875 0.4609375 0.4375 0.36328125 0.4375
0 0.36328125 0.4375 0.7265625 0.4375 0.7265625 0.33203125 0.3125 0.33203125 0.3125 1 0.7265625 1 0.7265625 0.54296875 0.36328125 0.54296875 0.36328125 0.513671875
0 0.21484375 0.416015625 0.21484375 0.328125 0 0.328125 0 0.416015625
0 0.232421875 0.93359375 0 0.93359375 0 1 0.232421875 1
0 0.77734375 0.24609375 0.798828125 0.24609375 0.798828125 0.125 0.77734375 0.125
0 0.80859375 0.28515625 0.8046875 0.630859375 0.845703125 0.6328125 0.849609375 0.359375 0.8671875 0.359375 0.8671875 0.28515625
0 0.794921875 0.630859375 0.794921875 1 0.818359375 1 0.82421875 0.630859375 0.8046875 0.630859375
0 0.90625 0.05078125 0.90625 0 0.8515625 0 0.8515625 0.05078125 0.90625 0.05078125
0 0.91015625 0.107421875 0.908203125 0.05859375 0.83203125 0.060546875 0.833984375 0.109375 0.91015625 0.107421875
0 0.25 0.31640625 0.25 0.27734375 0 0.275390625 0 0.314453125 0.25 0.31640625