0 0.72265625 0.873046875 0.947265625 0.962890625 0.966796875 0.916015625 0.7421875 0.82421875
0 0.82421875 0.56640625 1 0.625 1 0.55078125 0.84765625 0.5
0 0.759765625 0.71484375 0.994140625 0.8046875 1 0.7890625 1 0.736328125 0.783203125 0.654296875
0 0.87890625 0.40234375 1 0.447265625 1 0.376953125 0.90234375 0.341796875
0 0.9609375 0.25 1 0.263671875 1 0.140625
0 0.5546875 0.3203125 0.443359375 0.28125 0.41796875 0.349609375 0.732421875 0.4609375 0.783203125 0.3203125 0.71484375 0.294921875 0.681640625 0.388671875 0.662109375 0.3828125 0.662109375 0.38671875 0.546875 0.345703125
0 0.6953125 0.49609375 0.6796875 0.5390625 0.732421875 0.55859375 0.748046875 0.515625
0 0.283203125 0.203125 0.26171875 0.2421875 0.25 0.27734375 0.279296875 0.36328125 0.341796875 0.35546875 0.33984375 0.34375 0.375 0.337890625 0.349609375 0.228515625
0 0.748046875 0.30078125 0.76171875 0.267578125 0.458984375 0.154296875 0.4453125 0.1875
0 0.46484375 0.13671875 0.318359375 0.08203125 0.28125 0.1796875 0.427734375 0.234375 0.458984375 0.154296875
0 0.61328125 0.671875 0.58984375 0.734375 0.666015625 0.76171875 0.689453125 0.69921875 0.68359375 0.697265625
0 0.662109375 0.533203125 0.61328125 0.671875 0.68359375 0.697265625 0.732421875 0.55859375 0.6796875 0.5390625
0 0.115234375 0.533203125 0.166015625 0.55078125 0.234375 0.345703125 0.18359375 0.328125
0 0.0859375 0.251953125 0.1328125 0.26953125 0.17578125 0.154296875 0.126953125 0.13671875 0.1171875 0.166015625
0 0.130859375 0.126953125 0 0.076171875 0 0.12109375 0.1171875 0.166015625 0.126953125 0.13671875
0 0.033203125 0.34765625 0.0859375 0.3671875 0.115234375 0.287109375 0.064453125 0.267578125
0 0.052734375 0.509765625 0.07421875 0.435546875 0 0.412109375 0 0.4921875
0 0 0.1640625 0 0.234375 0.02734375 0.24609375 0.05078125 0.18359375
0 0.146484375 0.08984375 0.19140625 0.10546875 0.2265625 0.00390625 0.21484375 0 0.17578125 0 0.169921875 0.01953125
0 0.033203125 0.802734375 0 0.8671875 0 0.87109375 0.1953125 0.97265625 0.23046875 0.904296875
0 0.236328125 0.927734375 0.375 1 0.458984375 1 0.439453125 0.970703125 0.2734375 0.880859375
0 0 0.78515625 0 0.8671875 0.033203125 0.802734375
0 0.314453125 0.55078125 0.349609375 0.447265625 0.3125 0.435546875 0.27734375 0.537109375 0.314453125 0.55078125
0 0.62109375 0.8125 0.634765625 0.77734375 0.552734375 0.744140625 0.5390625 0.779296875 0.62109375 0.8125
0 0.87109375 0.32421875 0.892578125 0.259765625 0.849609375 0.248046875 0.828125 0.310546875 0.87109375 0.32421875