0 0.416015625 0.123046875 0.78125 0.138671875 0.783203125 0.078125 0.41796875 0.0625
0 0.80859375 0.142578125 1 0.1484375 1 0.08984375 0.8125 0.083984375
0 0.15625 0.048828125 0.15625 0 0.095703125 0 0.095703125 0.044921875
0 0.095703125 0.044921875 0.09375 0.109375 0.396484375 0.12109375 0.3984375 0.05859375
0 0.34375 0.2890625 0.34375 0.224609375 0.0859375 0.224609375 0.0859375 0.2890625 0.1484375 0.2890625
0 0.392578125 0.296875 0.658203125 0.296875 0.658203125 0.23828125 0.392578125 0.23828125
0 0.45703125 0.462890625 0.65625 0.462890625 0.65625 0.40625 0.45703125 0.40625
0 0.68359375 0.30859375 1 0.30859375 1 0.255859375 0.68359375 0.255859375
0 0.685546875 0.484375 0.99609375 0.484375 0.99609375 0.421875 0.685546875 0.421875
0 0.8828125 0.619140625 1 0.619140625 1 0.552734375 0.8828125 0.552734375
0 0.287109375 0.74609375 0.453125 0.630859375 0.201171875 0.630859375
0 0.201171875 0.572265625 0.25 0.572265625 0.1640625 0.453125 0.099609375 0.453125 0.099609375 0.388671875 0.07421875 0.3984375 0.103515625 0.501953125 0.201171875 0.630859375
0 0.3515625 0.453125 0.3515625 0.388671875 0.099609375 0.388671875 0.099609375 0.453125 0.1640625 0.453125
0 0.0859375 0.384765625 0.1484375 0.384765625 0.1484375 0.2890625 0.0859375 0.2890625
0 0.453125 0.630859375 0.453125 0.572265625 0.201171875 0.572265625 0.201171875 0.630859375
0 0 0.736328125 0 0.798828125 0.0234375 0.80078125 0.095703125 0.75 0.05859375 0.6953125
0 0.826171875 0.943359375 0.970703125 0.83203125 0.935546875 0.78515625 0.791015625 0.896484375
0 0.44140625 0.91796875 0.40625 0.873046875 0.369140625 0.900390625 0.404296875 0.9453125 0.41015625 0.94140625
0 0.654296875 0.75390625 0.619140625 0.708984375 0.40625 0.873046875 0.44140625 0.91796875 0.458984375 0.904296875
0 0.763671875 0.994140625 0.728515625 0.947265625 0.66015625 1 0.755859375 1
0 0.458984375 0.904296875 0.41015625 0.94140625 0.453125 1 0.53125 1
0 0.19140625 0.88671875 0.150390625 0.833984375 0 0.94921875 0 1 0.04296875 1
0 0.998046875 0.998046875 1 0.921875 0.912109375 0.921875 0.91015625 0.998046875 0.998046875 0.998046875