0 0.3125 0.55859375 0.501953125 0.55859375 0.501953125 0.61328125 0.3125 0.61328125
0 0.0065218384502924165 0.6719092653508771 0.17644371345029242 0.6719092653508771 0.17644371345029242 0.7422217653508771 0.0065218384502924165 0.7422217653508771
0 0.037109375 0.4296875 0.23046875 0.4296875 0.23046875 0.482421875 0.037109375 0.482421875
0 0.25606496710526316 0.9454152960526315 0.27168996710526316 0.8985402960526315 0.5138774671052628 0.9376027960526315 0.49629934210526316 0.9864309210526314
0 0.31640625 0.423828125 0.51171875 0.423828125 0.51171875 0.482421875 0.31640625 0.482421875
0 0.0390625 0.552734375 0.298828125 0.552734375 0.298828125 0.611328125 0.0390625 0.611328125
0 0.11328125 0.04296875 0.4921875 0.029296875 0.50390625 0.083984375 0.125 0.09765625
0 0.314453125 0.294921875 0.505859375 0.294921875 0.505859375 0.353515625 0.314453125 0.353515625
0 0.6079015899122807 0.13251553362573099 0.8500890899122807 0.13251553362573099 0.8500890899122807 0.18915615862573099 0.6079015899122807 0.18915615862573099
0 0.6046578033625731 0.2641858552631579 0.8507515533625731 0.2602796052631579 0.8527046783625731 0.3149671052631579 0.6066109283625731 0.3169202302631579
0 0.32421875 0.166015625 0.5078125 0.166015625 0.5078125 0.224609375 0.32421875 0.224609375
0 0.6142749451754386 0 0.9131030701754386 0 0.9131030701754386 0.046875 0.6142749451754386 0.046875
0 0.107421875 0.16796875 0.30078125 0.16796875 0.30078125 0.2265625 0.107421875 0.2265625
0 0.6070906432748538 0.6061312134502924 0.8277937682748538 0.6061312134502924 0.8277937682748538 0.6608187134502924 0.6070906432748538 0.6608187134502924
0 0.607421875 0.3911389802631579 0.859375 0.3833264802631579 0.861328125 0.4282483552631579 0.609375 0.4341077302631579
0 0.5955203764619883 0.4948030884502923 0.8279422514619883 0.4948030884502923 0.8279422514619883 0.5455843384502923 0.5955203764619883 0.5455843384502923
0 0.6135439510233918 0.7115656980994152 0.6897158260233918 0.7115656980994152 0.6897158260233918 0.7760188230994152 0.6135439510233918 0.7760188230994152
0 0.87890625 0.6203170687134503 0.99609375 0.6144576937134503 1 0.6535201937134503 0.884765625 0.6613326937134503
0 0.6821203399122807 0.719595211988304 0.9557291666666667 0.7192982456140351 0.9568713450292399 0.7741228070175439 0.6840734649122807 0.780142086988304
0 0.20353618421052633 0.9527138157894737 0.20939555921052633 0.8941200657894737 0.2601768092105263 0.8999794407894737 0.2523643092105263 0.9585731907894737
0 0.87890625 0.462890625 1 0.462890625 1 0.51953125 0.87890625 0.51953125
0 0.046875 0.296875 0.236328125 0.296875 0.236328125 0.357421875 0.046875 0.357421875
0 0.02734375 0.966796875 0.041015625 0.888671875 0.134765625 0.90625 0.12109375 0.984375
0 0.19711714181286555 0.695015533625731 0.47836714181286555 0.695015533625731 0.47836714181286555 0.751656158625731 0.19711714181286555 0.751656158625731
0 0.5948008040935673 0.9842836257309941 0.752421418128655 0.9511604532163742 0.9328855994152048 0.9351699561403508 0.9488760964912282 0.9968475877192982 0.9293347684468511 0.998046875 0.5948008040935673 0.998046875
0 0.9591557017543859 0.7227247807017544 0.9625822368421053 0.77640716374269 0.998046875 0.7758257762319049 0.998046875 0.7238669590643274
0 0.8814875730994152 0.26813779239766083 0.8700657894736843 0.3229623538011696 0.998046875 0.40239888964508974 0.998046875 0.3035453216374269 0.9317434210526316 0.26813779239766083
0 0.8689236111111112 0.12536549707602337 0.8734923245614035 0.17790570175438594 0.9728618421052633 0.19275402046783624 0.998046875 0.1631889818522757 0.998046875 0.04198647660818713
0 0.0945266812865497 0.06711440058479531 0.086531432748538 0.13792945906432746 0 0.13446820175438595 0 0.05569261695906432
0 0.388671875 1 0.388671875 0.970703125 0.234375 0.970703125 0.234375 0.998046875 0.388671875 1
0 0.037109375 0.5859375 0.037109375 0.53515625 0 0.53515625 0 0.5859375 0.037109375 0.5859375
0 0.833984375 0.232421875 0.833984375 0.1953125 0.60546875 0.19921875 0.607421875 0.236328125 0.833984375 0.232421875
0 0.58203125 0.61328125 0.587890625 0.34765625 0.552734375 0.34765625 0.546875 0.61328125 0.58203125 0.61328125