0 0.509765625 0.291015625 0.521484375 0.28515625 0.5 0.23828125 0.41015625 0.28125 0.431640625 0.328125 0.443359375 0.322265625 0.44921875 0.333984375 0.515625 0.3046875
0 0.44140625 0.126953125 0.455078125 0.119140625 0.43359375 0.07421875 0.341796875 0.115234375 0.36328125 0.162109375 0.375 0.15625 0.380859375 0.169921875 0.447265625 0.138671875
0 0.59765625 0.439453125 0.611328125 0.43359375 0.58984375 0.38671875 0.498046875 0.427734375 0.51953125 0.474609375 0.533203125 0.46875 0.5390625 0.482421875 0.603515625 0.451171875
0 0.666015625 0.443359375 0.853515625 0.357421875 0.828125 0.302734375 0.640625 0.388671875
0 0.80078125 0.19921875 0.767578125 0.12890625 0.546875 0.23046875 0.580078125 0.30078125 0.591796875 0.294921875
0 0.716796875 0 0.623046875 0 0.48046875 0.064453125 0.49609375 0.1015625 0.5078125 0.095703125 0.5234375 0.130859375 0.732421875 0.03515625
0 0.935546875 0.056640625 0.93359375 0.052734375 0.8984375 0.068359375 0.89453125 0.060546875 0.857421875 0.078125 0.853515625 0.0703125 0.82421875 0.083984375 0.8203125 0.076171875 0.787109375 0.091796875 0.81640625 0.158203125 0.87890625 0.12890625 0.88671875 0.14453125 0.9609375 0.109375 0.96484375 0.12109375 1 0.103515625 1 0.02734375
0 0.89453125 0.34765625 1 0.298828125 1 0.232421875 0.869140625 0.29296875
0 0.955078125 0.50390625 0.798828125 0.564453125 0.818359375 0.6171875 0.974609375 0.556640625
0 0.978515625 0.482421875 0.982421875 0.4921875 0.955078125 0.50390625 0.974609375 0.556640625 1 0.546875 1 0.47265625
0 0.783203125 0.568359375 0.779296875 0.55859375 0.755859375 0.568359375 0.759765625 0.578125 0.728515625 0.58984375 0.724609375 0.580078125 0.69921875 0.58984375 0.703125 0.599609375 0.67578125 0.609375 0.697265625 0.6640625 0.818359375 0.6171875 0.798828125 0.564453125
0 0.716796875 0.966796875 0.74609375 0.955078125 0.7421875 0.94140625 0.76171875 0.93359375 0.767578125 0.947265625 0.8125 0.9296875 0.806640625 0.91796875 0.82421875 0.91015625 0.828125 0.923828125 0.876953125 0.904296875 0.873046875 0.892578125 0.890625 0.884765625 0.89453125 0.8984375 0.904296875 0.89453125 0.80078125 0.623046875 0.70703125 0.66015625 0.759765625 0.794921875 0.6796875 0.826171875 0.673828125 0.849609375
0 1 0.931640625 1 0.892578125 0.98828125 0.86328125 0.966796875 0.87109375 0.9609375 0.857421875 0.943359375 0.865234375 0.94921875 0.87890625 0.89453125 0.8984375 0.890625 0.884765625 0.873046875 0.892578125 0.876953125 0.904296875 0.828125 0.923828125 0.82421875 0.91015625 0.806640625 0.91796875 0.8125 0.9296875 0.767578125 0.947265625 0.76171875 0.93359375 0.7421875 0.94140625 0.74609375 0.955078125 0.716796875 0.966796875 0.728515625 1 0.822265625 1 0.86328125 0.984375
0 0.697265625 0.740234375 0.658203125 0.755859375 0.669921875 0.787109375 0.7109375 0.7734375
0 0.6171875 0.61328125 0.44921875 0.677734375 0.458984375 0.703125 0.626953125 0.638671875
0 0.654296875 0.62890625 0.615234375 0.64453125 0.658203125 0.755859375 0.697265625 0.740234375
0 0.634765625 0.767578125 0.572265625 0.79296875 0.576171875 0.8046875 0.556640625 0.8125 0.564453125 0.83203125 0.646484375 0.80078125
0 0.130859375 0.662109375 0.044921875 0.73828125 0.0390625 0.732421875 0 0.765625 0 0.83984375 0.076171875 0.7734375 0.08203125 0.779296875 0.16796875 0.703125
0 0.078125 0.697265625 0.029296875 0.640625 0 0.666015625 0 0.765625 0.0390625 0.732421875
0 0.037109375 0.619140625 0.099609375 0.69140625 0.130859375 0.662109375 0.16796875 0.703125 0.134765625 0.732421875 0.224609375 0.833984375 0.271484375 0.79296875 0.08203125 0.580078125
0 0.03125 0.55078125 0 0.578125 0 0.65234375 0.068359375 0.591796875
0 0.046875 0.537109375 0 0.484375 0 0.568359375 0.00390625 0.57421875 0.03125 0.55078125
0 0.0234375 0.8984375 0 0.91796875 0 0.921875 0.046875 0.9765625 0.07421875 0.95703125
0 0.3125 0.978515625 0.26171875 0.912109375 0.146484375 1 0.283203125 1
0 0.33203125 1 0.369140625 0.97265625 0.296875 0.873046875 0.259765625 0.900390625
0 0.236328125 0.837890625 0.046875 0.9765625 0.064453125 1 0.123046875 1 0.275390625 0.888671875