0 0.1171875 0.64453125 0.091796875 0.638671875 0.078125 0.6875 0.158203125 0.7109375 0.162109375 0.697265625 0.212890625 0.712890625 0.208984375 0.724609375 0.279296875 0.74609375 0.29296875 0.6953125 0.267578125 0.6875 0.26953125 0.677734375 0.2265625 0.6640625 0.22265625 0.67578125 0.158203125 0.65625 0.162109375 0.646484375 0.119140625 0.634765625
0 0.384765625 0.71875 0.34375 0.697265625 0.322265625 0.736328125 0.36328125 0.7578125 0.361328125 0.765625 0.357421875 0.763671875 0.330078125 0.814453125 0.36328125 0.830078125 0.388671875 0.78125 0.39453125 0.771484375 0.4375 0.794921875 0.45703125 0.755859375 0.412109375 0.734375 0.404296875 0.75 0.376953125 0.734375
0 0.548828125 0.826171875 0.5078125 0.794921875 0.484375 0.826171875 0.517578125 0.8515625 0.505859375 0.869140625 0.4921875 0.859375 0.474609375 0.88671875 0.53125 0.92578125 0.55078125 0.900390625 0.53515625 0.890625 0.548828125 0.87109375 0.58984375 0.896484375 0.609375 0.8671875 0.5625 0.833984375 0.552734375 0.849609375 0.5390625 0.83984375
0 0.755859375 0.912109375 0.765625 0.9140625 0.767578125 0.9140625 0.78125 0.916015625 0.79296875 0.916015625 0.798828125 0.9140625 0.802734375 0.912109375 0.80859375 0.908203125 0.8125 0.904296875 0.814453125 0.8984375 0.814453125 0.89453125 0.814453125 0.888671875 0.81640625 0.87890625 0.8125 0.8671875 0.806640625 0.85546875 0.8046875 0.853515625 0.794921875 0.83984375 0.7890625 0.830078125 0.779296875 0.822265625 0.76953125 0.814453125 0.751953125 0.802734375 0.732421875 0.791015625 0.7109375 0.783203125 0.689453125 0.775390625 0.685546875 0.7734375 0.669921875 0.767578125 0.654296875 0.765625 0.646484375 0.763671875 0.640625 0.763671875 0.6328125 0.763671875 0.626953125 0.765625 0.625 0.767578125 0.62109375 0.76953125 0.619140625 0.7734375 0.6171875 0.775390625 0.615234375 0.779296875 0.615234375 0.783203125 0.615234375 0.787109375 0.6171875 0.796875 0.623046875 0.8046875 0.62890625 0.8125 0.634765625 0.822265625 0.642578125 0.83203125 0.6484375 0.8359375 0.6953125 0.880859375 0.74609375 0.91015625
0 0.677734375 0.93359375 0.6640625 0.962890625 0.650390625 0.955078125 0.638671875 0.978515625 0.65234375 0.986328125 0.650390625 0.9921875 0.658203125 0.99609375 0.65625 1 0.736328125 1 0.71484375 0.98828125 0.73046875 0.958984375
0 0.02734375 0.87890625 0.029296875 0.880859375 0.03125 0.87890625 0.03515625 0.87890625 0.037109375 0.87890625 0.0390625 0.876953125 0.041015625 0.875 0.04296875 0.873046875 0.044921875 0.873046875 0.046875 0.873046875 0.046875 0.87109375 0.048828125 0.869140625 0.048828125 0.8671875 0.05078125 0.865234375 0.048828125 0.86328125 0.048828125 0.861328125 0.048828125 0.859375 0.046875 0.859375 0.046875 0.857421875 0.044921875 0.857421875 0.04296875 0.857421875 0.04296875 0.85546875 0.041015625 0.85546875 0.0390625 0.85546875 0.0390625 0.857421875 0.037109375 0.857421875 0.03515625 0.857421875 0.033203125 0.859375 0.03125 0.861328125 0.03125 0.86328125 0.03125 0.865234375 0.029296875 0.865234375 0.029296875 0.8671875 0.02734375 0.8671875 0.025390625 0.8671875 0.0234375 0.8671875 0.0234375 0.865234375 0.021484375 0.86328125 0.017578125 0.86328125 0.015625 0.86328125 0.013671875 0.86328125 0.01171875 0.86328125 0.0078125 0.865234375 0.0078125 0.8671875 0.0078125 0.869140625 0.0078125 0.87109375 0.0078125 0.873046875 0.0078125 0.875 0.009765625 0.875 0.009765625 0.876953125 0.01171875 0.876953125 0.013671875 0.876953125 0.013671875 0.87890625 0.015625 0.87890625 0.017578125 0.876953125 0.01953125 0.876953125 0.021484375 0.876953125 0.0234375 0.87890625 0.025390625 0.87890625
0 0.712890625 0.25390625 0.7109375 0.193359375 0.494140625 0.197265625 0.494140625 0.2578125
0 0.458984375 0.16796875 0.53515625 0.16796875 0.533203125 0.041015625 0.458984375 0.04296875
0 0.658203125 0.048828125 0.65234375 0.173828125 0.7265625 0.17578125 0.732421875 0.05078125
0 0.48046875 0.009765625 0.53515625 0.0078125 0.533203125 0 0.478515625 0
0 0.705078125 0.423828125 0.705078125 0.38671875 0.63671875 0.384765625 0.63671875 0.421875 0.705078125 0.423828125
0 0.7578125 0.03125 0.7578125 0 0.69140625 0 0.69140625 0.029296875 0.7578125 0.03125
0 0.58203125 0.42578125 0.58203125 0.38671875 0.53125 0.38671875 0.53125 0.42578125 0.58203125 0.42578125