0 0.6500822368421052 0.631578947368421 0.6861636513157894 0.43369654605263147 0.7584292763157894 0.44932154605263147 0.7343749999999999 0.6480263157894737
0 0.6398026315789473 0.7148437499999999 0.6592310855263158 0.634046052631579 0.7236842105263158 0.653577302631579 0.7158717105263157 0.7354029605263157
0 0.7554481907894737 0 0.8433388157894737 0 0.8433388157894737 0.09375 0.7554481907894737 0.09375
0 0.72265625 0.25020559210526316 0.75 0.09395559210526316 0.810546875 0.10567434210526316 0.78515625 0.2619243421052633
0 0.734375 0.296875 0.76953125 0.28125 0.79296875 0.32421875 0.7578125 0.33984375
0 0.51953125 0.361328125 0.685546875 0.2734375 0.716796875 0.322265625 0.552734375 0.412109375
0 0.10053453947368418 0.6053659539473685 0.3251439144736842 0.4764597039473685 0.3583470394736842 0.5350534539473685 0.13373766447368418 0.6620065789473685
0 0.60546875 0.98828125 0.65234375 0.73046875 0.708984375 0.73828125 0.6640625 0.99609375
0 0.7294407894736842 0.42989309210526316 0.7372532894736842 0.35567434210526316 0.7743626644736842 0.35958059210526316 0.7665501644736842 0.43379934210526316
0 0.060546875 0.078125 0.21114309210526316 0 0.29235197368421056 0.04564144736842109 0.107421875 0.134765625
0 0.169921875 0.263671875 0.431640625 0.12109375 0.478515625 0.203125 0.21875 0.345703125
0 0.4840666118421053 0.06578947368421054 0.6099917763157894 0 0.729235197368421 0.029194078947368453 0.5485197368421053 0.13414884868421054
0 0.85546875 0.62890625 0.865234375 0.576171875 1 0.595703125 0.990234375 0.650390625
0 0.80859375 0.91015625 0.818359375 0.85546875 0.958984375 0.87890625 0.947265625 0.93359375
0 0.81640625 0.818359375 0.826171875 0.765625 0.98828125 0.79296875 0.978515625 0.84375
0 0.837890625 0.72265625 0.845703125 0.66796875 0.998046875 0.693359375 0.98828125 0.748046875
0 0.869140625 0.52734375 0.87890625 0.478515625 0.998046875 0.5 0.990234375 0.55078125
0 0.875 0.43359375 0.880859375 0.375 1 0.384765625 0.9921875 0.44140625
0 0.9132401315789473 0.1391858552631579 0.875205592105263 0.3190789473684211 0.998046875 0.33272797880116955 0.998046875 0.16282894736842107
0 0.9656661184210525 0.03330592105263162 0.9502467105263158 0.12479440789473686 0.998046875 0.12881968490304713 0.998046875 0.04769736842105267
0 1 1 1 0.958984375 0.78125 0.955078125 0.78125 0.998046875
0 0.042756782945736455 0.4473867490310077 0.06319646317829455 0.4269470687984496 0 0.345703125 0 0.47085453003875966