0 0.89453125 0.05078125 0.890625 0 0.6171875 0 0.623046875 0.0703125 0.841796875 0.0546875
0 0.890625 0.189453125 0.8828125 0.08984375 0.80859375 0.095703125 0.81640625 0.1953125
0 0.814453125 0.17578125 0.654296875 0.1875 0.658203125 0.248046875 0.818359375 0.236328125 0.81640625 0.1953125
0 0.384765625 0.193359375 0.384765625 0.16015625 0.337890625 0.162109375 0.33984375 0.1953125
0 0.498046875 0.1484375 0.466796875 0.150390625 0.466796875 0.19140625 0.498046875 0.189453125
0 0.28125 0.197265625 0.283203125 0.296875 0.56640625 0.287109375 0.5625 0.1875 0.33984375 0.1953125
0 0.662109375 0.736328125 0.66796875 0.818359375 0.86328125 0.80859375 0.865234375 0.849609375 0.9609375 0.845703125 0.955078125 0.72265625
0 0.67578125 0.9609375 0.841796875 0.953125 0.837890625 0.900390625 0.673828125 0.91015625
0 0.126953125 0.90625 0.130859375 1 0.328125 1 0.328125 0.970703125 0.18359375 0.978515625 0.177734375 0.904296875
0 0.13671875 0.736328125 0.017578125 0.744140625 0.021484375 0.8125 0.140625 0.8046875
0 0.087890625 0.97265625 0.0859375 0.921875 0.009765625 0.92578125 0.01171875 0.9765625
0 0.07421875 0.03515625 0.0703125 0 0 0 0 0.0390625
0 0.10546875 0.041015625 0 0.044921875 0 0.09375 0.107421875 0.08984375
0 0.06640625 0.19921875 0 0.201171875 0 0.265625 0.068359375 0.263671875
0 0.107421875 0.08984375 0.060546875 0.091796875 0.068359375 0.263671875 0.115234375 0.26171875
0 0.126953125 0.123046875 0.212890625 0.119140625 0.208984375 0.0390625 0.125 0.04296875
0 0.2109375 0.0390625 0.208984375 0 0.12109375 0 0.125 0.04296875 0.208984375 0.0390625
0 0.48828125 0.060546875 0.484375 0.001953125 0.30859375 0.013671875 0.3125 0.072265625
0 0.54296875 0.056640625 0.537109375 0 0.484375 0 0.48828125 0.060546875
0 0.0234375 0.396484375 0.23828125 0.388671875 0.236328125 0.3359375 0.01953125 0.345703125
0 0.146484375 0.326171875 0.205078125 0.32421875 0.201171875 0.259765625 0.14453125 0.26171875
0 0.025390625 0.541015625 0.2421875 0.53125 0.240234375 0.470703125 0.021484375 0.48046875
0 0.5234375 0.90625 0.404296875 0.91015625 0.40625 0.953125 0.525390625 0.94921875
0 0.564453125 0.947265625 0.5625 0.888671875 0.5234375 0.890625 0.525390625 0.94921875
0 0.251953125 0.861328125 0.248046875 0.77734375 0.197265625 0.779296875 0.19921875 0.818359375 0.17578125 0.8203125 0.177734375 0.865234375 0.201171875 0.86328125
0 0.185546875 0.689453125 0.1875 0.736328125 0.509765625 0.72265625 0.51171875 0.7734375 0.560546875 0.771484375 0.556640625 0.697265625 0.5078125 0.701171875 0.5078125 0.67578125
0 0.2578125 0.8515625 0.515625 0.84375 0.515625 0.798828125 0.255859375 0.80859375
0 0.017578125 0.744140625 0 0.744140625 0 0.814453125 0.021484375 0.814453125
0 0.888671875 0.474609375 0.974609375 0.470703125 0.966796875 0.30078125 0.87890625 0.3046875
0 0.873046875 0.39453125 0.75390625 0.40234375 0.755859375 0.43359375 0.61328125 0.443359375 0.6171875 0.5234375 0.87890625 0.505859375
0 0.27734375 0.140625 0.271484375 0 0.220703125 0 0.224609375 0.142578125 0.27734375 0.140625
0 0.048828125 0.189453125 0.046875 0.134765625 0 0.134765625 0 0.189453125 0.048828125 0.189453125
0 0.068359375 0.9140625 0.068359375 0.8671875 0 0.8671875 0 0.916015625 0.068359375 0.9140625