0 0.662109375 1 0.69140625 1 0.701171875 0.9609375 0.673828125 0.955078125
0 0.2265625 0.7421875 0.1796875 0.728515625 0.1171875 0.708984375 0.072265625 0.8515625 0.46875 0.97265625 0.513671875 0.83203125 0.345703125 0.779296875 0.345703125 0.78125 0.263671875 0.75390625
0 0.017578125 0.662109375 0 0.705078125 0 0.83203125 0.01953125 0.83984375 0.080078125 0.685546875
0 0.060546875 0.55078125 0.017578125 0.662109375 0.080078125 0.685546875 0.123046875 0.57421875
0 0.353515625 0.658203125 0.3203125 0.744140625 0.513671875 0.81640625 0.544921875 0.73046875
0 0.5703125 0.3671875 0.337890625 0.435546875 0.369140625 0.54296875 0.56640625 0.552734375 0.619140625 0.53515625
0 0.994140625 1 1 1 1 0.7109375 0.80078125 0.646484375 0.716796875 0.908203125
0 0.208984375 0.638671875 0.1953125 0.681640625 0.275390625 0.70703125 0.265625 0.7421875 0.298828125 0.75390625 0.32421875 0.673828125
0 0.4453125 0.314453125 0.283203125 0.330078125 0.31640625 0.44140625 0.46875 0.396484375
0 0.05078125 0.150390625 0.052734375 0 0 0 0 0.150390625 0.05078125 0.150390625
0 0.18359375 0.703125 0.21875 0.60546875 0.17578125 0.58984375 0.140625 0.689453125 0.18359375 0.703125
0 0.375 0.24609375 0.36328125 0.189453125 0.328125 0.197265625 0.33984375 0.25390625 0.375 0.24609375
0 0.41796875 0.275390625 0.408203125 0.23828125 0.375 0.24609375 0.384765625 0.28515625 0.41796875 0.275390625
0 0.775390625 0.24609375 0.7421875 0.169921875 0.708984375 0.18359375 0.7421875 0.259765625 0.775390625 0.24609375