0 0.943359375 0.044921875 0.92578125 0.099609375 1 0.123046875 1 0.0625
0 0.90625 0.189453125 0.88671875 0.244140625 1 0.279296875 1 0.21875
0 0.853515625 0.41015625 0.8515625 0.419921875 0.845703125 0.419921875 0.84375 0.427734375 0.82421875 0.419921875 0.8046875 0.482421875 0.8125 0.484375 0.810546875 0.490234375 0.8515625 0.50390625 0.85546875 0.490234375 0.876953125 0.498046875 0.873046875 0.51171875 0.908203125 0.5234375 0.91015625 0.515625 0.921875 0.51953125 0.94140625 0.458984375 0.931640625 0.455078125 0.93359375 0.447265625 0.9296875 0.4453125 0.931640625 0.435546875 0.916015625 0.431640625 0.912109375 0.44140625 0.8671875 0.42578125 0.87109375 0.416015625
0 0.74609375 0.6484375 0.71484375 0.75 0.84765625 0.7890625 0.859375 0.748046875 0.845703125 0.744140625 0.84765625 0.73828125 0.841796875 0.736328125 0.84375 0.724609375 0.82421875 0.71875 0.822265625 0.73046875 0.798828125 0.724609375 0.796875 0.73046875 0.765625 0.720703125 0.7734375 0.6953125 0.7890625 0.701171875 0.79296875 0.6875 0.77734375 0.681640625 0.783203125 0.66015625
0 0.765625 0.720703125 0.796875 0.73046875 0.798828125 0.724609375 0.822265625 0.73046875 0.82421875 0.71875 0.84375 0.724609375 0.841796875 0.736328125 0.84765625 0.73828125 0.845703125 0.744140625 0.859375 0.748046875 0.84765625 0.7890625 0.9765625 0.828125 0.9765625 0.826171875 0.982421875 0.828125 0.99609375 0.78125 1 0.78125 1 0.767578125 0.771484375 0.701171875
0 0.765625 0.576171875 0.74609375 0.6484375 0.783203125 0.66015625 0.8046875 0.587890625
0 0.298828125 0.537109375 0.314453125 0.48828125 0.255859375 0.470703125 0.22265625 0.57421875 0.28125 0.59375 0.27734375 0.603515625 0.638671875 0.720703125 0.66015625 0.654296875
0 0.34765625 0.396484375 0.369140625 0.33203125 0.318359375 0.314453125 0.279296875 0.423828125 0.33203125 0.44140625 0.328125 0.453125 0.693359375 0.576171875 0.712890625 0.51953125
0 0.388671875 0.2578125 0.41015625 0.193359375 0.365234375 0.177734375 0.326171875 0.2890625 0.73828125 0.4296875 0.75390625 0.3828125
0 0.041015625 0.21875 0.025390625 0.2734375 0.20703125 0.326171875 0.22265625 0.271484375 0.046875 0.21875
0 0.0859375 0.076171875 0.046875 0.21875 0.099609375 0.234375 0.138671875 0.091796875 0.1015625 0.080078125
0 0.21875 0.11328125 0.208984375 0.146484375 0.236328125 0.15234375 0.244140625 0.119140625
0 0.537109375 0.09765625 0.443359375 0.068359375 0.46484375 0 0.4140625 0 0.392578125 0.06640625 0.423828125 0.076171875 0.412109375 0.111328125 0.521484375 0.1484375 0.533203125 0.111328125
0 0.62109375 0.119140625 0.642578125 0.048828125 0.587890625 0.03125 0.546875 0.1640625 0.806640625 0.24609375 0.826171875 0.18359375
0 0.03515625 0.123046875 0.041015625 0.060546875 0 0.056640625 0 0.119140625 0.03515625 0.123046875