0 0.97265625 0.787109375 1 0.78515625 1 0.73046875 0.970703125 0.732421875
0 0.921875 0.220703125 1 0.216796875 1 0.15625 0.919921875 0.16015625
0 1 0.037109375 1 0 0.90625 0 0.908203125 0.04296875
0 0.939453125 0.59765625 1 0.59375 1 0.533203125 0.935546875 0.537109375
0 0.947265625 0.416015625 1 0.412109375 1 0.34375 0.9453125 0.34765625
0 0.87109375 0.44140625 0.728515625 0.447265625 0.73046875 0.517578125 0.873046875 0.51171875
0 0.896484375 0.830078125 0.89453125 0.759765625 0.74609375 0.765625 0.748046875 0.8359375 0.888671875 0.830078125
0 0.75 0.728515625 0.80859375 0.7265625 0.80078125 0.53125 0.7421875 0.53515625
0 0.84765625 0.19140625 0.845703125 0.125 0.7109375 0.130859375 0.712890625 0.197265625 0.724609375 0.197265625
0 0.765625 0.1953125 0.724609375 0.197265625 0.732421875 0.41015625 0.7734375 0.408203125
0 0.76171875 0.12890625 0.76171875 0.111328125 0.8125 0.060546875 0.91015625 0.056640625 0.908203125 0.009765625 0.7578125 0.015625 0.71875 0.0546875 0.72265625 0.130859375 0.751953125 0.12890625
0 0.541015625 0.216796875 0.060546875 0.236328125 0.064453125 0.28515625 0.12109375 0.283203125 0.12109375 0.296875 0.54296875 0.279296875
0 0.103515625 0.47265625 0.560546875 0.453125 0.55859375 0.39453125 0.1015625 0.412109375 0.103515625 0.46875
0 0.537109375 0.126953125 0.533203125 0.0546875 0.296875 0.064453125 0.298828125 0.13671875 0.365234375 0.134765625
0 0.771484375 1 0.81640625 1 0.814453125 0.9140625 0.76953125 0.916015625
0 0.267578125 0.1484375 0.26171875 0.068359375 0 0.0859375 0 0.166015625
0 0.04296875 0.90234375 0.0390625 0.84375 0 0.845703125 0 0.904296875 0.01953125 0.904296875
0 0.267578125 0.73046875 0.259765625 0.623046875 0 0.640625 0 0.748046875
0 0.55078125 0.962890625 0.5390625 0.8046875 0.0390625 0.841796875 0.05078125 1 0.515625 0.96484375
0 0.3984375 0.61328125 0.39453125 0.525390625 0.291015625 0.529296875 0.294921875 0.619140625 0.3984375 0.61328125
0 0.037109375 0.998046875 0.037109375 0.919921875 0 0.919921875 0 0.998046875 0.037109375 0.998046875
0 0.61328125 0.72265625 0.61328125 0.68359375 0.580078125 0.68359375 0.580078125 0.72265625 0.61328125 0.72265625
0 0.451171875 0.712890625 0.44921875 0.658203125 0.388671875 0.66015625 0.390625 0.71484375 0.451171875 0.712890625