0 0.8515625 0.111328125 0.837890625 0.146484375 1 0.208984375 1 0.16796875
0 0.728515625 0.2734375 0.4453125 1 0.517578125 1 0.79296875 0.296875 0.78125 0.29296875
0 0.837890625 0.146484375 0.78125 0.29296875 0.79296875 0.296875 0.517578125 1 1 1 1 0.208984375
0 0.009765625 0.26953125 0.021484375 0.23828125 0 0.228515625 0 0.265625
0 0.1328125 0.31640625 0.146484375 0.279296875 0.095703125 0.259765625 0.080078125 0.296875
0 0.22265625 0.84765625 0.33984375 0.892578125 0.47265625 0.54296875 0.357421875 0.498046875
0 0.388671875 0.416015625 0.134765625 0.318359375 0 0.66796875 0 0.919921875 0.169921875 0.986328125 0.22265625 0.84765625
0 0 0.0546875 0 0.158203125 0.125 0.208984375 0.16015625 0.119140625
0 0.22265625 0.2421875 0.30859375 0.2734375 0.33203125 0.2109375 0.24609375 0.1796875
0 0.49609375 0.28125 0.443359375 0.4140625 0.46484375 0.423828125 0.515625 0.443359375 0.556640625 0.458984375 0.609375 0.326171875
0 0.376953125 0.1015625 0.43359375 0.125 0.4375 0.1171875 0.609375 0.189453125 0.630859375 0.138671875 0.517578125 0.091796875 0.52734375 0.072265625 0.46875 0.046875 0.466796875 0.05078125 0.408203125 0.02734375
0 0.7421875 0.01171875 0.74609375 0 0.7109375 0