0 0.71484375 0.884765625 0.71484375 0.892578125 0.68359375 0.890625 0.681640625 0.935546875 0.78125 0.94140625 0.78515625 0.896484375 0.75390625 0.89453125 0.75390625 0.88671875
0 0.904296875 0.89453125 0.904296875 0.90234375 0.875 0.90234375 0.87109375 0.947265625 0.97265625 0.953125 0.9765625 0.90625 0.947265625 0.90625 0.94921875 0.896484375
0 0.466796875 0.89453125 0.466796875 0.900390625 0.4453125 0.900390625 0.44140625 0.943359375 0.623046875 0.953125 0.625 0.91015625 0.603515625 0.908203125 0.603515625 0.90234375 0.55078125 0.8984375 0.55078125 0.91015625 0.52734375 0.91015625 0.52734375 0.8984375
0 0.759765625 0.689453125 0.759765625 0.701171875 0.736328125 0.69921875 0.732421875 0.744140625 0.99609375 0.759765625 1 0.71484375 0.984375 0.712890625 0.984375 0.703125 0.927734375 0.69921875 0.927734375 0.7109375 0.900390625 0.708984375 0.900390625 0.69921875 0.84765625 0.6953125 0.84765625 0.705078125 0.8125 0.703125 0.814453125 0.693359375
0 0.396484375 0.658203125 0.396484375 0.66796875 0.373046875 0.666015625 0.37109375 0.7109375 0.634765625 0.7265625 0.63671875 0.681640625 0.62109375 0.681640625 0.62109375 0.669921875 0.56640625 0.66796875 0.564453125 0.677734375 0.537109375 0.67578125 0.537109375 0.666015625 0.484375 0.662109375 0.484375 0.673828125 0.451171875 0.671875 0.451171875 0.66015625
0 1 0.703125 0.63671875 0.681640625 0.634765625 0.7265625 0.734375 0.732421875 0.736328125 0.69921875 0.759765625 0.701171875 0.759765625 0.689453125 0.814453125 0.693359375 0.8125 0.703125 0.84765625 0.705078125 0.84765625 0.6953125 0.900390625 0.69921875 0.900390625 0.708984375 0.927734375 0.7109375 0.927734375 0.69921875 0.984375 0.703125 0.984375 0.712890625 1 0.71484375
0 0.3515625 0.9765625 0.349609375 1 0.388671875 1 0.390625 0.978515625
0 0.36328125 0.771484375 0.3515625 0.9765625 0.4140625 0.98046875 0.42578125 0.775390625
0 0.93359375 0.443359375 1 0.447265625 1 0.1953125 0.953125 0.193359375
0 0.95703125 0.16015625 1 0.162109375 1 0.0703125 0.96484375 0.068359375
0 0.947265625 0.037109375 1 0.04296875 1 0 0.951171875 0
0 0.853515625 0.138671875 0.931640625 0.146484375 0.94140625 0.0546875 0.865234375 0.046875
0 0.736328125 0.171875 0.71484375 0.4140625 0.8046875 0.421875 0.828125 0.1796875
0 0.4375 0.005859375 0.43359375 0.091796875 0.837890625 0.138671875 0.84765625 0.05078125
0 0.416015625 0.423828125 0.4140625 0.44140625 0.3203125 0.435546875 0.31640625 0.486328125 0.3984375 0.490234375 0.396484375 0.5078125 0.46875 0.51171875 0.470703125 0.49609375 0.54296875 0.5 0.546875 0.451171875 0.451171875 0.4453125 0.453125 0.427734375
0 0.337890625 0.361328125 0.333984375 0.40234375 0.470703125 0.412109375 0.47265625 0.369140625
0 0.359375 0 0.337890625 0.361328125 0.6640625 0.380859375 0.666015625 0.330078125 0.41796875 0.314453125 0.4375 0.005859375
0 0.5390625 0.576171875 0.54296875 0.53125 0.45703125 0.525390625 0.453125 0.5703125 0.5390625 0.576171875
0 0.634765625 0.48046875 0.63671875 0.443359375 0.572265625 0.439453125 0.5703125 0.4765625 0.634765625 0.48046875