0 0.890625 0.98828125 0.8828125 0.990234375 0.8828125 0.98046875 0.8671875 0.982421875 0.865234375 0.970703125 0.841796875 0.97265625 0.84375 0.994140625 0.818359375 0.998046875 0.81640625 0.9765625 0.7890625 0.98046875 0.791015625 0.9921875 0.765625 0.99609375 0.765625 1 0.890625 1
0 0.685546875 0.951171875 0.66015625 1 0.70703125 1 0.712890625 0.990234375 0.736328125 0.98828125 0.755859375 1 0.765625 1 0.765625 0.99609375 0.791015625 0.9921875 0.7890625 0.98046875 0.81640625 0.9765625 0.818359375 0.998046875 0.84375 0.994140625 0.84375 0.9921875 0.7578125 0.94140625
0 0.72265625 0.271484375 0.71484375 0.28515625 0.693359375 0.2734375 0.66796875 0.3203125 0.943359375 0.4765625 0.96875 0.4296875 0.958984375 0.423828125 0.966796875 0.408203125 0.92578125 0.38671875 0.91796875 0.400390625 0.90625 0.39453125 0.9140625 0.37890625 0.869140625 0.353515625 0.861328125 0.3671875 0.849609375 0.361328125 0.857421875 0.34765625 0.810546875 0.3203125 0.802734375 0.333984375 0.791015625 0.328125 0.798828125 0.314453125 0.759765625 0.291015625 0.75 0.3046875 0.736328125 0.296875 0.74609375 0.283203125
0 0.7734375 0.125 0.759765625 0.1171875 0.732421875 0.166015625 1 0.31640625 1 0.23828125 0.994140625 0.25 0.982421875 0.2421875 0.98828125 0.23046875 0.943359375 0.205078125 0.9375 0.216796875 0.923828125 0.208984375 0.9296875 0.197265625 0.888671875 0.17578125 0.8828125 0.1875 0.865234375 0.177734375 0.87109375 0.166015625 0.830078125 0.142578125 0.82421875 0.154296875 0.8046875 0.142578125 0.810546875 0.130859375 0.779296875 0.11328125
0 0.994140625 0.634765625 0.919921875 0.591796875 0.884765625 0.654296875 1 0.71875 1 0.65234375 0.986328125 0.646484375
0 0.72265625 0.47265625 0.712890625 0.466796875 0.681640625 0.521484375 0.859375 0.62109375 0.890625 0.56640625 0.87109375 0.5546875 0.876953125 0.544921875 0.84765625 0.52734375 0.841796875 0.5390625 0.8203125 0.52734375 0.826171875 0.515625 0.791015625 0.49609375 0.78515625 0.5078125 0.759765625 0.4921875 0.765625 0.482421875 0.728515625 0.4609375
0 0.48828125 0.341796875 0.48046875 0.3359375 0.451171875 0.388671875 0.65625 0.50390625 0.68359375 0.451171875 0.6484375 0.431640625 0.65625 0.41796875 0.611328125 0.392578125 0.603515625 0.40625 0.583984375 0.39453125 0.591796875 0.380859375 0.556640625 0.361328125 0.548828125 0.375 0.529296875 0.36328125 0.53515625 0.349609375 0.49609375 0.328125
0 0.6015625 0.603515625 0.57421875 0.654296875 0.6015625 0.66796875 0.62890625 0.619140625
0 0.427734375 0.478515625 0.419921875 0.4921875 0.40234375 0.482421875 0.37109375 0.5390625 0.57421875 0.654296875 0.60546875 0.59765625 0.556640625 0.568359375 0.564453125 0.5546875 0.541015625 0.541015625 0.533203125 0.556640625 0.498046875 0.537109375 0.505859375 0.521484375 0.48046875 0.5078125 0.47265625 0.521484375 0.44140625 0.50390625 0.44921875 0.490234375
0 0.640625 0.626953125 0.62890625 0.619140625 0.6015625 0.666015625 0.775390625 0.765625 0.802734375 0.716796875 0.783203125 0.70703125 0.7890625 0.6953125 0.771484375 0.68359375 0.763671875 0.6953125 0.734375 0.677734375 0.740234375 0.66796875 0.70703125 0.6484375 0.701171875 0.66015625 0.671875 0.64453125 0.6796875 0.6328125 0.6484375 0.615234375
0 0.84765625 0.75 0.83984375 0.744140625 0.810546875 0.796875 1 0.904296875 1 0.8359375 0.998046875 0.8359375 1 0.83203125 1 0.818359375 0.96484375 0.798828125 0.95703125 0.8125 0.94140625 0.802734375 0.94921875 0.791015625 0.912109375 0.76953125 0.904296875 0.78125 0.890625 0.7734375 0.896484375 0.76171875 0.85546875 0.73828125
0 0.5 0.302734375 0.619140625 0.36328125 0.640625 0.318359375 0.521484375 0.2578125
0 0.646484375 0.291015625 0.666015625 0.298828125 0.75390625 0.07421875 0.734375 0.06640625
0 0.072265625 0.28515625 0 0.244140625 0 0.279296875 0.033203125 0.298828125 0.021484375 0.3203125 0.044921875 0.33203125 0.056640625 0.310546875
0 0.064453125 0.345703125 0.115234375 0.37109375 0.13671875 0.328125 0.0859375 0.302734375
0 0.998046875 0.556640625 1 0.453125 0.95703125 0.453125 0.95703125 0.556640625 0.998046875 0.556640625