0 0.12109375 0.26953125 0.09375 0.26953125 0.005859375 0.330078125 0.029296875 0.36328125 0.07421875 0.330078125 0.1171875 0.314453125 0.12109375 0.326171875 0.13671875 0.31640625 0.130859375 0.28125
0 0.142578125 0.314453125 0.1875 0.3125 0.185546875 0.26953125 0.140625 0.271484375
0 0.087890625 0.119140625 0.0859375 0.080078125 0 0.080078125 0 0.119140625
0 0.115234375 0.08203125 0.115234375 0.1015625 0.099609375 0.1015625 0.099609375 0.12890625 0.21484375 0.130859375 0.21484375 0.103515625 0.201171875 0.103515625 0.201171875 0.08203125
0 0.265625 0.12109375 0.23828125 0.171875 0.296875 0.21484375 0.29296875 0.21875 0.296875 0.302734375 0.3203125 0.30078125 0.3203125 0.318359375 0.357421875 0.318359375 0.357421875 0.271484375 0.36328125 0.271484375 0.365234375 0.25 0.357421875 0.25 0.357421875 0.2421875 0.365234375 0.2421875 0.365234375 0.240234375 0.36328125 0.19921875 0.419921875 0.16015625 0.400390625 0.125 0.37109375 0.123046875 0.318359375 0.146484375 0.29296875 0.130859375
0 0.439453125 0.2578125 0.439453125 0.2734375 0.44921875 0.2734375 0.44921875 0.306640625 0.48046875 0.306640625 0.48046875 0.31640625 0.529296875 0.318359375 0.529296875 0.2734375 0.505859375 0.2734375 0.505859375 0.259765625
0 0.326171875 0.48828125 0.380859375 0.490234375 0.3828125 0.43359375 0.328125 0.431640625 0.328125 0.482421875
0 0.328125 0.439453125 0.30078125 0.439453125 0.30078125 0.43359375 0.23828125 0.431640625 0.23828125 0.490234375 0.298828125 0.4921875 0.298828125 0.482421875 0.328125 0.482421875
0 0.244140625 0.591796875 0.244140625 0.68359375 0.302734375 0.681640625 0.30078125 0.591796875
0 0.57421875 0.759765625 0.572265625 0.66796875 0.537109375 0.66796875 0.537109375 0.759765625 0.552734375 0.759765625
0 0.654296875 0.71875 0.7734375 0.71875 0.7734375 0.658203125 0.654296875 0.658203125
0 0.759765625 0.625 0.759765625 0.62890625 0.689453125 0.62890625 0.689453125 0.6328125 0.66796875 0.6328125 0.66796875 0.646484375 0.7734375 0.646484375 0.7734375 0.623046875
0 0.736328125 0.83203125 0.78125 0.83203125 0.78125 0.783203125 0.73828125 0.783203125
0 0.857421875 0.666015625 0.857421875 0.669921875 0.841796875 0.67578125 0.83984375 0.669921875 0.798828125 0.6796875 0.80859375 0.724609375 0.8984375 0.703125 0.896484375 0.693359375 0.90234375 0.693359375 0.89453125 0.65625
0 0.998046875 0.623046875 0.998046875 0.626953125 0.9765625 0.630859375 0.9765625 0.626953125 0.923828125 0.638671875 0.923828125 0.64453125 0.908203125 0.6484375 0.91796875 0.693359375 1 0.673828125 1 0.62109375
0 0.935546875 0.73828125 0.943359375 0.78125 0.953125 0.78125 0.955078125 0.787109375 1 0.77734375 1 0.724609375
0 0.880859375 0.439453125 0.869140625 0.447265625 0.8671875 0.46484375 0.87109375 0.556640625 0.857421875 0.556640625 0.857421875 0.548828125 0.833984375 0.548828125 0.833984375 0.546875 0.806640625 0.546875 0.806640625 0.572265625 0.80078125 0.5703125 0.802734375 0.6015625 0.806640625 0.6015625 0.806640625 0.603515625 0.919921875 0.60546875 0.921875 0.576171875 1 0.576171875 1 0.453125 0.919921875 0.458984375 0.90625 0.435546875
0 0.7109375 0.267578125 0.7109375 0.3203125 0.896484375 0.322265625 0.896484375 0.287109375 0.888671875 0.287109375 0.88671875 0.267578125 0.71875 0.267578125
0 0.94921875 0.279296875 0.94921875 0.326171875 0.982421875 0.326171875 0.98046875 0.36328125 1 0.361328125 1 0.27734375
0 0.6875 0.125 0.685546875 0.185546875 0.7265625 0.185546875 0.7265625 0.177734375 0.74609375 0.17578125 0.74609375 0.140625 0.724609375 0.140625 0.724609375 0.125 0.71484375 0.125
0 0.8828125 0.197265625 0.8828125 0.171875 0.79296875 0.169921875 0.79296875 0.205078125 0.833984375 0.205078125 0.83203125 0.197265625
0 0.9609375 0.099609375 0.9609375 0.12890625 0.966796875 0.12890625 0.966796875 0.1640625 1 0.1640625 1 0.099609375
0 0.8984375 0.060546875 0.8984375 0.033203125 0.734375 0.03515625 0.734375 0.072265625 0.755859375 0.072265625 0.755859375 0.078125 0.892578125 0.076171875 0.890625 0.060546875
0 0.453125 0.087890625 0.455078125 0.126953125 0.4921875 0.125 0.4921875 0.138671875 0.51953125 0.138671875 0.548828125 0.138671875 0.5625 0.138671875 0.560546875 0.091796875 0.525390625 0.091796875 0.525390625 0.0859375
0 0.30078125 0.09375 0.31640625 0.09375 0.31640625 0.001953125 0.298828125 0.001953125
0 0.5390625 0.43359375 0.412109375 0.43359375 0.412109375 0.490234375 0.44140625 0.48828125 0.44140625 0.494140625 0.490234375 0.494140625 0.4921875 0.484375 0.51953125 0.484375 0.517578125 0.494140625 0.51953125 0.55859375 0.5703125 0.55859375 0.5703125 0.53515625 0.578125 0.53515625 0.578125 0.517578125 0.57421875 0.517578125 0.57421875 0.50390625 0.5703125 0.50390625 0.564453125 0.50390625 0.564453125 0.49609375 0.5703125 0.49609375 0.572265625 0.48828125 0.5703125 0.4609375
0 0.947265625 0.916015625 0.935546875 0.91015625 0.865234375 1 0.9609375 1
0 0.734375 0.03515625 0.669921875 0.0859375 0.66796875 0.279296875 0.7109375 0.3203125 0.7109375 0.267578125 0.71875 0.267578125 0.716796875 0.185546875 0.685546875 0.185546875 0.6875 0.125 0.71484375 0.125 0.71484375 0.103515625 0.734375 0.072265625
0 0.921875 0.263671875 0.939453125 0.263671875 0.9375 0.212890625 0.921875 0.212890625
0 0.548828125 0.138671875 0.51953125 0.138671875 0.521484375 0.251953125 0.55078125 0.251953125
0 0.30078125 0.7734375 0.28515625 0.775390625 0.28515625 0.76953125 0.25390625 0.771484375 0.255859375 0.8515625 0.46484375 0.84765625 0.46484375 0.826171875 0.513671875 0.826171875 0.513671875 0.8046875 0.53125 0.8046875 0.53125 0.76171875 0.513671875 0.76171875 0.513671875 0.744140625 0.498046875 0.744140625 0.498046875 0.654296875 0.54296875 0.654296875 0.54296875 0.591796875 0.30078125 0.591796875 0.302734375 0.681640625 0.279296875 0.68359375 0.279296875 0.701171875 0.298828125 0.701171875
0 1 0.94140625 0.998046875 0.875 0.96484375 0.875 0.966796875 0.94140625 1 0.94140625
0 0.52734375 0.998046875 0.52734375 0.970703125 0.37890625 0.970703125 0.37890625 1 0.52734375 0.998046875
0 1 0.447265625 1 0.40234375 0.919921875 0.40234375 0.919921875 0.447265625 1 0.447265625