0 0.8064731349065231 0.701007956970128 0.9305924227799229 0.7005912162162161 0.9328547297297298 0.8076737451737451 0.8866540559591547 0.8438944701280227 0.7704945164854705 0.7729651938122332
0 0.17793996710526316 0.5128495065789473 0.17793996710526316 0.46206825657894735 0.41231496710526316 0.46206825657894735 0.41231496710526316 0.5128495065789473
0 0.10516036184210525 0.3931949013157895 0.39617598684210525 0.3931949013157895 0.39617598684210525 0.4556949013157895 0.10516036184210525 0.4556949013157895
0 0.423828125 0.03125 0.501953125 0.03125 0.501953125 0.072265625 0.423828125 0.072265625
0 0.400390625 0.2421875 0.65234375 0.2421875 0.65234375 0.3125 0.400390625 0.3125
0 0.41622121710526316 0.12345805921052633 0.6564555921052632 0.12345805921052633 0.6564555921052632 0.18595805921052633 0.41622121710526316 0.18595805921052633
0 0.7866981907894737 0.001027960526315791 0.9292763157894737 0.001027960526315791 0.9292763157894737 0.0459498355263158 0.7866981907894737 0.0459498355263158
0 0 0.0631167763157895 0.06979851973684213 0.06722861842105267 0.07020970394736843 0.22450657894736842 0 0.22245065789473686
0 0 0.40604440789473684 0.0703125 0.40604440789473684 0.0703125 0.46463815789473684 0 0.46463815789473684
0 0 0.408203125 0 0.30859375 0.0703125 0.30859375 0.0703125 0.408203125
0 0.0859375 0.1328125 0.205078125 0.1328125 0.205078125 0.203125 0.0859375 0.203125
0 0.095703125 0.2578125 0.208984375 0.2578125 0.208984375 0.3203125 0.095703125 0.3203125
0 0.658203125 0.490234375 0.658203125 0.4296875 0.87890625 0.4296875 0.87890625 0.490234375
0 0.39977384868421056 0.763157894736842 0.4022409539473684 0.6261307565789475 0.5159333881578947 0.6223273026315789 0.5169613486842105 0.7652138157894736
0 0.41015625 0.373046875 0.6484375 0.373046875 0.6484375 0.443359375 0.41015625 0.443359375
0 0.09220805921052627 0.018708881578947366 0.24455180921052627 0.018708881578947366 0.24455180921052627 0.08511513157894737 0.09220805921052627 0.08511513157894737
0 0.205078125 0.25390625 0.38671875 0.25390625 0.38671875 0.3125 0.205078125 0.3125
0 0.21607730263157893 0.13712993421052633 0.3977179276315789 0.13712993421052633 0.3977179276315789 0.19572368421052633 0.21607730263157893 0.19572368421052633
0 0.64453125 0.603515625 0.64453125 0.537109375 0.875 0.537109375 0.875 0.603515625
0 0.23941200657894746 0.6048519736842105 0.39319490131578955 0.6043379934210527 0.39319490131578955 0.6726973684210527 0.24043996710526316 0.6726973684210525
0 0.5198396381578947 0 0.7503083881578947 0 0.7513363486842105 0.05489309210526319 0.5210731907894737 0.05489309210526319
0 0.002981085526315791 0.9999999999999999 0.002981085526315791 0.9453125 0.08501233552631582 0.9453125 0.08501233552631582 0.9999999999999999
0 0.896484375 0.30859375 1 0.30859375 1 0.361328125 0.896484375 0.361328125
0 0.89453125 0.076171875 1 0.076171875 1 0.134765625 0.89453125 0.134765625
0 0.880859375 0.189453125 1 0.189453125 1 0.255859375 0.880859375 0.255859375
0 0.880859375 0.53515625 0.9921875 0.53515625 0.9921875 0.591796875 0.880859375 0.591796875
0 0.9132401315789473 0.6514185855263157 0.9132401315789473 0.6182154605263157 0.9620682565789473 0.6182154605263157 0.9620682565789473 0.6514185855263157
0 0.8828125 0.423828125 1 0.423828125 1 0.486328125 0.8828125 0.486328125
0 0 0.782689144736842 0 0.5719572368421052 0.1334292763157895 0.5725740131578947 0.13353207236842107 0.7806332236842104
0 0 0.5673314144736843 0 0.4950657894736843 0.12304687499999999 0.4950657894736843 0.12304687499999999 0.5673314144736843
0 0.5208675986842105 0.5755550986842105 0.5208675986842105 0.4759457236842105 0.5950863486842105 0.4759457236842105 0.5950863486842105 0.5755550986842105
0 0.4140625 0.4609375 0.52734375 0.4609375 0.52734375 0.51953125 0.4140625 0.51953125
0 0.6741365131578947 0.16272615131578944 0.6741365131578947 0.11585115131578949 0.7346833881578947 0.11585115131578949 0.7346833881578947 0.16272615131578944
0 0.17506167763157898 0.9360608552631579 0.397717927631579 0.9360608552631579 0.397717927631579 0.9829358552631577 0.17506167763157898 0.9829358552631577
0 0.3658511513157895 0.802220394736842 0.40182976973684215 0.8032483552631579 0.40182976973684215 0.8371710526315789 0.3668791118421053 0.8351151315789473
0 0.6793791118421052 0.998046875 0.6762952302631579 0.9574424342105262 0.7760074013157894 0.9574424342105262 0.7764185855263158 1
0 0.7801192434210525 0.9543585526315789 0.7791263270035885 0.998046875 0.9610402960526314 0.9965049342105262 0.9620682565789473 0.9481907894736842
0 0.4809827302631579 0.0045230263157895086 0.47892680921052627 0.027138157894736874 0.32781661184210525 0.028166118421052665 0.32781661184210525 0.00143914473684214
0 0.2421875 0.568359375 0.244140625 0.53125 0.138671875 0.5234375 0.13671875 0.5625