0 0.71875 1 0.78125 1 0.8359375 0.96875 0.802734375 0.9140625 0.703125 0.97265625
0 0.900390625 0.861328125 0.93359375 0.91796875 1 0.876953125 1 0.80078125
0 0.93359375 0.91796875 0.94921875 0.943359375 1 0.912109375 1 0.876953125
0 0.853515625 0.7578125 0.982421875 0.685546875 0.951171875 0.626953125 0.8203125 0.69921875
0 0.712890625 0.634765625 0.900390625 0.533203125 0.87109375 0.48046875 0.68359375 0.58203125
0 0.93359375 0.34375 0.92578125 0.39453125 0.939453125 0.396484375 0.935546875 0.4140625 0.990234375 0.421875 0.994140625 0.40625 1 0.40625 1 0.353515625
0 0.439453125 0.958984375 0.70703125 0.828125 0.6796875 0.7734375 0.412109375 0.904296875
0 0.3515625 0.818359375 0.654296875 0.673828125 0.626953125 0.619140625 0.326171875 0.765625
0 0.275390625 0.6640625 0.58984375 0.5078125 0.564453125 0.455078125 0.25 0.61328125
0 0.6328125 0.484375 0.845703125 0.361328125 0.814453125 0.30859375 0.6015625 0.431640625
0 0.841796875 0.1796875 0.83203125 0.2265625 0.84375 0.228515625 0.83984375 0.24609375 0.90625 0.259765625 0.91015625 0.2421875 0.927734375 0.244140625 0.935546875 0.197265625
0 0.74609375 0.18359375 0.48046875 0.3203125 0.505859375 0.37109375 0.771484375 0.234375
0 0.443359375 0.328125 0.1640625 0.47265625 0.193359375 0.529296875 0.47265625 0.384765625
0 0.10546875 0.388671875 0.322265625 0.283203125 0.296875 0.232421875 0.080078125 0.337890625
0 0.357421875 0.26171875 0.689453125 0.087890625 0.66015625 0.033203125 0.328125 0.20703125
0 0.7578125 0.013671875 0.74609375 0.0625 0.76171875 0.06640625 0.7578125 0.083984375 0.814453125 0.09765625 0.818359375 0.078125 0.837890625 0.083984375 0.849609375 0.03515625
0 0.041015625 0.234375 0.259765625 0.126953125 0.236328125 0.07421875 0.015625 0.18359375
0 0.28125 0.11328125 0.50390625 0 0.3515625 0 0.251953125 0.05078125
0 0.015625 0.23828125 0.009765625 0.205078125 0 0.20703125 0 0.240234375
0 0.099609375 0.4453125 0.111328125 0.4140625 0 0.373046875 0 0.408203125
0 0.056640625 0.955078125 0.048828125 0.982421875 0.087890625 0.994140625 0.0859375 1 0.21484375 1
0 0.2421875 0.912109375 0.26171875 0.83984375 0.083984375 0.791015625 0.064453125 0.86328125
0 0.056640625 0.861328125 0.033203125 0.94921875 0.21484375 1 0.3359375 1 0.3515625 0.943359375
0 0.271484375 0.85546875 0.328125 0.86328125 0.33203125 0.82421875 0.275390625 0.81640625
0 0.232421875 0.7578125 0.28125 0.728515625 0.203125 0.59375 0.15234375 0.623046875
0 0.59765625 0.953125 0.580078125 0.91796875 0.484375 0.96484375 0.501953125 1 0.59765625 0.953125