0 0.032380756578947345 0.10145970394736842 0.14761513157894735 0.10145970394736842 0.14761513157894735 0.17958470394736842 0.032380756578947345 0.17958470394736842
0 0.20433356353591164 0.6089865331491713 0.2658408149171271 0.5517955801104972 0.37766531422651933 0.6313125863259668 0.34818941504178275 0.6827776810584959
0 0.109375 0.611328125 0.125 0.576171875 0.162109375 0.595703125 0.146484375 0.630859375
0 0.10601279596100277 0.677734375 0.12749717096100277 0.642578125 0.17241904596100277 0.6640625 0.15484092096100277 0.69921875
0 0.15779194078947367 0.09118009868421054 0.2534950657894737 0.09118009868421054 0.2534950657894737 0.18102384868421054 0.15779194078947367 0.18102384868421054
0 0.2294407894736843 0.06023848684210527 0.3485814144736843 0.04461348684210527 0.3739720394736843 0.12859786184210528 0.2548314144736843 0.14617598684210528
0 0.62890625 0.451171875 0.806640625 0.4453125 0.810546875 0.5 0.6328125 0.505859375
0 0.001953125 0.484375 0.087890625 0.484375 0.087890625 0.595703125 0.001953125 0.595703125
0 0.27621299342105265 0.21330180921052633 0.33480674342105265 0.18595805921052633 0.36410361842105265 0.23673930921052633 0.30355674342105265 0.26408305921052644
0 0.09786184210526314 0.21381578947368418 0.17012746710526314 0.20209703947368418 0.18575246710526314 0.2645970394736842 0.11153371710526314 0.2782689144736842
0 0.3046875 0.337890625 0.365234375 0.306640625 0.39453125 0.3671875 0.33203125 0.400390625
0 0.1875 0.236328125 0.283203125 0.236328125 0.283203125 0.32421875 0.1875 0.32421875
0 0.3543814095226919 0.5515713189549699 0.3953970345226919 0.4832119439549699 0.4696157845226919 0.5144619439549699 0.4305532845226919 0.5828213189549699
0 0.28243698204419887 0.46921400207182323 0.30587448204419887 0.43015150207182323 0.39181198204419887 0.47116712707182323 0.37228073204419887 0.5121827520718233
0 0.680407072368421 0.791529605263158 0.680407072368421 0.740748355263158 0.815172697368421 0.740748355263158 0.815172697368421 0.791529605263158
0 0.6875 0.623046875 0.779296875 0.623046875 0.779296875 0.720703125 0.6875 0.720703125
0 0.626953125 0.53125 0.8203125 0.53125 0.8203125 0.59375 0.626953125 0.59375
0 0.2957433844011142 0.9117176619080779 0.3113683844011142 0.8746082869080779 0.3914465094011142 0.9058582869080779 0.3777746344011142 0.9429676619080779
0 0.8203125 0.44140625 0.96484375 0.373046875 0.994140625 0.4375 0.849609375 0.505859375
0 0.5750411184210527 0.251233552631579 0.7693256578947368 0.18133223684210528 0.8894942434210527 0.17166940789473684 0.9109786184210527 0.24198190789473684 0.6922286184210527 0.306435032894737
0 0.177734375 0.693359375 0.1953125 0.65625 0.244140625 0.677734375 0.224609375 0.716796875
0 0.23056586671270718 0.8043745683701657 0.3028314917127072 0.6813276933701657 0.4317377417127072 0.7516401933701657 0.3594721167127072 0.8746870683701657
0 0.5215871710526316 0 0.6356907894736842 0 0.8673930921052632 0 0.6963404605263158 0.062088815789473714 0.5431743421052632 0.05489309210526319
0 0.0546875 0.05078125 0.0546875 0 0 0 0 0.05078125 0.0546875 0.05078125
0 0.2578125 0.03125 0.2578125 0 0.072265625 0 0.072265625 0.03125 0.2578125 0.03125
0 0.0390625 0.41015625 0.046875 0.3046875 0 0.30078125 0 0.408203125 0.0390625 0.41015625