0 0.962890625 0.603515625 0.966796875 0.68359375 1 0.681640625 1 0.599609375
0 0.966796875 0.80078125 1 0.798828125 1 0.71875 0.962890625 0.72265625
0 0.716796875 0.814453125 0.939453125 0.802734375 0.935546875 0.728515625 0.712890625 0.740234375
0 0.78125 0.947265625 1 0.935546875 1 0.875 0.779296875 0.88671875
0 0.859375 0.36328125 0.85546875 0.275390625 0.73046875 0.28125 0.734375 0.37109375
0 0.828125 0.076171875 0.82421875 0 0.791015625 0 0.697265625 0.005859375 0.701171875 0.08203125 0.736328125 0.080078125 0.73828125 0.09375 0.802734375 0.08984375 0.802734375 0.078125
0 0.22265625 0.564453125 0.2265625 0.654296875 0.265625 0.65234375 0.263671875 0.638671875 0.455078125 0.626953125 0.455078125 0.642578125 0.4921875 0.638671875 0.48828125 0.55078125
0 0 0.583984375 0 0.658203125 0.169921875 0.650390625 0.166015625 0.576171875
0 0.10546875 0.892578125 0.109375 0.96875 0.1484375 0.966796875 0.146484375 0.953125 0.306640625 0.9453125 0.306640625 0.958984375 0.3984375 0.953125 0.3984375 0.94140625 0.55078125 0.931640625 0.552734375 0.9453125 0.5859375 0.943359375 0.58203125 0.8671875
0 0.048828125 0.037109375 0.1640625 0.03125 0.162109375 0 0.046875 0
0 0.203125 0.1640625 0.2421875 0.162109375 0.240234375 0.126953125 0.201171875 0.12890625
0 0.1953125 0.0625 0.0546875 0.0703125 0.05859375 0.138671875 0.19921875 0.130859375
0 0.09375 0.3046875 0 0.30859375 0 0.396484375 0.025390625 0.396484375 0.0234375 0.37890625 0.09765625 0.375 0.095703125 0.357421875
0 0.26953125 0.267578125 0.091796875 0.27734375 0.095703125 0.357421875 0.2734375 0.34765625
0 0.80078125 0.45703125 0.58203125 0.46875 0.5859375 0.544921875 0.8046875 0.533203125
0 0.640625 0.68359375 0.85546875 0.671875 0.8515625 0.599609375 0.63671875 0.611328125
0 0.44140625 0.31640625 0.62109375 0.185546875 0.5859375 0.13671875 0.40625 0.267578125
0 0.4609375 0.013671875 0.501953125 0.068359375 0.595703125 0 0.478515625 0
0 0.517578125 0.443359375 0.63671875 0.357421875 0.59765625 0.30078125 0.4765625 0.38671875
0 0.4375 0.03125 0.314453125 0.12109375 0.35546875 0.17578125 0.478515625 0.0859375
0 0.259765625 0.041015625 0.3125 0 0.2265625 0
0 0.951171875 0.189453125 1 0.18359375 1 0 0.931640625 0
0 0.33203125 0.34375 0.328125 0.248046875 0.267578125 0.25 0.2734375 0.34765625
0 0.037109375 0.19921875 0.037109375 0.072265625 0 0.072265625 0 0.19921875 0.037109375 0.19921875
0 0.8984375 0.591796875 0.884765625 0.486328125 0.8515625 0.490234375 0.86328125 0.595703125 0.8984375 0.591796875