0 0.9296875 0.4921875 0.935546875 0.509765625 0.921875 0.513671875 0.916015625 0.49609375 0.8828125 0.505859375 0.888671875 0.5234375 0.865234375 0.53125 0.87109375 0.544921875 0.84765625 0.552734375 0.861328125 0.59375 1 0.55078125 1 0.505859375 0.978515625 0.51171875 0.97265625 0.498046875 0.966796875 0.5 0.9609375 0.482421875
0 0.755859375 0.416015625 0.7421875 0.373046875 0.71875 0.380859375 0.71484375 0.3671875 0.70703125 0.369140625 0.701171875 0.3515625 0.671875 0.361328125 0.67578125 0.37890625 0.662109375 0.3828125 0.65625 0.365234375 0.625 0.375 0.62890625 0.392578125 0.607421875 0.400390625 0.611328125 0.4140625 0.587890625 0.419921875 0.6015625 0.462890625 0.65625 0.4453125
0 0.865234375 0.1640625 0.841796875 0.171875 0.837890625 0.15625 0.830078125 0.16015625 0.82421875 0.142578125 0.794921875 0.150390625 0.798828125 0.16796875 0.78515625 0.173828125 0.779296875 0.15625 0.748046875 0.166015625 0.75390625 0.18359375 0.73046875 0.189453125 0.734375 0.203125 0.712890625 0.2109375 0.724609375 0.25390625 0.87890625 0.20703125 0.873046875 0.189453125
0 0.673828125 0.171875 0.669921875 0.16015625 0.625 0.173828125 0.615234375 0.17578125 0.60546875 0.1796875 0.591796875 0.185546875 0.580078125 0.1953125 0.5703125 0.205078125 0.560546875 0.216796875 0.552734375 0.23046875 0.546875 0.244140625 0.54296875 0.259765625 0.54296875 0.2734375 0.54296875 0.2890625 0.546875 0.3046875 0.552734375 0.318359375 0.560546875 0.34375 0.544921875 0.349609375 0.60546875 0.546875 0.681640625 0.5234375 0.65625 0.4453125 0.6015625 0.462890625 0.587890625 0.419921875 0.611328125 0.4140625 0.607421875 0.400390625 0.62890625 0.392578125 0.625 0.375 0.634765625 0.37109375 0.61328125 0.298828125 0.705078125 0.271484375 0.6953125 0.244140625 0.720703125 0.236328125 0.712890625 0.2109375 0.734375 0.203125 0.73046875 0.189453125 0.75390625 0.18359375 0.748046875 0.166015625 0.779296875 0.15625 0.78515625 0.173828125 0.798828125 0.16796875 0.794921875 0.150390625 0.82421875 0.142578125 0.830078125 0.16015625 0.837890625 0.15625 0.841796875 0.171875 0.865234375 0.1640625 0.873046875 0.189453125 0.99609375 0.15234375 0.98828125 0.12890625 1 0.125 1 0.072265625
0 0.79296875 0.68359375 0.763671875 0.693359375 0.767578125 0.7109375 0.75390625 0.71484375 0.75 0.697265625 0.716796875 0.70703125 0.724609375 0.732421875 0.6796875 0.74609375 0.693359375 0.794921875 0.84765625 0.748046875 0.833984375 0.705078125 0.802734375 0.71484375 0.798828125 0.701171875
0 0.6796875 0.74609375 0.724609375 0.732421875 0.6953125 0.634765625 0.70703125 0.630859375 0.68359375 0.55078125 0.61328125 0.572265625 0.6875 0.81640625 0.7578125 0.794921875 0.751953125 0.77734375 0.693359375 0.794921875 0.681640625 0.751953125
0 0.890625 0.9453125 0.869140625 0.875 0.822265625 0.888671875 0.796875 0.80859375 0.69921875 0.83984375 0.736328125 0.96484375 0.779296875 0.951171875 0.77734375 0.955078125 0.775390625 0.958984375 0.775390625 0.962890625 0.775390625 0.966796875 0.775390625 0.970703125 0.77734375 0.974609375 0.779296875 0.978515625 0.783203125 0.982421875 0.78515625 0.984375 0.7890625 0.986328125 0.79296875 0.98828125 0.796875 0.98828125 0.80078125 0.98828125 0.8046875 0.98828125 0.80859375 0.986328125 0.8125 0.984375 0.81640625 0.98046875 0.818359375 0.978515625 0.8203125 0.974609375 0.828125 1 0.87109375 1 0.904296875 0.990234375 0.900390625 0.978515625 0.92578125 0.970703125 0.931640625 0.990234375 1 0.96875 1 0.931640625 0.9296875 0.953125 0.923828125 0.93359375
0 0.431640625 0.67578125 0.419921875 0.642578125 0.26171875 0.69140625 0.2734375 0.724609375 0.28125 0.72265625 0.294921875 0.763671875 0.427734375 0.72265625 0.416015625 0.681640625
0 0.490234375 0.953125 0.48046875 0.921875 0.341796875 0.962890625 0.3515625 0.99609375 0.357421875 0.994140625 0.359375 1 0.494140625 1 0.482421875 0.955078125
0 0.23046875 0.927734375 0.26171875 0.919921875 0.2578125 0.91015625 0.267578125 0.90625 0.248046875 0.841796875 0.1015625 0.88671875 0.12109375 0.951171875 0.138671875 0.947265625 0.142578125 0.955078125 0.16796875 0.947265625 0.171875 0.95703125 0.234375 0.939453125
0 0.041015625 0.947265625 0.0078125 0.83984375 0 0.841796875 0 0.958984375
0 0.041015625 0.947265625 0 0.9609375 0 1 0.0546875 1
0 0.609375 0.041015625 0.609375 0 0.44140625 0 0.44140625 0.041015625 0.609375 0.041015625
0 0.236328125 0.1953125 0.267578125 0.130859375 0.23046875 0.11328125 0.197265625 0.17578125 0.236328125 0.1953125