0 0.125 0.04296875 0.12109375 0.134765625 0.189453125 0.138671875 0.193359375 0.044921875
0 0 0.03515625 0 0.12890625 0.12109375 0.134765625 0.125 0.04296875
0 0.279296875 0.044921875 0.515625 0.056640625 0.515625 0 0.28125 0
0 0.2734375 0.240234375 0.5078125 0.251953125 0.51171875 0.19140625 0.27734375 0.1796875
0 0.798828125 0.021484375 0.796875 0.068359375 0.681640625 0.0625 0.677734375 0.146484375 0.841796875 0.154296875 0.849609375 0.0234375
0 0.599609375 0.01171875 0.591796875 0.142578125 0.677734375 0.146484375 0.681640625 0.0625 0.796875 0.068359375 0.798828125 0.021484375
0 0.576171875 0.2890625 0.802734375 0.298828125 0.806640625 0.232421875 0.580078125 0.220703125
0 0.06640625 0.419921875 0.177734375 0.42578125 0.1875 0.19921875 0.078125 0.193359375
0 0.205078125 0.94921875 0.201171875 1 0.501953125 1 0.50390625 0.96484375
0 0.705078125 0.974609375 0.703125 1 0.890625 1 0.892578125 0.984375
0 0.50390625 0.96484375 0.501953125 1 0.703125 1 0.705078125 0.974609375
0 0.47265625 0.361328125 0.4765625 0.294921875 0.310546875 0.287109375 0.306640625 0.353515625
0 0.306640625 0.353515625 0.302734375 0.427734375 0.509765625 0.4375 0.513671875 0.36328125
0 0.771484375 0.435546875 0.82421875 0.4375 0.830078125 0.333984375 0.775390625 0.33203125
0 0.826171875 0.53515625 0.76171875 0.53125 0.7578125 0.615234375 0.822265625 0.6171875 0.822265625 0.6015625 1 0.609375 1 0.54296875 0.9609375 0.541015625 0.958984375 0.556640625 0.826171875 0.548828125
0 0.474609375 0.6328125 0.470703125 0.681640625 0.6484375 0.69140625 0.650390625 0.642578125
0 0.650390625 0.642578125 0.6484375 0.69140625 0.939453125 0.705078125 0.94140625 0.65625
0 0.220703125 0.662109375 0.408203125 0.671875 0.41015625 0.623046875 0.22265625 0.61328125
0 0.39453125 0.541015625 0.263671875 0.53515625 0.26171875 0.58984375 0.392578125 0.595703125 0.39453125 0.5546875
0 0.39453125 0.5546875 0.392578125 0.595703125 0.611328125 0.607421875 0.61328125 0.564453125
0 0.265625 0.490234375 0.22265625 0.48828125 0.21875 0.55859375 0.26171875 0.560546875 0.263671875 0.53515625
0 0.873046875 0.283203125 1 0.28515625 1 0.212890625 0.875 0.212890625
0 0.84765625 0.4140625 0.9375 0.416015625 0.9375 0.361328125 0.84765625 0.361328125
0 0.740234375 0.44921875 0.7421875 0.375 0.59765625 0.373046875 0.595703125 0.447265625 0.740234375 0.44921875
0 0.994140625 0.474609375 0.9921875 0.421875 0.830078125 0.423828125 0.83203125 0.478515625 0.994140625 0.474609375
0 0.92578125 0.353515625 0.92578125 0.294921875 0.8515625 0.296875 0.8515625 0.35546875 0.92578125 0.353515625
0 0.6953125 0.35546875 0.6953125 0.3046875 0.625 0.3046875 0.623046875 0.35546875 0.6953125 0.35546875