0 0.9296875 0.78125 1 0.81640625 1 0.634765625
0 0.939453125 0.78515625 0.93359375 0.796875 0.8359375 1 0.958984375 1 1 0.92578125 1 0.81640625
0 0.875 0.029296875 0.884765625 0 0.787109375 0
0 0.81640625 0.080078125 0.859375 0.095703125 0.873046875 0.0546875 0.830078125 0.0390625
0 0.732421875 0.3046875 0.78515625 0.32421875 0.83203125 0.203125 0.78125 0.18359375
0 0.552734375 0.27734375 0.62890625 0.318359375 0.703125 0.181640625 0.626953125 0.140625
0 0.642578125 0.359375 0.529296875 0.580078125 0.5625 0.595703125 0.65234375 0.423828125 0.732421875 0.46484375 0.755859375 0.416015625
0 0.3125 0.953125 0.373046875 0.990234375 0.421875 0.91015625 0.361328125 0.875
0 0.0234375 0.16015625 0.0703125 0.17578125 0.109375 0.0625 0.064453125 0.046875
0 0.046875 0.390625 0.046875 0.26953125 0 0.26953125 0 0.390625 0.046875 0.390625
0 0.708984375 0.15234375 0.736328125 0.09765625 0.677734375 0.068359375 0.650390625 0.123046875 0.708984375 0.15234375
0 0.73046875 0.048828125 0.740234375 0.01953125 0.70703125 0.005859375 0.6953125 0.037109375 0.73046875 0.048828125
0 0.06640625 0.287109375 0.103515625 0.1796875 0.078125 0.169921875 0.0390625 0.27734375 0.06640625 0.287109375