0 0.265625 0.30078125 0.4375 0.296875 0.435546875 0.19921875 0.263671875 0.201171875
0 0.3125 0.3828125 0.3125 0.40625 0.236328125 0.40625 0.234375 0.384765625 0.1796875 0.384765625 0.1796875 0.408203125 0.134765625 0.408203125 0.13671875 0.458984375 0.412109375 0.455078125 0.412109375 0.404296875 0.369140625 0.404296875 0.369140625 0.3828125
0 0.36328125 0.5703125 0.36328125 0.591796875 0.28515625 0.59375 0.28515625 0.5703125 0.228515625 0.572265625 0.23046875 0.59375 0.185546875 0.59375 0.185546875 0.64453125 0.462890625 0.640625 0.4609375 0.591796875 0.419921875 0.591796875 0.419921875 0.568359375
0 0.369140625 0.771484375 0.369140625 0.791015625 0.28515625 0.79296875 0.28515625 0.7734375 0.236328125 0.7734375 0.236328125 0.79296875 0.19140625 0.79296875 0.19140625 0.8515625 0.462890625 0.849609375 0.462890625 0.7890625 0.419921875 0.791015625 0.41796875 0.771484375
0 0.06640625 0.7734375 0.06640625 0.794921875 0.021484375 0.794921875 0.021484375 0.84375 0.169921875 0.841796875 0.16796875 0.79296875 0.123046875 0.794921875 0.123046875 0.7734375
0 0.044921875 0.919921875 0.044921875 0.93359375 0.013671875 0.93359375 0.013671875 0.947265625 0 0.947265625 0 1 0.236328125 1 0.236328125 0.931640625 0.0859375 0.93359375 0.0859375 0.919921875
0 0.365234375 0.970703125 0.3671875 0.990234375 0.322265625 0.990234375 0.322265625 1 0.462890625 1 0.462890625 0.990234375 0.421875 0.990234375 0.421875 0.970703125
0 0.572265625 0.20703125 0.84765625 0.205078125 0.84765625 0.142578125 0.572265625 0.14453125
0 0.9296875 0.12890625 0.931640625 0.203125 1 0.201171875 1 0.12890625
0 0.9375 0.392578125 0.923828125 0.43359375 0.9453125 0.44140625 0.9453125 0.462890625 0.927734375 0.462890625 0.927734375 0.50390625 1 0.501953125 1 0.40625
0 0.654296875 0.4140625 0.58984375 0.400390625 0.576171875 0.44140625 0.59765625 0.44921875 0.59765625 0.470703125 0.580078125 0.470703125 0.58203125 0.51171875 0.7265625 0.509765625 0.724609375 0.46875 0.705078125 0.46875 0.705078125 0.44140625 0.728515625 0.43359375 0.71484375 0.392578125
0 0.888671875 0.78515625 0.888671875 0.849609375 1 0.84765625 1 0.783203125
0 0.57421875 0.83984375 0.837890625 0.8359375 0.8359375 0.763671875 0.572265625 0.767578125
0 0.861328125 1 0.861328125 0.97265625 0.59765625 0.97265625 0.59765625 1 0.861328125 1
0 1 0.712890625 1 0.6640625 0.9609375 0.6640625 0.958984375 0.712890625 1 0.712890625