0 0.43359375 0.642578125 0.705078125 0.646484375 0.705078125 0.578125 0.43359375 0.57421875
0 0.71875 0.357421875 1 0.357421875 1 0.28515625 0.720703125 0.283203125
0 0.416015625 0.3125 0.6875 0.31640625 0.6875 0.248046875 0.41796875 0.244140625
0 0.41015625 0.15234375 0.681640625 0.154296875 0.681640625 0.0859375 0.412109375 0.083984375
0 0.708984375 0.1875 1 0.189453125 1 0.119140625 0.708984375 0.1171875
0 0.427734375 0.482421875 0.69921875 0.484375 0.69921875 0.416015625 0.427734375 0.4140625
0 0.73828125 0.53125 1 0.533203125 1 0.46484375 0.73828125 0.462890625
0 0.748046875 0.703125 1 0.703125 1 0.62890625 0.75 0.626953125
0 0.287109375 0.421875 0.3828125 0.421875 0.3828125 0.3515625 0.287109375 0.3515625
0 0.265625 0.232421875 0.37109375 0.234375 0.373046875 0.158203125 0.267578125 0.158203125
0 0.1796875 0.16015625 0.1875 0.09375 0 0.07421875 0 0.142578125
0 0.2109375 0.337890625 0.220703125 0.271484375 0 0.23828125 0 0.306640625
0 0.064453125 0.513671875 0.080078125 0.455078125 0 0.43359375 0 0.49609375
0 0.171875 0.505859375 0.166015625 0.564453125 0.18359375 0.56640625 0.181640625 0.591796875 0.228515625 0.59765625 0.23046875 0.5703125 0.24609375 0.572265625 0.251953125 0.513671875
0 0.970703125 0.833984375 1 0.833984375 1 0.779296875 0.970703125 0.779296875
0 0.76953125 0.83984375 0.931640625 0.841796875 0.931640625 0.7890625 0.76953125 0.787109375
0 0.3671875 0.771484375 0.26953125 0.763671875 0.267578125 0.7890625 0.365234375 0.796875
0 0.37109375 0.736328125 0.365234375 0.796875 0.703125 0.826171875 0.708984375 0.765625
0 0 0.61328125 0 0.6796875 0.056640625 0.70703125 0.08203125 0.65234375
0 0.16796875 0.671875 0.103515625 0.65625 0.0859375 0.72265625 0.25390625 0.763671875 0.26953125 0.6953125 0.212890625 0.681640625 0.2109375 0.6953125 0.1640625 0.68359375
0 0.05078125 1 0.056640625 1 0.08203125 0.943359375 0 0.908203125 0 0.9765625
0 0.095703125 1 0.2734375 1 0.27734375 0.98046875 0.103515625 0.953125
0 0.697265625 1 0.697265625 0.974609375 0.423828125 0.97265625 0.423828125 0.998046875 0.697265625 1