0 0.837890625 0.3984375 1 0.482421875 1 0.416015625 0.865234375 0.345703125
0 0.81640625 0.5078125 0.798828125 0.544921875 0.998046875 0.642578125 0.9765625 0.68359375 1 0.6953125 1 0.595703125
0 0.822265625 0.6328125 0.77734375 0.611328125 0.734375 0.697265625 0.78125 0.71875 0.78125 0.716796875 0.951171875 0.80078125 0.97265625 0.755859375 0.802734375 0.671875
0 0.861328125 0.265625 1 0.330078125 1 0.28125 0.880859375 0.224609375
0 0.560546875 0.341796875 0.78515625 0.3671875 0.794921875 0.287109375 0.5703125 0.26171875
0 0.1953125 0.599609375 0.203125 0.5234375 0 0.501953125 0 0.578125
0 0.263671875 0.576171875 0.6796875 0.623046875 0.69140625 0.533203125 0.2734375 0.484375
0 0.265625 0.701171875 0.244140625 0.814453125 0.2890625 0.822265625 0.30078125 0.7578125 0.609375 0.8125 0.609375 0.806640625 0.7265625 0.826171875 0.734375 0.783203125 0.30859375 0.708984375
0 0.20703125 1 0.392578125 1 0.26171875 0.978515625 0.26171875 0.98046875 0.212890625 0.97265625
0 0.80859375 0.861328125 0.7578125 0.962890625 0.8046875 0.986328125 0.8359375 0.921875 0.994140625 1 1 1 1 0.955078125 0.85546875 0.884765625
0 0.009765625 0.796875 0.12109375 0.833984375 0.146484375 0.763671875 0.03515625 0.724609375
0 0.224609375 0.916015625 0.287109375 0.927734375 0.296875 0.8671875 0.658203125 0.93359375 0.666015625 0.890625 0.3046875 0.82421875 0.302734375 0.833984375 0.2421875 0.82421875
0 0.1484375 0.150390625 0.181640625 0.142578125 0.22265625 0.14453125 0.224609375 0.09765625 0.193359375 0.095703125 0.1953125 0.076171875 0.16796875 0.07421875 0.16796875 0.06640625 0.041015625 0.0625 0.0390625 0.119140625 0.08203125 0.12109375 0.080078125 0.130859375 0.123046875 0.150390625 0.13671875 0.150390625
0 0.36328125 0.14453125 0.57421875 0.1640625 0.58203125 0.080078125 0.37109375 0.060546875
0 0.015625 0.119140625 0 0.30859375 0 0.501953125 0.099609375 0.513671875 0.13671875 0.150390625 0.123046875 0.150390625 0.080078125 0.130859375 0.08203125 0.12109375 0.0390625 0.119140625
0 0.123046875 1 0.142578125 0.859375 0.107421875 0.85546875 0.08984375 0.99609375 0.123046875 1
0 0.724609375 0.03125 0.7265625 0 0.619140625 0 0.619140625 0.03125 0.724609375 0.03125