0 0.16015625 0.55078125 0.162109375 0.56640625 0.111328125 0.5703125 0.111328125 0.5546875 0.076171875 0.556640625 0.080078125 0.615234375 0.197265625 0.609375 0.193359375 0.548828125
0 0 0.640625 0 0.703125 0.021484375 0.703125 0.017578125 0.640625
0 0.345703125 0.462890625 0.345703125 0.47265625 0.296875 0.4765625 0.294921875 0.46484375 0.25390625 0.466796875 0.2578125 0.529296875 0.3828125 0.521484375 0.37890625 0.4609375
0 0.16015625 0.849609375 0.43359375 0.833984375 0.4296875 0.779296875 0.15625 0.794921875
0 0.125 0.966796875 0 0.97265625 0 1 0.126953125 1
0 0.162109375 1 0.435546875 1 0.470703125 0.998046875 0.46875 0.94140625 0.16015625 0.9609375
0 0.119140625 0.85546875 0.1171875 0.798828125 0 0.8046875 0 0.861328125
0 0.427734375 0.42578125 0.681640625 0.41015625 0.6796875 0.345703125 0.42578125 0.361328125
0 0.732421875 0.630859375 0.9453125 0.619140625 0.94140625 0.556640625 0.728515625 0.568359375
0 0.603515625 0.9921875 0.9140625 0.974609375 0.912109375 0.916015625 0.599609375 0.935546875
0 0.734375 0.275390625 0.986328125 0.259765625 0.982421875 0.193359375 0.73046875 0.208984375
0 0.970703125 0.439453125 1 0.4375 1 0.37109375 0.966796875 0.373046875
0 0.724609375 0.45703125 0.931640625 0.4453125 0.927734375 0.375 0.720703125 0.38671875
0 0.6953125 0.814453125 0.955078125 0.798828125 0.951171875 0.736328125 0.693359375 0.751953125
0 0.4375 0.54296875 0.44140625 0.607421875 0.701171875 0.591796875 0.697265625 0.52734375
0 0.94921875 0.9765625 1 0.97265625 1 0.90625 0.9453125 0.91015625
0 0.64453125 0.662109375 0.578125 0.666015625 0.580078125 0.6875 0.5234375 0.69140625 0.5234375 0.673828125 0.482421875 0.67578125 0.484375 0.71484375 0.505859375 0.71484375 0.5078125 0.767578125 0.650390625 0.759765625 0.646484375 0.68359375
0 0.029296875 0.18359375 0.056640625 0.1171875 0.025390625 0.103515625 0 0.1640625 0 0.169921875
0 0 0.09765625 0 0.162109375 0.0234375 0.107421875
0 0.650390625 0.8125 0.6484375 0.779296875 0.537109375 0.783203125 0.5390625 0.81640625 0.650390625 0.8125
0 0.4140625 0.69140625 0.408203125 0.609375 0.37109375 0.611328125 0.376953125 0.693359375 0.4140625 0.69140625