0 0.673828125 0.01171875 0.72265625 0.0234375 0.7265625 0 0.67578125 0 0.673828125 0.009765625
0 0.0078125 0.134765625 0.013671875 0.10546875 0 0.1015625 0 0.1328125
0 0.015625 0.138671875 0.064453125 0.150390625 0.0703125 0.123046875 0.0234375 0.111328125
0 0.009765625 0 0 0 0 0.060546875
0 0.06640625 0.03125 0.12890625 0.041015625 0.134765625 0 0.0703125 0
0 0.193359375 0.001953125 0.169921875 0 0.1640625 0.060546875 0.189453125 0.0625 0.193359375 0.005859375
0 0.1640625 0.060546875 0.16015625 0.1328125 0.19921875 0.134765625 0.205078125 0.0625 0.189453125 0.0625
0 0 0.2109375 0 0.24609375 0.048828125 0.259765625 0.056640625 0.2265625
0 0.046875 0.267578125 0.083984375 0.27734375 0.09375 0.236328125 0.056640625 0.2265625 0.048828125 0.259765625
0 0.0390625 0.509765625 0.046875 0.47265625 0 0.4609375 0 0.5
0 0.01953125 0.59375 0.02734375 0.5625 0 0.5546875 0 0.587890625
0 0.240234375 0.03515625 0.2421875 0.0078125 0.193359375 0.005859375 0.19140625 0.03125
0 0.291015625 0.025390625 0.28125 0.0625 0.353515625 0.080078125 0.36328125 0.04296875
0 0.384765625 0.05078125 0.36328125 0.04296875 0.35546875 0.068359375 0.37890625 0.07421875 0.380859375 0.064453125
0 0.373046875 0.09375 0.427734375 0.107421875 0.435546875 0.078125 0.380859375 0.064453125 0.37890625 0.07421875
0 0.455078125 0.015625 0.51171875 0.0234375 0.513671875 0 0.455078125 0
0 0.546875 0.0234375 0.548828125 0 0.513671875 0 0.513671875 0.017578125
0 0.990234375 0.802734375 1 0.80078125 1 0.646484375 0.9921875 0.587890625 0.962890625 0.591796875 0.970703125 0.654296875
0 0.962890625 0.591796875 0.787109375 0.615234375 0.794921875 0.677734375 0.970703125 0.654296875
0 0.54296875 0.080078125 0.546875 0.04296875 0.447265625 0.03125 0.44140625 0.068359375 0.54296875 0.080078125
0 0.05859375 0.04296875 0.060546875 0 0.009765625 0 0.0078125 0.041015625 0.05859375 0.04296875
0 0.109375 0.333984375 0.1171875 0.30078125 0.0390625 0.283203125 0.03125 0.31640625 0.109375 0.333984375
0 0.279296875 0.146484375 0.28125 0.087890625 0.25 0.087890625 0.248046875 0.146484375 0.279296875 0.146484375
0 0.4296875 0.150390625 0.43359375 0.11328125 0.333984375 0.1015625 0.330078125 0.138671875 0.4296875 0.150390625
0 0.115234375 0.1171875 0.123046875 0.068359375 0.0703125 0.05859375 0.0625 0.107421875 0.115234375 0.1171875