0 0.49609375 0.05078125 0.46875 0 0.44921875 0 0.1953125 0.134765625 0.2265625 0.193359375 0.244140625 0.18359375
0 0.61328125 0.17578125 0.912109375 0.025390625 0.8984375 0 0.794921875 0 0.578125 0.109375
0 0.537109375 0.14453125 0.2890625 0.271484375 0.3203125 0.33203125 0.568359375 0.20703125
0 0.607421875 0.29296875 0.32421875 0.4375 0.357421875 0.498046875 0.638671875 0.353515625
0 0.43359375 0.650390625 0.716796875 0.505859375 0.685546875 0.4453125 0.40234375 0.58984375
0 0.5 0.79296875 0.783203125 0.6484375 0.751953125 0.5859375 0.46875 0.73046875
0 0.892578125 0.146484375 0.734375 0.23046875 0.7265625 0.21484375 0.634765625 0.263671875 0.666015625 0.32421875 0.759765625 0.275390625 0.767578125 0.29296875 0.92578125 0.208984375
0 0.8046875 0.380859375 0.798828125 0.37109375 0.71875 0.4140625 0.751953125 0.474609375 0.83203125 0.43359375 0.83984375 0.4453125 1 0.359375 1 0.27734375
0 0.82421875 0.623046875 1 0.53125 1 0.45703125 0.79296875 0.564453125
0 0.955078125 0.107421875 0.984375 0.16015625 1 0.150390625 1 0.080078125
0 0.580078125 0.966796875 0.86328125 0.822265625 0.83203125 0.759765625 0.548828125 0.904296875
0 0.900390625 0.806640625 1 0.75390625 1 0.6796875 0.869140625 0.748046875
0 0.955078125 0.9609375 1 0.9375 1 0.876953125 0.9296875 0.912109375
0 0.9140625 0.99609375 0.884765625 0.9375 0.7578125 1 0.904296875 1
0 0.181640625 0.142578125 0.181640625 0.15625 0.32421875 0.4375 0.365234375 0.41796875 0.244140625 0.18359375 0.2265625 0.193359375 0.1953125 0.134765625
0 0.619140625 0.9609375 0.572265625 0.984375 0.578125 1 0.63671875 1