0 0.59765625 0 0.376953125 0 0.373046875 0.013671875 0.736328125 0.13671875 0.763671875 0.056640625 0.6796875 0.02734375
0 0.78125 0 0.6875 0 0.6796875 0.02734375 0.763671875 0.056640625
0 0.61328125 0.30859375 0.416015625 0.236328125 0.39453125 0.29296875 0.591796875 0.365234375 0.603515625 0.3359375
0 0.578125 0.455078125 0.568359375 0.484375 0.494140625 0.458984375 0.478515625 0.501953125 0.697265625 0.58203125 0.716796875 0.52734375 0.638671875 0.5 0.64453125 0.48046875
0 0.625 0.275390625 0.5625 0.44921875 0.64453125 0.48046875 0.708984375 0.306640625
0 0.298828125 0.197265625 0.2734375 0.283203125 0.37890625 0.314453125 0.404296875 0.228515625
0 1 0.59375 1 0.484375 0.98046875 0.478515625 0.9453125 0.576171875
0 0.8671875 0.791015625 1 0.837890625 1 0.673828125 0.919921875 0.646484375 0.916015625 0.65625
0 0.998046875 0.4494751447876448 0.998046875 0.125 0.9698057432432432 0.20288368725868725 0.908203125 0.419921875
0 0.05859375 0.962890625 0.056640625 0.810546875 0 0.810546875 0 0.962890625
0 0.28515625 1 0.287109375 0.951171875 0.134765625 0.951171875 0.134765625 0.998046875
0 0.103515625 0.62890625 0.1171875 0.572265625 0.029296875 0.552734375 0.015625 0.607421875
0 0.9296875 1 0.95703125 0.900390625 0.91015625 0.888671875 0.884765625 0.998046875