0 0.078125 0.08203125 0.099609375 0.09375 0.072265625 0.140625 0 0.09765625 0 0.193359375 0.244140625 0.333984375 0.181640625 0.44140625 0.109375 0.400390625 0.125 0.373046875 0 0.30078125 0 0.482421875 0.078125 0.52734375 0.09375 0.501953125 0.130859375 0.5234375 0.09375 0.58984375 0.10546875 0.59765625 0.095703125 0.615234375 0.10546875 0.62109375 0.43359375 0.025390625 0.388671875 0 0.123046875 0
0 0.10546875 0.59765625 0.09375 0.58984375 0.130859375 0.5234375 0.09375 0.501953125 0.078125 0.52734375 0 0.482421875 0 0.587890625 0.083984375 0.63671875 0.095703125 0.615234375
0 0 0.076171875 0 0.09765625 0.072265625 0.140625 0.099609375 0.09375 0.078125 0.08203125 0.123046875 0 0.041015625 0
0 0.87109375 0.3046875 0.52734375 0.109375 0.416015625 0.306640625 0.736328125 0.48828125 0.771484375 0.478515625
0 0.7109375 0.568359375 0.701171875 0.53125 0.416015625 0.369140625 0.390625 0.373046875 0.224609375 0.666015625 0.234375 0.685546875 0.53515625 0.857421875 0.55859375 0.837890625
0 0.234375 0.685546875 0.1796875 0.78515625 0.470703125 0.951171875 0.52734375 0.853515625
0 0.03125 1 0.462890625 1 0.1328125 0.826171875 0.05078125 0.96875
0 0.728515625 0.484375 0.44140625 0.322265625 0.416015625 0.369140625 0.701171875 0.53125 0.72265625 0.494140625
0 0.615234375 0.00390625 0.59375 0.04296875 0.572265625 0.03125 0.52734375 0.109375 0.873046875 0.3046875 0.916015625 0.228515625 0.89453125 0.216796875 0.91796875 0.17578125 0.873046875 0.150390625 0.86328125 0.16796875 0.666015625 0.0546875 0.67578125 0.0390625
0 0.6875 0.93359375 0.8359375 0.998046875 0.859375 0.9453125 0.7109375 0.87890625
0 0.9453125 0.73046875 0.857421875 0.6875 0.841796875 0.716796875 0.9296875 0.759765625
0 0.853515625 0.720703125 0.822265625 0.783203125 0.900390625 0.822265625 0.9296875 0.759765625
0 0.732421875 0.6875 0.7109375 0.73046875 0.822265625 0.783203125 0.84375 0.740234375
0 0.900390625 0.822265625 1 0.869140625 1 0.79296875 0.9296875 0.759765625
0 0.828125 0.787109375 0.779296875 0.88671875 0.8515625 0.921875 0.900390625 0.822265625
0 0.732421875 0.779296875 0.703125 0.83984375 0.783203125 0.87890625 0.8125 0.818359375
0 0.9296875 0.970703125 0.966796875 0.990234375 0.998046875 0.93359375 0.9609375 0.9140625
0 0.6875 1 0.7734375 1 0.703125 0.966796875
0 0.98046875 0.298828125 1 0.265625 1 0.240234375 0.9921875 0.236328125 0.814453125 0.55078125 1 0.654296875 1 0.30859375
0 0.03140140503875968 0.841796875 0.057140261627907 0.7971323885658914 0 0.748046875 0 0.884765625