0 0.48828125 0.97265625 0.56640625 0.9609375 0.578125 0.98828125 0.501953125 1
0 0.9086143092105262 0.8340871710526315 0.990234375 0.8203125 0.998046875 0.978001644736842 0.9528166118421051 0.998046875
0 0.576171875 0.91796875 0.669921875 0.8984375 0.697265625 0.978515625 0.6015625 0.998046875
0 0.671875 0.888671875 0.86328125 0.84375 0.89453125 0.943359375 0.703125 0.98828125
0 0.63671875 0.80078125 0.677734375 0.779296875 0.701171875 0.8125 0.66015625 0.833984375
0 0.521484375 0.0009251644736842091 0.748046875 0.0009251644736842091 0.748046875 0.08100328947368421 0.521484375 0.08100328947368421
0 0.3801469744492043 0.27031855620155026 0.3451963165544675 0.22303237199102413 0.5007267441860465 0.17944684567523464 0.6037124515503876 0.18318495639534885 0.6021984011627907 0.20740976259689928
0 0.16584907945736427 0.38532741738066106 0.35334907945736427 0.35798366738066106 0.36702095445736427 0.41071804238066106 0.18342720445736427 0.43806179238066106
0 0.0078125 0.3935032894736843 0.06671463815789476 0.368421052631579 0.1171875 0.3720189144736843 0.134765625 0.4110814144736843 0.1325041118421053 0.4342105263157895 0 0.4588815789473684
0 0 0.6032072368421054 0.1640625 0.5231291118421054 0.19921875 0.5953947368421054 0.033203125 0.6754728618421054
0 0.10558987403100775 0.1763717296511628 0.014746850775193804 0.1521469234496124 0.04296875 0.09858141447368421 0.10937500000000003 0.12413699127906978 0.19113372093023254 0.1014262354651163 0.21308745155038758 0.14987584786821706
0 0.9918791118421051 0.4496299342105263 0.8993626644736842 0.5113075657894737 0.998046875 0.6099917763157895