0 0.048828125 0.490234375 0.044921875 0.43359375 0 0.435546875 0 0.58984375 0.03125 0.5546875 0.029296875 0.4921875
0 0.107421875 0.8671875 0.10546875 0.810546875 0.0078125 0.814453125 0.01171875 0.873046875 0.052734375 0.87109375
0 0.0078125 0.833984375 0 0.84375 0 0.93359375 0.052734375 0.87109375 0.01171875 0.873046875 0.009765625 0.8359375
0 0.5234375 0.27734375 0.375 0.376953125 0.40625 0.423828125 0.431640625 0.40625 0.44140625 0.421875 0.478515625 0.396484375 0.46875 0.3828125 0.49609375 0.365234375 0.505859375 0.37890625 0.546875 0.3515625 0.537109375 0.337890625 0.5546875 0.326171875 0.525390625 0.28125
0 0.591796875 0.248046875 0.525390625 0.28125 0.55078125 0.322265625 0.60546875 0.294921875
0 0.732421875 0.259765625 0.759765625 0.251953125 0.744140625 0.201171875 0.591796875 0.248046875 0.607421875 0.298828125 0.634765625 0.291015625 0.638671875 0.3046875 0.73828125 0.275390625
0 0.146484375 0.66796875 0.14453125 0.716796875 0.169921875 0.716796875 0.16796875 0.748046875 0.22265625 0.75 0.22265625 0.71875 0.23828125 0.720703125 0.240234375 0.671875
0 0.236328125 0.73828125 0.486328125 0.748046875 0.48828125 0.681640625 0.240234375 0.671875 0.23828125 0.720703125
0 0.28515625 0.50390625 0.279296875 0.546875 0.2890625 0.546875 0.283203125 0.578125 0.3359375 0.5859375 0.33984375 0.5546875 0.353515625 0.556640625 0.359375 0.515625
0 0.509765625 0.58984375 0.51953125 0.521484375 0.361328125 0.5 0.3515625 0.568359375
0 0.208984375 0.9296875 0.474609375 0.93359375 0.4765625 0.87109375 0.208984375 0.8671875
0 0.5859375 0.607421875 0.783203125 0.611328125 0.783203125 0.55078125 0.5859375 0.544921875
0 0.57421875 0.6953125 0.57421875 0.763671875 0.78515625 0.76171875 0.78515625 0.701171875 0.60546875 0.703125 0.60546875 0.6953125
0 0.568359375 0.9375 0.77734375 0.9375 0.77734375 0.875 0.568359375 0.875
0 0.767578125 0.45703125 0.765625 0.40234375 0.630859375 0.404296875 0.630859375 0.4609375
0 0.970703125 0.3515625 0.990234375 0.40234375 1 0.3984375 1 0.33984375
0 0.9375 0.095703125 0.953125 0.140625 0.974609375 0.130859375 0.978515625 0.140625 1 0.130859375 1 0.072265625
0 0.134765625 0.78125 0.16015625 0.751953125 0.111328125 0.7109375 0.0859375 0.740234375 0.134765625 0.78125
0 0.029296875 0.998046875 0.029296875 0.943359375 0 0.943359375 0 0.998046875 0.029296875 0.998046875