0 0.373046875 0.119140625 0.369140625 0.046875 0.15234375 0.05859375 0.154296875 0.0703125 0.0625 0.07421875 0.0625 0.080078125 0 0.08203125 0 0.16015625 0.12109375 0.154296875 0.119140625 0.14453125 0.130859375 0.14453125 0.130859375 0.134765625 0.16015625 0.1328125 0.16015625 0.142578125 0.173828125 0.142578125 0.173828125 0.15234375 0.21484375 0.150390625 0.21484375 0.130859375 0.2734375 0.12890625 0.2734375 0.134765625 0.3125 0.1328125 0.3125 0.123046875
0 0.162109375 0.791015625 0.162109375 0.72265625 0 0.71875 0 0.787109375
0 0.2421875 0.7890625 0.5 0.794921875 0.5 0.728515625 0.2421875 0.72265625
0 0 0.458984375 0 0.51953125 0.177734375 0.525390625 0.1796875 0.46484375
0 0.515625 0.533203125 0.517578125 0.466796875 0.255859375 0.4609375 0.255859375 0.52734375
0 0.55859375 0.8515625 0.806640625 0.857421875 0.80859375 0.796875 0.55859375 0.791015625
0 0.55078125 1 0.80859375 1 0.80859375 0.966796875 0.552734375 0.9609375
0 0.556640625 0.50390625 0.8125 0.509765625 0.814453125 0.451171875 0.55859375 0.4453125
0 0.55078125 0.68359375 0.8046875 0.689453125 0.806640625 0.625 0.552734375 0.619140625
0 0.462890625 0.171875 0.73828125 0.09375 0.71875 0.029296875 0.4453125 0.107421875
0 0.52734375 0.3359375 0.787109375 0.255859375 0.76953125 0.19921875 0.509765625 0.279296875
0 0.23046875 0.259765625 0.251953125 0.302734375 0.283203125 0.333984375 0.333984375 0.3515625 0.37109375 0.3515625 0.37109375 0.306640625 0.392578125 0.298828125 0.412109375 0.27734375 0.412109375 0.25 0.3984375 0.216796875 0.3671875 0.208984375 0.3671875 0.220703125 0.265625 0.224609375 0.263671875 0.23828125 0.224609375 0.236328125
0 1 0.486328125 1 0.275390625 0.908203125 0.294921875 0.951171875 0.498046875
0 1 0.08984375 0.994140625 0 0.810546875 0.015625 0.82421875 0.1171875 1 0.08984375
0 1 0.998046875 1 0.94140625 0.9375 0.94140625 0.9375 0.998046875 1 0.998046875
0 0.470703125 0.025390625 0.470703125 0 0.365234375 0 0.365234375 0.025390625 0.470703125 0.025390625