0 0.9453125 0.826171875 0.888671875 1 1 1 1 0.84375
0 0.591796875 0.86328125 0.466796875 0.796875 0.416015625 0.892578125 0.5390625 0.9609375
0 0.568359375 0.783203125 0.607421875 0.71875 0.474609375 0.640625 0.4375 0.705078125
0 0.890625 0.2421875 0.908203125 0.259765625 0.95703125 0.2109375 0.94140625 0.193359375
0 0.673828125 0.947265625 0.658203125 0.994140625 0.646484375 0.990234375 0.642578125 1 0.69140625 1 0.70703125 0.95703125
0 0.36328125 1 0.529296875 1 0.5390625 0.98046875 0.42578125 0.90625
0 0.431640625 0.599609375 0.470703125 0.541015625 0.439453125 0.521484375 0.40234375 0.580078125
0 0.70703125 0.880859375 0.71484375 0.849609375 0.6796875 0.83984375 0.671875 0.87109375
0 0.859375 1 0.861328125 0.970703125 0.80078125 0.96875 0.798828125 1
0 0.775390625 0.470703125 0.841796875 0.36328125 0.814453125 0.345703125 0.748046875 0.453125
0 0.701171875 0.6015625 0.732421875 0.544921875 0.703125 0.529296875 0.671875 0.5859375
0 0.478515625 0.54296875 0.583984375 0.40234375 0.552734375 0.380859375 0.44921875 0.51953125
0 0.20097504844961242 0.998046875 0.35540818798449614 0.998046875 0.29560319767441856 0.9727622335271318 0.4704760174418605 0.6442132994186046 0.39802870639534893 0.6034096414728681 0.1828064437984496 0.9879027374031008