0 0.4375 0.9140625 0.431640625 0.88671875 0.3828125 0.896484375 0.388671875 0.923828125
0 0.388671875 0.923828125 0.400390625 0.9921875 0.568359375 0.958984375 0.55859375 0.91015625 0.490234375 0.923828125 0.486328125 0.904296875
0 0.27734375 0.599609375 0.205078125 0.61328125 0.2109375 0.65234375 0.28515625 0.638671875
0 0.314453125 0.65234375 0.48046875 0.62109375 0.470703125 0.5625 0.302734375 0.595703125
0 0.302734375 0.595703125 0.27734375 0.599609375 0.291015625 0.662109375 0.314453125 0.65625 0.314453125 0.65234375
0 0.646484375 0.603515625 0.638671875 0.59375 0.544921875 0.61328125 0.55078125 0.65234375 0.65234375 0.6328125
0 0.638671875 0.59375 0.591796875 0.53515625 0.48046875 0.556640625 0.494140625 0.623046875 0.544921875 0.61328125
0 0.21484375 0.583984375 0.318359375 0.564453125 0.30859375 0.5078125 0.203125 0.52734375
0 0.451171875 0.48046875 0.44921875 0.470703125 0.392578125 0.482421875 0.39453125 0.4921875 0.33203125 0.50390625 0.34375 0.560546875 0.525390625 0.525390625 0.515625 0.46875
0 0.259765625 0.193359375 0.263671875 0.20703125 0.244140625 0.2109375 0.24609375 0.22265625 0.123046875 0.24609375 0.130859375 0.279296875 0.251953125 0.255859375 0.25390625 0.267578125 0.326171875 0.25390625 0.32421875 0.2421875 0.3671875 0.232421875 0.359375 0.201171875 0.318359375 0.208984375 0.314453125 0.197265625 0.296875 0.19921875 0.29296875 0.1875
0 0.41015625 0.328125 0.43359375 0.322265625 0.427734375 0.29296875 0.404296875 0.296875
0 0.16015625 0 0.044921875 0.0234375 0.05859375 0.091796875 0.173828125 0.0703125
0 0.634765625 0.892578125 0.583984375 0.90234375 0.603515625 1 0.654296875 1
0 0.94140625 0.341796875 0.98828125 0.33984375 0.984375 0.220703125 0.9375 0.22265625 0.939453125 0.322265625
0 1 0.583984375 1 0.525390625 0.98828125 0.525390625 0.990234375 0.583984375
0 0.986328125 0.36328125 0.98828125 0.525390625 1 0.525390625 1 0.361328125
0 0.701171875 0.23046875 0.703125 0.279296875 0.724609375 0.27734375 0.7265625 0.330078125 0.939453125 0.322265625 0.9375 0.22265625
0 0.193359375 1 0.193359375 0.912109375 0 0.9464285714285714 0 1
0 0.94140625 0.095703125 0.939453125 0 0.90234375 0 0.904296875 0.095703125
0 0.896484375 0.466796875 0.89453125 0.396484375 0.85546875 0.396484375 0.85546875 0.466796875
0 1 0.15625 0.998046875 0.01953125 0.9765625 0.01953125 0.9765625 0.15625
0 0.560546875 0.119140625 0.55859375 0.0703125 0.5 0.072265625 0.501953125 0.12109375
0 0.6796875 0.109375 0.673828125 0.06640625 0.625 0.0703125 0.62890625 0.11328125