0 0.556640625 0.5625 0.876953125 0.595703125 0.8828125 0.546875 0.5625 0.513671875
0 0.677734375 0 0.560546875 0 0.5546875 0.05078125 0.82421875 0.078125 0.83203125 0.015625
0 0.85546875 0.43359375 0.865234375 0.359375 0.5546875 0.322265625 0.546875 0.396484375
0 0.56640625 0.162109375 0.560546875 0.220703125 0.8515625 0.25390625 0.857421875 0.1953125
0 0.083984375 0 0 0 0 0.068359375 0.09765625 0.033203125 0.08984375 0.013671875
0 0.5 0.365234375 0.490234375 0.310546875 0.3203125 0.341796875 0.33203125 0.396484375
0 0.28125 0.45703125 0.28515625 0.392578125 0 0.369140625 0 0.43359375
0 0.244140625 0.28125 0.248046875 0.22265625 0.044921875 0.20703125 0.041015625 0.263671875
0 0.251953125 0.099609375 0.501953125 0.033203125 0.4921875 0 0.4453125 0 0.240234375 0.0546875
0 0.279296875 0.259765625 0.5078125 0.201171875 0.490234375 0.134765625 0.263671875 0.193359375
0 0.50390625 0.58203125 0.509765625 0.515625 0 0.46875 0 0.53515625
0 0.9296875 0.087890625 1 0.083984375 1 0.029296875 0.927734375 0.033203125
0 0.515625 0.833984375 0.505859375 0.912109375 0.552734375 0.91796875 0.55078125 0.9375 0.599609375 0.943359375 0.6015625 0.923828125 0.654296875 0.9296875 0.6640625 0.8515625
0 0.220703125 0.8125 0.138671875 0.90234375 0.205078125 0.96484375 0.2890625 0.876953125
0 0.064453125 0.15625 0.234375 0.13671875 0.20703125 0.0546875 0.048828125 0.10546875
0 0.46875 0.41796875 0.466796875 0.44140625 0.330078125 0.427734375 0.32421875 0.4765625 0.466796875 0.490234375 0.474609375 0.4921875 0.5 0.4921875 0.50390625 0.419921875
0 1 0.318359375 1 0.25 0.90625 0.25 0.90625 0.31640625
0 0.904952944015444 0.8898708976833977 0.909477557915058 0.8212475868725869 0.6966849662162162 0.798828125 0.6907878861003861 0.8664937258687259
0 1 0.890625 1 0.83203125 0.94921875 0.830078125 0.9453125 0.888671875
0 0.56640625 0.2734375 0.564453125 0.22265625 0.533203125 0.224609375 0.53515625 0.275390625
0 0.02734375 0.685546875 0.02734375 0.65234375 0 0.650390625 0 0.68359375
0 0.8959037162162162 0.9848877895752896 0.9040631032818534 0.88671875 0.8355755308880308 0.8838380791505792 0.8287886100386102 0.9788549710424711