0 0.208984375 0.759765625 0.19921875 0.734375 0.173828125 0.7421875 0.181640625 0.767578125 0.166015625 0.7734375 0.158203125 0.748046875 0.119140625 0.759765625 0.123046875 0.7734375 0.107421875 0.77734375 0.111328125 0.7890625 0.0859375 0.796875 0.099609375 0.83984375 0.236328125 0.798828125 0.22265625 0.755859375 0.21875 0.755859375
0 0.185546875 0.51171875 0.171875 0.46875 0.15625 0.47265625 0.1484375 0.447265625 0.123046875 0.455078125 0.130859375 0.48046875 0.11328125 0.486328125 0.10546875 0.4609375 0.06640625 0.47265625 0.0703125 0.486328125 0.0546875 0.490234375 0.05859375 0.50390625 0.03515625 0.509765625 0.048828125 0.5546875 0.107421875 0.53515625
0 0.005859375 0.193359375 0 0.193359375 0 0.26953125 0.02734375 0.26171875 0.013671875 0.216796875
0 0.080078125 0.158203125 0 0.181640625 0 0.193359375 0.005859375 0.193359375 0.02734375 0.26171875 0.0078125 0.267578125 0.05859375 0.439453125 0.15625 0.408203125 0.08203125 0.16796875
0 0.076171875 0.43359375 0.0859375 0.466796875 0.10546875 0.4609375 0.11328125 0.486328125 0.130859375 0.48046875 0.123046875 0.455078125 0.1484375 0.447265625 0.15625 0.47265625 0.171875 0.46875 0.185546875 0.51171875 0.107421875 0.53515625 0.12109375 0.580078125 0.201171875 0.5546875 0.15625 0.408203125
0 0.126953125 0.70703125 0.212890625 0.6796875 0.185546875 0.59375 0.1015625 0.619140625
0 0.20703125 0.71875 0.005859375 0.78125 0.021484375 0.833984375 0 0.83984375 0 0.86328125 0.09765625 0.833984375 0.0859375 0.796875 0.111328125 0.7890625 0.107421875 0.77734375 0.123046875 0.7734375 0.119140625 0.759765625 0.158203125 0.748046875 0.166015625 0.7734375 0.181640625 0.767578125 0.173828125 0.7421875 0.19921875 0.734375 0.208984375 0.759765625 0.21875 0.755859375
0 0.3046875 0.962890625 0.185546875 1 0.34765625 1
0 0.63671875 0 0.595703125 0 0.599609375 0.0078125 0.453125 0.052734375 0.466796875 0.09765625 0.650390625 0.041015625 0.642578125 0.017578125
0 0.74609375 0.33203125 0.76953125 0.32421875 0.7578125 0.283203125 0.572265625 0.33984375 0.583984375 0.380859375 0.626953125 0.3671875 0.630859375 0.384765625 0.751953125 0.34765625
0 0.56640625 0.556640625 0.548828125 0.498046875 0.521484375 0.505859375 0.513671875 0.48046875 0.474609375 0.4921875 0.482421875 0.517578125 0.443359375 0.529296875 0.435546875 0.50390625 0.40625 0.513671875 0.4140625 0.5390625 0.390625 0.546875 0.408203125 0.60546875 0.4453125 0.59375
0 0.775390625 0.6171875 0.8046875 0.607421875 0.791015625 0.564453125 0.607421875 0.62109375 0.62109375 0.6640625 0.65234375 0.654296875 0.654296875 0.666015625 0.779296875 0.626953125
0 0.4921875 0.251953125 0.474609375 0.1953125 0.447265625 0.203125 0.439453125 0.177734375 0.404296875 0.1875 0.412109375 0.212890625 0.369140625 0.2265625 0.361328125 0.201171875 0.33203125 0.208984375 0.33984375 0.236328125 0.3046875 0.24609375 0.322265625 0.302734375 0.34375 0.296875
0 0.70703125 0.361328125 0.72265625 0.41796875 0.70703125 0.423828125 0.75390625 0.576171875 0.791015625 0.564453125 0.8046875 0.607421875 0.775390625 0.6171875 0.779296875 0.626953125 0.654296875 0.666015625 0.65234375 0.654296875 0.62109375 0.6640625 0.62890625 0.6875 0.796875 0.63671875 0.82421875 0.595703125 0.7890625 0.478515625 0.779296875 0.482421875 0.73828125 0.3515625
0 0.642578125 0.017578125 0.650390625 0.041015625 0.466796875 0.09765625 0.45703125 0.064453125 0.296875 0.11328125 0.271484375 0.16796875 0.3203125 0.326171875 0.318359375 0.326171875 0.322265625 0.33984375 0.333984375 0.3359375 0.33984375 0.357421875 0.326171875 0.361328125 0.349609375 0.44140625 0.365234375 0.435546875 0.37109375 0.45703125 0.359375 0.4609375 0.431640625 0.69921875 0.484375 0.7265625 0.552734375 0.705078125 0.537109375 0.65234375 0.46875 0.673828125 0.4453125 0.59375 0.408203125 0.60546875 0.390625 0.546875 0.4140625 0.5390625 0.40625 0.513671875 0.41796875 0.509765625 0.400390625 0.447265625 0.390625 0.451171875 0.384765625 0.4296875 0.39453125 0.427734375 0.37109375 0.34765625 0.359375 0.3515625 0.34375 0.296875 0.322265625 0.302734375 0.3046875 0.24609375 0.33984375 0.236328125 0.33203125 0.208984375 0.349609375 0.205078125 0.33984375 0.171875 0.609375 0.08984375 0.650390625 0.2265625 0.677734375 0.21875 0.703125 0.30078125 0.7421875 0.2890625 0.658203125 0.013671875
0 0.91796875 0.83203125 0.875 0.845703125 0.880859375 0.869140625 0.8515625 0.87890625 0.845703125 0.861328125 0.81640625 0.87109375 0.82421875 0.900390625 0.802734375 0.90625 0.806640625 0.91796875 0.794921875 0.921875 0.802734375 0.947265625 0.939453125 0.90625 0.935546875 0.888671875
0 0.625 0.927734375 0.58984375 0.939453125 0.59765625 0.96484375 0.576171875 0.97265625 0.564453125 0.939453125 0.5078125 0.95703125 0.517578125 0.994140625 0.53125 0.990234375 0.533203125 1 0.64453125 1 0.677734375 0.990234375 0.66796875 0.958984375 0.65625 0.962890625 0.65234375 0.951171875 0.6328125 0.955078125 0.630859375 0.951171875
0 0.935546875 0.888671875 0.939453125 0.90625 0.884765625 0.921875 0.908203125 0.99609375 0.89453125 1 0.96875 1
0 0.91796875 0.83203125 0.90625 0.791015625 0.509765625 0.912109375 0.5234375 0.953125 0.564453125 0.939453125 0.57421875 0.96875 0.595703125 0.962890625 0.58984375 0.939453125 0.625 0.927734375 0.630859375 0.951171875 0.822265625 0.89453125 0.81640625 0.87109375 0.845703125 0.861328125 0.8515625 0.87890625 0.880859375 0.869140625 0.875 0.845703125