0 0.640625 0.052734375 0.6953125 0.029296875 0.68359375 0 0.619140625 0
0 0.6953125 0.029296875 0.720703125 0.017578125 0.712890625 0 0.68359375 0
0 0.689453125 0.048828125 0.650390625 0.068359375 0.677734375 0.134765625 0.71875 0.115234375 0.693359375 0.056640625
0 0.720703125 0.04296875 0.693359375 0.056640625 0.724609375 0.12890625 0.751953125 0.115234375 0.748046875 0.10546875
0 0.75 0.025390625 0.71875 0.0390625 0.748046875 0.10546875 0.77734375 0.08984375
0 0.798828125 0 0.75 0.025390625 0.78125 0.095703125 0.830078125 0.072265625 0.802734375 0.0078125
0 0.765625 0.01171875 0.79296875 0 0.759765625 0
0 0.861328125 0.044921875 0.919921875 0.015625 0.912109375 0 0.84375 0
0 0.802734375 0.0078125 0.82421875 0.05859375 0.861328125 0.041015625 0.84375 0 0.818359375 0
0 0.958984375 0 0.912109375 0 0.919921875 0.015625 0.9140625 0.01953125 0.91796875 0.029296875 0.962890625 0.005859375
0 0.962890625 0.12109375 0.947265625 0.08203125 0.890625 0.107421875 0.90625 0.14453125
0 0.880859375 0.080078125 0.82421875 0.10546875 0.84765625 0.169921875 0.90625 0.14453125
0 0.939453125 0.083984375 0.970703125 0.06640625 0.94921875 0.0234375 0.91796875 0.041015625
0 0.9296875 0.228515625 0.978515625 0.24609375 0.990234375 0.20703125 0.94140625 0.189453125
0 0.921875 0.251953125 0.92578125 0.28515625 0.9375 0.283203125 0.939453125 0.30078125 0.96484375 0.298828125 0.958984375 0.248046875
0 0.962890625 0.375 0.95703125 0.32421875 0.923828125 0.328125 0.9296875 0.37890625 0.953125 0.375
0 0.98046875 0.11328125 0.96484375 0.1640625 1 0.17578125 1 0.119140625
0 0.955078125 0.396484375 0.974609375 0.39453125 0.97265625 0.373046875 0.953125 0.375
0 0.759765625 0.92578125 0.806640625 0.892578125 0.78515625 0.861328125 0.73828125 0.892578125
0 0.03515625 0.728515625 0.056640625 0.720703125 0.041015625 0.66796875 0.01953125 0.673828125
0 0.01953125 0.744140625 0.005859375 0.681640625 0 0.681640625 0 0.748046875
0 0.08203125 0.68359375 0.1015625 0.6796875 0.087890625 0.63671875 0.0703125 0.642578125
0 0.1796875 0.78125 0.19140625 0.77734375 0.185546875 0.755859375 0.173828125 0.76171875
0 0.158203125 0.697265625 0.16796875 0.720703125 0.18359375 0.712890625 0.173828125 0.69140625
0 0.75 0.17578125 0.728515625 0.140625 0.681640625 0.169921875 0.703125 0.205078125 0.75 0.17578125
0 1 0.083984375 1 0.013671875 0.97265625 0.013671875 0.974609375 0.083984375 1 0.083984375
0 0.822265625 0.158203125 0.8125 0.12890625 0.771484375 0.14453125 0.783203125 0.173828125 0.822265625 0.158203125