0 0.015625 0.0546875 0.015625 0.04296875 0.046875 0.04296875 0.046875 0.0546875 0.083984375 0.0546875 0.083984375 0.04296875 0.115234375 0.04296875 0.115234375 0.0546875 0.14453125 0.0546875 0.14453125 0.04296875 0.193359375 0.04296875 0.193359375 0 0 0 0 0.0546875
0 0.193359375 0.04296875 0.1484375 0.04296875 0.1484375 0.12109375 0.115234375 0.12109375 0.115234375 0.19140625 0.150390625 0.19140625 0.150390625 0.234375 0.1640625 0.234375 0.1640625 0.236328125 0.177734375 0.236328125 0.193359375 0.236328125 0.193359375 0.19140625
0 0.150390625 0.4453125 0.150390625 0.443359375 0.115234375 0.443359375 0.115234375 0.44921875 0.0859375 0.44921875 0.0859375 0.443359375 0.052734375 0.443359375 0.052734375 0.447265625 0.017578125 0.447265625 0.017578125 0.443359375 0 0.443359375 0 0.49609375 0.01953125 0.49609375 0.01953125 0.505859375 0.0546875 0.505859375 0.0546875 0.49609375 0.0859375 0.49609375 0.0859375 0.505859375 0.1171875 0.505859375 0.1171875 0.49609375 0.166015625 0.49609375 0.166015625 0.4453125
0 0.072265625 0.640625 0.072265625 0.646484375 0.04296875 0.646484375 0.04296875 0.640625 0.009765625 0.640625 0.009765625 0.64453125 0 0.64453125 0 0.705078125 0.01171875 0.705078125 0.01171875 0.693359375 0.04296875 0.693359375 0.04296875 0.705078125 0.07421875 0.705078125 0.072265625 0.693359375 0.123046875 0.693359375 0.123046875 0.642578125 0.107421875 0.642578125 0.107421875 0.640625
0 0.15625 0.49609375 0.1171875 0.49609375 0.1171875 0.505859375 0.1015625 0.505859375 0.1015625 0.560546875 0.0703125 0.560546875 0.0703125 0.625 0.1015625 0.625 0.1015625 0.640625 0.107421875 0.640625 0.107421875 0.642578125 0.123046875 0.642578125 0.123046875 0.693359375 0.1328125 0.693359375 0.1484375 0.693359375 0.158203125 0.693359375 0.158203125 0.625
0 0.171875 0.421875 0.177734375 0.421875 0.177734375 0.287109375 0.15625 0.287109375 0.15625 0.421875 0.125 0.421875 0.125 0.443359375 0.150390625 0.443359375 0.150390625 0.4453125 0.171875 0.4453125 0.171875 0.443359375
0 0.01171875 0.955078125 0.01171875 0.951171875 0.044921875 0.951171875 0.044921875 0.955078125 0.072265625 0.955078125 0.072265625 0.951171875 0.103515625 0.951171875 0.103515625 0.955078125 0.12890625 0.955078125 0.12890625 0.951171875 0.142578125 0.951171875 0.140625 0.888671875 0 0.888671875 0 0.955078125
0 0.533203125 0.958984375 0.533203125 1 0.578125 1 0.578125 0.958984375 0.568359375 0.958984375
0 0.28125 0.90625 0.28125 0.958984375 0.568359375 0.958984375 0.568359375 0.90625
0 0.95703125 0.91015625 0.908203125 0.91015625 0.908203125 1 0.95703125 1 0.95703125 0.912109375
0 0.95703125 0.912109375 0.95703125 1 1 1 1 0.912109375
0 0.705078125 0.66015625 0.68359375 0.66015625 0.68359375 0.65234375 0.650390625 0.65234375 0.650390625 0.693359375 0.66015625 0.693359375 0.66015625 0.728515625 0.67578125 0.728515625 0.67578125 0.73828125 0.71875 0.73828125 0.71875 0.724609375 0.7421875 0.724609375 0.7421875 0.73828125 0.78125 0.73828125 0.78125 0.732421875 0.79296875 0.732421875 0.79296875 0.689453125 0.80078125 0.689453125 0.80078125 0.65234375 0.771484375 0.65234375 0.771484375 0.662109375 0.7578125 0.66015625 0.7578125 0.669921875 0.705078125 0.669921875
0 0.935546875 0.646484375 0.92578125 0.646484375 0.92578125 0.638671875 0.87890625 0.638671875 0.87890625 0.677734375 0.888671875 0.677734375 0.888671875 0.71484375 0.90625 0.71484375 0.90625 0.724609375 0.9453125 0.724609375 0.9453125 0.712890625 0.970703125 0.712890625 0.970703125 0.724609375 1 0.724609375 1 0.646484375 0.98828125 0.646484375 0.98828125 0.65625 0.935546875 0.65625
0 0.416015625 0.05859375 0.3984375 0.05859375 0.388671875 0.0625 0.384765625 0.068359375 0.357421875 0.330078125 0.435546875 0.337890625 0.421875 0.06640625
0 0.4609375 0.0078125 0.455078125 0.0078125 0.455078125 0.01953125 0.474609375 0.01953125 0.474609375 0.015625 0.509765625 0.013671875 0.509765625 0.0234375 0.546875 0.0234375 0.546875 0.013671875 0.572265625 0.01171875 0.572265625 0.021484375 0.615234375 0.021484375 0.615234375 0.01171875 0.638671875 0.009765625 0.640625 0.021484375 0.6796875 0.01953125 0.6796875 0.009765625 0.703125 0.0078125 0.705078125 0.015625 0.728515625 0.013671875 0.728515625 0 0.458984375 0
0 0.7578125 0.01953125 0.787109375 0.017578125 0.787109375 0.013671875 0.8125 0.01171875 0.8125 0.021484375 0.849609375 0.021484375 0.849609375 0.01171875 0.876953125 0.009765625 0.876953125 0.021484375 0.91015625 0.021484375 0.91015625 0.01171875 0.9453125 0.01171875 0.9453125 0.015625 0.96875 0.015625 0.96875 0 0.962890625 0 0.7578125 0
0 0.677734375 0.140625 0.677734375 0.146484375 0.65625 0.146484375 0.65625 0.140625 0.6171875 0.142578125 0.6171875 0.1484375 0.591796875 0.1484375 0.591796875 0.142578125 0.548828125 0.14453125 0.548828125 0.1484375 0.5234375 0.1484375 0.5234375 0.14453125 0.484375 0.146484375 0.484375 0.1484375 0.46875 0.1484375 0.470703125 0.189453125 0.46484375 0.189453125 0.466796875 0.201171875 0.486328125 0.201171875 0.486328125 0.197265625 0.521484375 0.197265625 0.521484375 0.20703125 0.556640625 0.205078125 0.556640625 0.1953125 0.58203125 0.1953125 0.58203125 0.205078125 0.625 0.203125 0.625 0.193359375 0.650390625 0.193359375 0.650390625 0.203125 0.689453125 0.201171875 0.689453125 0.19140625 0.71484375 0.19140625 0.71484375 0.197265625 0.740234375 0.197265625 0.73828125 0.14453125 0.72265625 0.14453125 0.72265625 0.138671875
0 0.8125 0.208984375 1 0.19921875 1 0.140625 0.810546875 0.150390625
0 0.470703125 0.326171875 0.671875 0.32421875 0.671875 0.263671875 0.470703125 0.267578125
0 0.529296875 0.3828125 0.529296875 0.40234375 0.48046875 0.40234375 0.48046875 0.453125 0.673828125 0.44921875 0.671875 0.400390625 0.56640625 0.400390625 0.56640625 0.3828125
0 0.55078125 0.509765625 0.51953125 0.509765625 0.51953125 0.552734375 0.529296875 0.552734375 0.529296875 0.57421875 0.533203125 0.57421875 0.533203125 0.5859375 0.552734375 0.5859375 0.552734375 0.599609375 0.658203125 0.59765625 0.658203125 0.58984375 0.669921875 0.58984375 0.669921875 0.57421875 0.673828125 0.57421875 0.673828125 0.55078125 0.6875 0.55078125 0.6875 0.517578125 0.658203125 0.517578125 0.658203125 0.5234375 0.63671875 0.5234375 0.63671875 0.529296875 0.572265625 0.529296875 0.572265625 0.5234375 0.55078125 0.5234375 0.55078125 0.517578125
0 0.51953125 0.509765625 0.546875 0.509765625 0.546875 0.505859375 0.474609375 0.505859375 0.474609375 0.5859375 0.533203125 0.5859375 0.533203125 0.57421875 0.529296875 0.57421875 0.529296875 0.552734375 0.51953125 0.552734375 0.51953125 0.541015625
0 0.33203125 0.591796875 0.42578125 0.59765625 0.44140625 0.38671875 0.34765625 0.37890625
0 0.912109375 0.39453125 0.912109375 0.40234375 0.8984375 0.40234375 0.900390625 0.41015625 0.8828125 0.41015625 0.8828125 0.41796875 0.86328125 0.41796875 0.86328125 0.412109375 0.845703125 0.412109375 0.845703125 0.404296875 0.83203125 0.404296875 0.83203125 0.396484375 0.791015625 0.396484375 0.79296875 0.43359375 0.798828125 0.43359375 0.798828125 0.453125 0.80078125 0.453125 0.80078125 0.47265625 0.810546875 0.47265625 0.810546875 0.48046875 0.861328125 0.48046875 0.859375 0.46875 0.884765625 0.466796875 0.884765625 0.48046875 0.927734375 0.48046875 0.927734375 0.47265625 0.935546875 0.47265625 0.93359375 0.4609375 0.94140625 0.4609375 0.94140625 0.39453125
0 0.921875 0.302734375 0.923828125 0.26953125 0.890625 0.26953125 0.888671875 0.302734375 0.921875 0.302734375
0 0.5703125 0.060546875 0.568359375 0.037109375 0.517578125 0.04296875 0.51953125 0.06640625 0.5703125 0.060546875
0 0.859375 0.5703125 0.85546875 0.544921875 0.8046875 0.552734375 0.80859375 0.578125 0.859375 0.5703125
0 0.810546875 0.998046875 0.810546875 0.9765625 0.708984375 0.9765625 0.708984375 1 0.810546875 0.998046875
0 0.50390625 0.640625 0.50390625 0.611328125 0.455078125 0.611328125 0.45703125 0.640625 0.50390625 0.640625
0 0.73828125 0.55078125 0.734375 0.431640625 0.701171875 0.43359375 0.705078125 0.552734375 0.73828125 0.55078125
0 0.896484375 0.876953125 0.896484375 0.845703125 0.84765625 0.845703125 0.84765625 0.876953125 0.896484375 0.876953125
0 0.103515625 0.80859375 0.099609375 0.775390625 0.0546875 0.78125 0.05859375 0.814453125 0.103515625 0.80859375
0 0.232421875 0.958984375 0.248046875 0.841796875 0.216796875 0.837890625 0.201171875 0.955078125 0.232421875 0.958984375