0 0.650390625 0.021484375 0.611328125 0.0390625 0.62890625 0.08203125 0.669921875 0.064453125
0 0.70703125 0.048828125 0.689453125 0.005859375 0.650390625 0.021484375 0.669921875 0.064453125
0 0.841796875 0 0.814453125 0.03125 0.83984375 0.056640625 0.869140625 0.025390625
0 0.81640625 0.033203125 0.791015625 0.05859375 0.82421875 0.08984375 0.84765625 0.064453125 0.83984375 0.056640625
0 0.8203125 0.09375 0.85546875 0.12890625 0.87890625 0.1015625 0.84375 0.068359375 0.82421875 0.08984375
0 0.873046875 0.087890625 0.8984375 0.060546875 0.875 0.037109375 0.84765625 0.064453125
0 0.916015625 0 0.896484375 0 0.888671875 0.00390625 0.904296875 0.037109375 0.9296875 0.025390625
0 0.873046875 0.01171875 0.88671875 0.0390625 0.90234375 0.033203125 0.888671875 0.00390625
0 0.9140625 0.072265625 0.94921875 0.05859375 0.94140625 0.03515625 0.904296875 0.048828125
0 0.58203125 0.998046875 0.537109375 0.9921875 0.53515625 1 0.580078125 1
0 0.9453125 0.166015625 0.982421875 0.154296875 0.966796875 0.103515625 0.927734375 0.115234375
0 0.99609375 0.169921875 0.962890625 0.1796875 0.978515625 0.2265625 1 0.21875 1 0.181640625
0 0.97265625 0.2265625 0.990234375 0.283203125 1 0.279296875 1 0.21875 0.978515625 0.2265625