0 0.228515625 0.044921875 0.267578125 0.03125 0.263671875 0.01953125 0.224609375 0.03515625
0 0.271484375 0.017578125 0.263671875 0 0.203125 0 0.21875 0.037109375 0.224609375 0.03515625
0 0.279296875 0.015625 0.3125 0.00390625 0.310546875 0 0.2734375 0
0 0.884765625 0.1875 1 0.146484375 1 0.087890625 0.8671875 0.134765625
0 0.7421875 0.271484375 0.83203125 0.240234375 0.814453125 0.19140625 0.7265625 0.22265625
0 0.6640625 0.310546875 0.71875 0.291015625 0.69921875 0.236328125 0.64453125 0.2578125
0 0.59375 0.3359375 0.654296875 0.314453125 0.634765625 0.259765625 0.57421875 0.28125
0 1 0.513671875 1 0.474609375 0.98046875 0.494140625
0 0.91796875 0.26953125 0.90234375 0.283203125 0.9375 0.32421875 0.9453125 0.33203125 0.9609375 0.318359375
0 0.966796875 0.380859375 0.978515625 0.37109375 0.9375 0.32421875 0.892578125 0.36328125 0.9765625 0.458984375 1 0.439453125 1 0.416015625
0 0.89453125 0.294921875 0.859375 0.32421875 0.89453125 0.361328125 0.927734375 0.33203125
0 0.75390625 0.47265625 0.8203125 0.53515625 0.857421875 0.494140625 0.806640625 0.447265625 0.796875 0.45703125 0.78125 0.443359375
0 0.666015625 0.423828125 0.71484375 0.404296875 0.70703125 0.3828125 0.658203125 0.400390625
0 0.85546875 0.57421875 0.8671875 0.5859375 0.865234375 0.587890625 0.91796875 0.63671875 0.94921875 0.603515625 0.93359375 0.591796875 0.9453125 0.580078125 0.908203125 0.544921875 0.8984375 0.556640625 0.8828125 0.54296875
0 0.962890625 0.62109375 0.978515625 0.634765625 1 0.607421875 1 0.599609375 0.990234375 0.591796875
0 0.98828125 0.205078125 0.9453125 0.220703125 0.958984375 0.255859375 1 0.23828125 1 0.232421875 0.994140625 0.216796875
0 0.984375 0.19140625 0.994140625 0.216796875 1 0.212890625 1 0.185546875
0 0.99609375 0.69921875 1 0.6953125 1 0.658203125 0.9921875 0.650390625 0.951171875 0.69140625 0.98828125 0.728515625 1 0.71484375 1 0.703125
0 0.650390625 0.171875 0.7578125 0.134765625 0.7421875 0.091796875 0.634765625 0.130859375
0 0.525390625 0.361328125 0.4609375 0.291015625 0.427734375 0.3203125 0.4921875 0.392578125 0.525390625 0.361328125
0 0.875 0.193359375 0.83203125 0.09375 0.802734375 0.107421875 0.845703125 0.205078125 0.875 0.193359375
0 0.97265625 0.189453125 0.962890625 0.166015625 0.92578125 0.181640625 0.935546875 0.205078125 0.97265625 0.189453125