0 0 0.697265625 0.040501644736842146 0.6963404605263157 0.040501644736842146 0.8135279605263157 0 0.814453125
0 0.48046875 0.279296875 0.53515625 0.1328125 0.625 0.166015625 0.5703125 0.3125
0 0.900390625 0.70703125 0.986328125 0.681640625 1 0.728515625 0.9140625 0.75
0 0.908203125 0.76171875 0.94921875 0.75390625 0.98046875 0.830078125 0.939453125 0.837890625
0 0 0.6171875 0 0.51953125 0.107421875 0.51953125 0.107421875 0.6171875
0 0.00390625 0.37890625 0.14453125 0.37890625 0.14453125 0.43359375 0.00390625 0.43359375
0 0.00390625 0.115234375 0.1484375 0.115234375 0.1484375 0.177734375 0.00390625 0.177734375
0 0.037109375 0.23046875 0.1484375 0.23046875 0.1484375 0.326171875 0.037109375 0.326171875
0 0.16138980263157893 0.6404194078947368 0.16529605263157893 0.6169819078947368 0.21998355263157893 0.6228412828947368 0.21803042763157893 0.6482319078947368
0 0.751953125 0.759765625 0.8125 0.75 0.818359375 0.791015625 0.7578125 0.80078125
0 0.915296052631579 0.3612253289473684 0.9574424342105263 0.38692434210526316 0.9358552631578947 0.49383223684210525 0.8741776315789473 0.47430098684210525
0 0.938939144736842 0.329358552631579 0.9409950657894737 0.38178453947368424 0.998046875 0.38460888646430436 0.998046875 0.3273026315789474
0 0.936780427631579 0.20086348684210528 0.936780427631579 0.2543174342105262 1 0.250238752122241 1 0.19983552631578952
0 0.998046875 0.12109375 1 0.076171875 0.91015625 0.0703125 0.908203125 0.1171875
0 0.576171875 0.3828125 0.595703125 0.333984375 0.46875 0.283203125 0.44921875 0.333984375
0 0.998046875 0.908203125 1 0.841796875 0.966796875 0.841796875 0.966796875 0.908203125
0 0.8141654554263565 0.5897074854651163 0.986328125 0.5558533187984496 1 0.6027283187984496 0.8285489341085271 0.6374000726744186