0 0.384765625 0.59765625 0.41015625 0.53125 0.63671875 0.578125 0.61328125 0.64453125
0 0.1782483552631579 0.01583059210526319 0.3951480263157895 0 0.3990542763157895 0.052734375 0.17722039473684212 0.06106085526315793
0 0.037417763157894746 0.288342927631579 0.053042763157894746 0.23951480263157898 0.2620271381578947 0.296155427631579 0.2464021381578948 0.343030427631579
0 0.798108552631579 0.7785773026315789 0.8032483552631579 0.7220394736842105 0.6284950657894737 0.6552220394736842 0.65625 0.5699013157894737 0.8608141447368421 0.6295230263157894 0.9307154605263158 0.7107319078947367 0.8978207236842105 0.8032483552631579
0 0.89453125 0.1171875 0.90234375 0.056640625 1 0.06640625 0.994140625 0.126953125
0 0.78125 0.5013363486842104 0.796875 0.4251644736842106 1 0.4622738486842106 0.982421875 0.5403988486842104
0 0.84375 0.234375 0.857421875 0.171875 1 0.201171875 0.986328125 0.26171875
0 0.013260690789473673 0.4714226973684211 0.028885690789473673 0.4108758223684211 0.3413856907894737 0.4968133223684211 0.3238075657894737 0.555407072368421
0 0.017475328947368418 0.5760690789473684 0.029194078947368418 0.5252878289473684 0.19520970394736842 0.5741159539473684 0.18153782894736842 0.6248972039473684
0 0.15707236842105265 0.16560444078947362 0.34457236842105265 0.14997944078947367 0.35043174342105265 0.19685444078947364 0.16293174342105265 0.21443256578947362
0 0.6142064144736842 0.06897615131578946 0.6278782894736842 0.02600740131578947 0.7743626644736842 0.06311677631578946 0.7606907894736842 0.10803865131578949
0 0.3984375 0.880859375 0.404296875 0.83203125 0.611328125 0.8515625 0.60546875 0.8984375
0 0.6192434210526316 0.998046875 0.6484375 0.921875 0.837890625 0.958984375 0.8203125 1
0 0.662109375 0.869140625 0.677734375 0.806640625 0.876953125 0.861328125 0.861328125 0.923828125
0 0.232421875 0.9140625 0.2421875 0.841796875 0.34375 0.849609375 0.33203125 0.921875
0 0 0.72265625 0.060546875 0.72265625 0.017886513157894773 0.880345394736842 0 0.8721217105263157
0 0.3612253289473685 0.997532894736842 0.39453125 0.935546875 0.607421875 0.958984375 0.595703125 0.998046875
0 0.255859375 0.72265625 0.35546875 0.72265625 0.35546875 0.794921875 0.255859375 0.794921875
0 0.25 0.603515625 0.33984375 0.595703125 0.349609375 0.666015625 0.2578125 0.67578125
0 0 0.15666118421052633 0.015625 0.10783305921052633 0.13671875 0.13908305921052633 0.119140625 0.18791118421052633
0 0.015419407894736836 0.6925370065789473 0.027138157894736836 0.6437088815789473 0.16385690789473684 0.6808182565789473 0.15018503289473684 0.7296463815789473
0 0.40625 0.720703125 0.619140625 0.720703125 0.619140625 0.78125 0.40625 0.78125
0 0.609375 0.306640625 0.623046875 0.259765625 0.76171875 0.29296875 0.74609375 0.341796875
0 0.44140625 0.2666529605263158 0.45579769736842113 0.22347861842105265 0.6240748355263158 0.25740131578947373 0.607935855263158 0.30879934210526316
0 0.5703125 0.41015625 0.583984375 0.357421875 0.767578125 0.416015625 0.75390625 0.46875
0 0.5389597039473685 0.17351973684210528 0.5506784539473685 0.12859786184210528 0.7518503289473685 0.17937911184210528 0.7401315789473685 0.22430098684210528
0 0.042557565789473714 0.880345394736842 0.10485197368421051 0.7400287828947368 0.23961759868421048 0.7790912828947368 0.18852796052631582 0.9132401315789472
0 0.79296875 0.353515625 0.8046875 0.2890625 0.99609375 0.3203125 0.986328125 0.3828125
0 0.169921875 0.74609375 0.18359375 0.705078125 0.23828125 0.71484375 0.224609375 0.7578125
0 0.037109375 0.970703125 0.048828125 0.90625 0.087890625 0.912109375 0.07421875 0.978515625
0 0.428453947368421 0.3929893092105263 0.442125822368421 0.3461143092105263 0.580797697368421 0.3793174342105263 0.565172697368421 0.4281455592105263
0 0.02055921052631579 0.04882812499999999 0.03618421052631579 0 0.1572779605263158 0.03125 0.1396998355263158 0.08007812499999994
0 0.8844572368421053 0.08470394736842105 0.8875411184210527 0.0343338815789474 0.8032483552631579 0.03330592105263161 0.8022203947368421 0.0723684210526316
0 1 0.025390625 1 0 0.8828125 0 0.8828125 0.025390625 1 0.025390625
0 0.84375 0.14453125 0.84765625 0.095703125 0.798828125 0.091796875 0.794921875 0.140625 0.84375 0.14453125
0 0.4140625 0.109375 0.41015625 0.064453125 0.306640625 0.07421875 0.3125 0.119140625 0.4140625 0.109375