0 0.4887203246124031 0.24880390019379844 0.7387203246124031 0.11794452519379844 0.7738765746124031 0.16872577519379844 0.5238765746124031 0.30153827519379844
0 0.685546875 0.51953125 0.814453125 0.44140625 0.87109375 0.517578125 0.7421875 0.595703125
0 0.10546875 0.12109375 0.25 0.048828125 0.279296875 0.1015625 0.134765625 0.173828125
0 0.5732935855263158 0.6095577485380116 0.6475123355263158 0.5587764985380116 0.6924342105263158 0.6271358735380116 0.6182154605263158 0.6779171235380116
0 0.80078125 0.974609375 0.806640625 0.953125 0.853515625 0.974609375 0.84765625 0.998046875
0 0.008474963450292389 0.07285955774853803 0.07488121345029239 0.05723455774853803 0.09831871345029239 0.13731268274853803 0.02800621345029239 0.15098455774853803
0 0.044921875 0.34375 0.15625 0.2890625 0.1796875 0.326171875 0.06640625 0.3828125
0 0.212890625 0.69921875 0.3203125 0.662109375 0.375 0.810546875 0.26953125 0.849609375
0 0.87109375 0.205078125 0.9296875 0.169921875 0.962890625 0.212890625 0.90234375 0.248046875
0 0.779296875 0.279296875 0.83984375 0.244140625 0.87109375 0.287109375 0.810546875 0.3203125
0 0 0.3671875 0.033203125 0.345703125 0.046875 0.3828125 0.013671875 0.40625
0 0.5662463450292398 0.7113029970760234 0.8700657894736842 0.5376918859649122 0.9100420321637427 0.6107913011695906 0.634765625 0.78125
0 0.00390625 0.919921875 0.2441520467836257 0.8072459795321637 0.298828125 0.8671875 0.03515625 0.98828125
0 0 0.8044362207602339 0.20646016081871346 0.6907437865497076 0.24300986842105263 0.7946820175438596 0.046875 0.9079518457602339
0 0.146484375 0.244140625 0.220703125 0.208984375 0.251953125 0.267578125 0.177734375 0.3046875
0 0.2890625 0.26953125 0.353515625 0.232421875 0.380859375 0.29296875 0.314453125 0.328125
0 0.275390625 0.142578125 0.345703125 0.109375 0.375 0.166015625 0.3046875 0.19921875
0 0 0.4600922880116959 0.068359375 0.4307954130116959 0.08984375 0.4796235380116959 0.01953125 0.5089204130116959
0 0 0.548531158625731 0.134765625 0.484078033625731 0.162109375 0.548531158625731 0.0234375 0.612984283625731
0 0.876953125 0.4453125 0.939453125 0.404296875 0.974609375 0.45703125 0.912109375 0.498046875
0 0.939453125 0.314453125 0.978515625 0.27734375 1 0.322265625 0.9609375 0.359375
0 0.78515625 0.0390625 0.849609375 0.001953125 0.892578125 0.056640625 0.826171875 0.09375
0 0.126953125 0.388671875 0.205078125 0.35546875 0.26171875 0.484375 0.1796875 0.513671875
0 0.775390625 0.80859375 0.814453125 0.791015625 0.826171875 0.81640625 0.7890625 0.833984375
0 0.33984375 0.537109375 0.40234375 0.537109375 0.40234375 0.587890625 0.33984375 0.587890625
0 0.38692434210526316 0.9717196637426901 0.3844752991976064 0.998046875 0.2224506578947368 0.998046875
0 0.6673025678294574 0.48069585755813954 0.6438347868217055 0.40953548934108525 0.5181686046511628 0.46404130329457366 0.5787306201550387 0.5352016715116279
0 0.9877101608187134 0.5365497076023391 0.9317434210526315 0.5742415935672515 0.9831414473684211 0.6176443713450293 0.998046875 0.5949621988621916
0 0.9100420321637427 0.7729806286549707 0.998046875 0.7044383952921165 0.998046875 0.8597861842105263
0 0.37890625 0.5078125 0.376953125 0.43359375 0.3203125 0.435546875 0.32421875 0.509765625
0 0.388671875 0.416015625 0.380859375 0.34765625 0.32421875 0.353515625 0.33203125 0.421875
0 0.03515625 0.767578125 0.03125 0.70703125 0 0.7109375 0 0.76953125
0 0.49242974806201556 0.04389232073643412 0.5711603682170542 0 0.6930414244186046 0 0.5333091085271318 0.09612705910852715