0 0.82421875 0.087890625 0.8203125 0.140625 1 0.15234375 1 0.099609375
0 0.7421875 0.26953125 0.80859375 0.2734375 0.818359375 0.134765625 0.751953125 0.130859375
0 0.7734375 0.083984375 0.751953125 0.103515625 0.751953125 0.130859375 0.8203125 0.13671875 0.82421875 0.087890625
0 0.88671875 0.3125 0.8828125 0.375 1 0.380859375 1 0.318359375
0 0.7734375 0.3046875 0.75390625 0.56640625 0.8671875 0.57421875 0.88671875 0.3125
0 0.748046875 0.669921875 0.728515625 0.9453125 0.80078125 0.94921875 0.818359375 0.67578125
0 0.904296875 0.7000060562015504 0.8984375 0.7722716812015504 1 0.7781310562015504 1 0.7058654312015504
0 0.720703125 0.669921875 0.701171875 0.943359375 0.728515625 0.9453125 0.748046875 0.669921875
0 0.4921875 0.423828125 0.478515625 0.6171875 0.314453125 0.607421875 0.31640625 0.578125 0.35546875 0.580078125 0.36328125 0.44921875 0.32421875 0.4453125 0.326171875 0.43359375 0.275390625 0.4296875 0.259765625 0.662109375 0.578125 0.68359375 0.595703125 0.431640625
0 0.16015625 0.474609375 0.1640625 0.41796875 0.099609375 0.4140625 0.099609375 0.400390625 0.04296875 0.396484375 0.041015625 0.41015625 0 0.40625 0 0.462890625
0 0.146484375 0.646484375 0.150390625 0.58203125 0 0.5703125 0 0.634765625
0 0.12890625 0.826171875 0.1328125 0.76953125 0 0.759765625 0 0.81640625
0 0 0.919921875 0 0.978515625 0.123046875 0.98828125 0.126953125 0.9296875
0 0.29296875 0.794921875 0.298828125 0.73046875 0.23046875 0.7265625 0.22265625 0.84375 0.572265625 0.8671875 0.576171875 0.814453125
0 0.220703125 0.984375 0.439453125 1 0.548828125 1 0.55078125 0.95703125 0.224609375 0.935546875
0 0.107421875 0.216796875 0.056640625 0.212890625 0.052734375 0.2734375 0.0546875 0.2734375 0.052734375 0.2890625 0 0.28515625 0 0.341796875 0.09765625 0.349609375 0.103515625 0.27734375
0 0.2578125 0.236328125 0.259765625 0.251953125 0.2109375 0.259765625 0.208984375 0.2421875 0.171875 0.248046875 0.17578125 0.265625 0.150390625 0.26953125 0.16015625 0.330078125 0.337890625 0.302734375 0.328125 0.2421875 0.30078125 0.24609375 0.298828125 0.23046875
0 0.578125 0.05859375 0.57421875 0.04296875 0.546875 0.048828125 0.55078125 0.06640625 0.45703125 0.08984375 0.46875 0.1328125 0.529296875 0.119140625 0.53515625 0.14453125 0.634765625 0.12109375 0.62890625 0.09375 0.671875 0.083984375 0.66015625 0.0390625
0 0.51953125 0.26171875 0.517578125 0.2890625 0.458984375 0.283203125 0.453125 0.345703125 0.51953125 0.353515625 0.5234375 0.322265625 0.59375 0.330078125 0.599609375 0.267578125
0 0.35546875 0.046875 0.416015625 0.029296875 0.40625 0 0.33984375 0
0 0.998046875 0.025390625 0.998046875 0 0.904296875 0 0.904296875 0.025390625
0 0.423828125 0.08203125 0.404296875 0.052734375 0.333984375 0.09765625 0.353515625 0.126953125
0 0.533203125 0.94140625 0.53515625 0.890625 0.23046875 0.876953125 0.2265625 0.927734375
0 0.88671875 0.5235889050387597 0.8828125 0.5860889050387598 1 0.5919482800387598 1 0.5294482800387597
0 0.8073522286821705 0.887218386627907 0.8005390019379844 0.9667060319767442 1 0.9733224321705426 1 0.9010568071705426