0 0.439453125 1 0.5703125 1 0.55859375 0.970703125 0.53125 0.98046875 0.5234375 0.96484375
0 0.216796875 0.822265625 0.220703125 0.830078125 0.166015625 0.853515625 0.162109375 0.84375 0.125 0.859375 0.1328125 0.87890625 0.11328125 0.88671875 0.138671875 0.9453125 0.3125 0.873046875 0.2890625 0.81640625 0.26953125 0.82421875 0.259765625 0.8046875
0 0.6171875 0.787109375 0.623046875 0.796875 0.5625 0.822265625 0.556640625 0.8125 0.529296875 0.82421875 0.537109375 0.84375 0.50390625 0.857421875 0.529296875 0.91796875 0.708984375 0.841796875 0.68359375 0.78515625 0.6640625 0.79296875 0.654296875 0.771484375
0 0.353515625 0.59765625 0.357421875 0.607421875 0.296875 0.634765625 0.291015625 0.625 0.263671875 0.638671875 0.271484375 0.65625 0.24609375 0.66796875 0.2734375 0.73046875 0.451171875 0.650390625 0.421875 0.5859375 0.40234375 0.595703125 0.39453125 0.578125
0 0.67578125 0.75 0.76953125 0.80078125 0.80078125 0.744140625 0.70703125 0.693359375
0 0.09375 0.029296875 0.107421875 0 0.037109375 0
0 0.2421875 0.279296875 0.271484375 0.228515625 0 0.076171875 0 0.142578125
0 0.294921875 0.240234375 0.39453125 0.068359375 0.3515625 0.044921875 0.25390625 0.21484375
0 0.501953125 0.30859375 0.5703125 0.193359375 0.51171875 0.16015625 0.443359375 0.2734375
0 0.833984375 0.353515625 0.76953125 0.314453125 0.703125 0.427734375 0.767578125 0.466796875
0 0.443359375 0.2734375 0.400390625 0.345703125 0.724609375 0.537109375 0.767578125 0.466796875
0 0.814453125 0.4609375 0.869140625 0.48828125 0.888671875 0.453125 0.833984375 0.423828125
0 0.8671875 0.36328125 0.833984375 0.423828125 0.892578125 0.455078125 0.923828125 0.39453125
0 0.955078125 0.109375 0.990234375 0.05078125 0.90234375 0 0.765625 0
0 0.865234375 0.267578125 0.900390625 0.208984375 0.66015625 0.06640625 0.625 0.125
0 0.818359375 0.49609375 0.77734375 0.560546875 0.955078125 0.673828125 0.998046875 0.609375
0 0.23828125 0.107421875 0.263671875 0.0625 0.1484375 0 0.107421875 0 0.09375 0.029296875
0 0.03515625 0.623046875 0.1328125 0.453125 0.0546875 0.408203125 0 0.501953125 0 0.6015625
0 0.0625 0.39453125 0 0.357421875 0 0.501953125 0.0546875 0.408203125
0 0.8125 0.83984375 0.7578125 0.931640625 0.849609375 0.984375 0.83984375 1 0.94921875 1 0.986328125 0.939453125
0 0.572265625 0.109375 0.6328125 0 0.568359375 0 0.5234375 0.08203125
0 1 0.27734375 0.998046875 0.14453125 0.94140625 0.14453125 0.94140625 0.279296875 1 0.27734375
0 0.912109375 0.189453125 0.939453125 0.142578125 0.896484375 0.119140625 0.87109375 0.1640625 0.912109375 0.189453125
0 0.126953125 0.66796875 0.203125 0.53125 0.166015625 0.51171875 0.091796875 0.6484375 0.126953125 0.66796875
0 0.669921875 0.732421875 0.689453125 0.701171875 0.58203125 0.6328125 0.5625 0.666015625 0.669921875 0.732421875
0 0.02734375 0.767578125 0.0625 0.689453125 0.033203125 0.677734375 0 0.75390625 0.02734375 0.767578125