0 0.8828125 0.013671875 0.888671875 0.015625 0.8828125 0.03125 0.90234375 0.041015625 0.91015625 0.021484375 0.951171875 0.041015625 0.958984375 0.0234375 0.947265625 0.017578125 0.955078125 0 0.888671875 0
0 1 0.083984375 1 0.0546875 0.990234375 0.05078125 0.978515625 0.076171875
0 0.91015625 0.021484375 0.8984375 0.046875 0.9765625 0.08203125 0.98828125 0.056640625 0.951171875 0.041015625
0 0.921875 0.169921875 0.91015625 0.2109375 0.984375 0.234375 0.998046875 0.19140625 0.974609375 0.185546875
0 0.9296875 0.142578125 0.921875 0.169921875 0.974609375 0.185546875 0.982421875 0.158203125
0 0.9296875 0.142578125 0.916015625 0.138671875 0.9375 0.072265625 0.890625 0.05859375 0.849609375 0.19140625 0.91015625 0.208984375 0.921875 0.169921875
0 0.849609375 0.27734375 0.87109375 0.2890625 0.890625 0.255859375 0.869140625 0.244140625
0 0.921875 0.365234375 0.880859375 0.330078125 0.796875 0.400390625 0.86328125 0.4609375 0.876953125 0.439453125
0 0.60546875 0.64453125 0.6328125 0.66796875 0.673828125 0.619140625 0.6484375 0.595703125
0 0.796875 0.400390625 0.62890625 0.578125 0.71875 0.65625 0.853515625 0.451171875
0 0.435546875 0.78125 0.470703125 0.806640625 0.580078125 0.658203125 0.544921875 0.6328125
0 0.435546875 0.78125 0.3203125 0.9375 0.35546875 0.962890625 0.470703125 0.806640625
0 0.640625 0.953125 0.689453125 1 0.828125 1 0.705078125 0.884765625
0 0.515625 0.7734375 0.48046875 0.810546875 0.623046875 0.943359375 0.658203125 0.908203125
0 0.556640625 0.8125 0.59765625 0.76953125 0.556640625 0.73046875 0.515625 0.7734375
0 0.814453125 0.958984375 0.84765625 0.990234375 0.880859375 0.955078125 0.84765625 0.923828125
0 0.57421875 0.630859375 0.630859375 0.548828125 0.607421875 0.53125 0.548828125 0.615234375 0.57421875 0.630859375
0 0.92578125 0.26953125 0.943359375 0.23828125 0.908203125 0.21875 0.888671875 0.25 0.92578125 0.26953125