0 0.3495867519305019 0.23342483108108106 0.3437273769305019 0.23537795608108106 0.3378680019305019 0.23733108108108106 0.3320086269305019 0.24123733108108106 0.3281023769305019 0.24514358108108106 0.3241961269305019 0.2510029560810811 0.3222430019305019 0.2568623310810811 0.3202898769305019 0.26272170608108103 0.3202898769305019 0.26858108108108103 0.3202898769305019 0.27444045608108103 0.3222430019305019 0.28029983108108103 0.3241961269305019 0.28615920608108103 0.3281023769305019 0.29006545608108103 0.3320086269305019 0.29592483108108103 0.3378680019305019 0.29787795608108103 0.3437273769305019 0.30178420608108103 0.3495867519305019 0.30373733108108103 0.3554461269305019 0.30373733108108103 0.3613055019305019 0.30373733108108103 0.3671648769305019 0.30178420608108103 0.3730242519305019 0.29787795608108103 0.3769305019305019 0.29592483108108103 0.3808367519305019 0.29006545608108103 0.3847430019305019 0.28615920608108103 0.3866961269305019 0.28029983108108103 0.3886492519305019 0.27444045608108103 0.3906023769305019 0.26858108108108103 0.3886492519305019 0.26272170608108103 0.3866961269305019 0.2568623310810811 0.3847430019305019 0.2510029560810811 0.3808367519305019 0.24514358108108106 0.3769305019305019 0.24123733108108106 0.3730242519305019 0.23733108108108106 0.3671648769305019 0.23537795608108106 0.3613055019305019 0.23342483108108106 0.3554461269305019 0.23342483108108106
0 0.4765398769305019 0.22561233108108106 0.4706805019305019 0.22756545608108106 0.4667742519305019 0.22951858108108106 0.4609148769305019 0.23342483108108106 0.4570086269305019 0.23733108108108106 0.4531023769305019 0.24319045608108106 0.4511492519305019 0.24709670608108106 0.4491961269305019 0.2529560810810811 0.4491961269305019 0.26076858108108103 0.4491961269305019 0.2666279560810811 0.4511492519305019 0.2724873310810811 0.4531023769305019 0.27639358108108103 0.4570086269305019 0.28225295608108103 0.4609148769305019 0.28615920608108103 0.4667742519305019 0.29006545608108103 0.4706805019305019 0.29201858108108103 0.4765398769305019 0.29397170608108103 0.4823992519305019 0.29397170608108103 0.4902117519305019 0.29397170608108103 0.4960711269305019 0.29201858108108103 0.4999773769305019 0.29006545608108103 0.5058367519305019 0.28615920608108103 0.5097430019305019 0.28225295608108103 0.5136492519305019 0.27639358108108103 0.5156023769305019 0.2724873310810811 0.5175555019305019 0.2666279560810811 0.5175555019305019 0.26076858108108103 0.5175555019305019 0.2529560810810811 0.5156023769305019 0.24709670608108106 0.5136492519305019 0.24319045608108106 0.5097430019305019 0.23733108108108106 0.5058367519305019 0.23342483108108106 0.4999773769305019 0.22951858108108106 0.4960711269305019 0.22756545608108106 0.4902117519305019 0.22561233108108106 0.4823992519305019 0.22561233108108106
0 0.5937273769305019 0.21584670608108106 0.5878680019305019 0.21779983108108106 0.5820086269305019 0.21975295608108106 0.5781023769305019 0.22365920608108106 0.5741961269305019 0.22756545608108106 0.5702898769305019 0.23342483108108106 0.5683367519305019 0.23733108108108106 0.5663836269305019 0.24319045608108106 0.5644305019305019 0.2510029560810811 0.5663836269305019 0.2568623310810811 0.5683367519305019 0.26272170608108103 0.5702898769305019 0.2666279560810811 0.5741961269305019 0.2724873310810811 0.5781023769305019 0.27639358108108103 0.5820086269305019 0.28029983108108103 0.5878680019305019 0.28225295608108103 0.5937273769305019 0.28420608108108103 0.5995867519305019 0.28420608108108103 0.6054461269305019 0.28420608108108103 0.6113055019305019 0.28225295608108103 0.6171648769305019 0.28029983108108103 0.6230242519305019 0.27639358108108103 0.6269305019305019 0.2724873310810811 0.6308367519305019 0.2666279560810811 0.6327898769305019 0.26272170608108103 0.6347430019305019 0.2568623310810811 0.6347430019305019 0.2510029560810811 0.6347430019305019 0.24319045608108106 0.6327898769305019 0.23733108108108106 0.6308367519305019 0.23342483108108106 0.6269305019305019 0.22756545608108106 0.6230242519305019 0.22365920608108106 0.6171648769305019 0.21975295608108106 0.6113055019305019 0.21779983108108106 0.6054461269305019 0.21584670608108106 0.5995867519305019 0.21584670608108106
0 0.203125 0.0078125 0.201171875 0 0.12890625 0 0.1328125 0.017578125
0 0.447265625 0 0.248046875 0 0.1328125 0.017578125 0.142578125 0.087890625 0.453125 0.041015625
0 0.02734375 0.15625 0.080078125 0.150390625 0.0625 0 0.009765625 0
0 0.20703125 0.091796875 0.068359375 0.259765625 0.1015625 0.287109375 0.2421875 0.119140625
0 0.048828125 0.244140625 0.03125 0.265625 0.05859375 0.287109375 0.041015625 0.30859375 0.06640625 0.330078125 0.1015625 0.287109375 0.068359375 0.259765625
0 0 0.2734375 0 0.408203125 0.06640625 0.330078125 0.041015625 0.30859375
0 0.7734375 0.056640625 0.7734375 0 0.474609375 0 0.474609375 0.05859375
0 0.9375 0.025390625 0.9375 0 0.7734375 0 0.7734375 0.025390625