0 0 0.060546875 0 0.126953125 0.017578125 0.111328125 0.033203125 0.1328125 0.125 0.021484375 0.099609375 0.0078125 0.103515625 0 0.04296875 0
0 0.017578125 0.111328125 0 0.126953125 0 0.201171875 0.04296875 0.1796875 0.041015625 0.173828125 0.0546875 0.162109375 0.033203125 0.1328125
0 0.15234375 0.0390625 0.1640625 0.017578125 0.173828125 0.0234375 0.1875 0 0.103515625 0 0.099609375 0.0078125 0.125 0.021484375
0 1 0.259765625 1 0.189453125 0.9765625 0.177734375 0.947265625 0.23046875
0 0.419921875 0.4765625 0.552734375 0.548828125 0.62890625 0.41015625 0.626953125 0.41015625 0.494140625 0.33984375
0 0.9453125 0.27734375 0.9296875 0.30078125 1 0.341796875 1 0.30859375
0 0.56640625 0.0859375 0.576171875 0.064453125 0.49609375 0.015625 0.46875 0.021484375 0.330078125 0.2734375 0.283203125 0.34765625 0.279296875 0.357421875 0.27734375 0.3671875 0.275390625 0.376953125 0.27734375 0.388671875 0.279296875 0.400390625 0.283203125 0.412109375 0.287109375 0.421875 0.294921875 0.4296875 0.30078125 0.4375 0.30859375 0.443359375 0.533203125 0.580078125 0.55078125 0.548828125 0.41796875 0.4765625 0.4921875 0.337890625 0.626953125 0.41015625 0.75390625 0.193359375
0 0.07421875 0.703125 0 0.83203125 0 0.853515625 0.060546875 0.888671875 0.142578125 0.744140625
0 0.16015625 0.751953125 0.2265625 0.63671875 0.140625 0.5859375 0.07421875 0.703125 0.142578125 0.744140625
0 0.24609375 0.677734375 0.22265625 0.71875 0.384765625 0.8125 0.408203125 0.771484375 0.248046875 0.677734375
0 0.408203125 0.8203125 0.666015625 0.9765625 0.69140625 0.935546875 0.43359375 0.779296875
0 0.154296875 0.857421875 0.392578125 0.990234375 0.412109375 0.953125 0.17578125 0.8203125
0 0.080078125 0.96875 0.138671875 1 0.279296875 1 0.29296875 0.974609375 0.126953125 0.8828125
0 0.96484375 0.771484375 0.92578125 0.748046875 0.87109375 0.841796875 0.91015625 0.865234375
0 0.876953125 0.513671875 0.9296875 0.544921875 1 0.421875 1 0.373046875 0.96875 0.35546875
0 0.810546875 0.455078125 0.865234375 0.48828125 0.9453125 0.35546875 0.890625 0.322265625
0 0.8125 0.806640625 0.818359375 0.794921875 0.763671875 0.76171875 0.7578125 0.7734375 0.72265625 0.75390625 0.728515625 0.7421875 0.671875 0.708984375 0.6640625 0.72265625 0.599609375 0.685546875 0.607421875 0.669921875 0.576171875 0.65234375 0.544921875 0.705078125 0.884765625 0.908203125 0.91015625 0.865234375 0.87109375 0.841796875
0 0.638671875 0.54296875 0.978515625 0.744140625 1 0.705078125 1 0.6953125 0.666015625 0.498046875
0 0.8046875 0.033203125 0.83984375 0.05078125 0.8671875 0 0.822265625 0
0 0.947265625 0.0625 0.91796875 0.04296875 0.8359375 0.169921875 0.880859375 0.19921875 0.947265625 0.095703125 1 0.12890625 1 0.06640625 0.9609375 0.04296875
0 0.970703125 0.58203125 1 0.599609375 1 0.533203125
0 0.62890625 0.564453125 0.607421875 0.55078125 0.58984375 0.58203125 0.609375 0.59375 0.626953125 0.56640625
0 0.59765625 0.61328125 0.6484375 0.646484375 0.677734375 0.59765625 0.626953125 0.56640625 0.609375 0.59375
0 0.61328125 0.060546875 0.642578125 0.009765625 0.625 0 0.5078125 0
0 0.72265625 0 0.677734375 0 0.6484375 0.0546875 0.68359375 0.07421875 0.69140625 0.060546875
0 0.666015625 0.10546875 0.76953125 0.162109375 0.79296875 0.1171875 0.69140625 0.060546875 0.68359375 0.07421875
0 0.998046875 0.958984375 0.998046875 0.892578125 0.96875 0.892578125 0.96875 0.958984375 0.998046875 0.958984375
0 0.349609375 0.201171875 0.416015625 0.078125 0.357421875 0.044921875 0.2890625 0.16796875 0.349609375 0.201171875