0 0.509765625 0.978515625 0.453125 0.849609375 0.310546875 0.912109375 0.34765625 1 0.458984375 1
0 0.05078125 0.658203125 0.1015625 0.666015625 0.10546875 0.64453125 0.0546875 0.63671875
0 0.048828125 0.669921875 0.04296875 0.69921875 0.087890625 0.705078125 0.091796875 0.67578125
0 0.10546875 0.64453125 0.099609375 0.677734375 0.126953125 0.681640625 0.1328125 0.6484375
0 0 0.697265625 0 0.7265625 0.037109375 0.734375 0.04296875 0.705078125
0 0.0390625 0.724609375 0.03515625 0.751953125 0.0859375 0.759765625 0.091796875 0.732421875
0 0.04296875 0.69921875 0.0390625 0.724609375 0.083984375 0.73046875 0.087890625 0.705078125
0 0.05078125 0.9140625 0.0546875 0.884765625 0 0.876953125 0 0.908203125
0 0.03125 0.771484375 0 0.765625 0 0.78515625 0.029296875 0.791015625
0 0.03515625 0.751953125 0.029296875 0.791015625 0.080078125 0.798828125 0.0859375 0.759765625
0 0.029296875 0.791015625 0.01953125 0.841796875 0.087890625 0.8515625 0.095703125 0.802734375
0 0.38671875 0.51171875 0.423828125 0.494140625 0.3984375 0.443359375 0.36328125 0.4609375
0 0.458984375 0.626953125 0.49609375 0.609375 0.46875 0.556640625 0.43359375 0.57421875
0 0.146484375 0.4609375 0.0703125 0.439453125 0.0625 0.462890625 0.140625 0.484375
0 0.109375 0.4765625 0.1015625 0.5078125 0.05859375 0.49609375 0.05078125 0.53125 0.107421875 0.546875 0.111328125 0.53125 0.15625 0.544921875 0.169921875 0.4921875
0 0.146484375 0.43359375 0.15625 0.404296875 0.087890625 0.3828125 0.078125 0.412109375
0 0.041015625 0.49609375 0.060546875 0.4296875 0.0234375 0.41796875 0.00390625 0.484375 0.03515625 0.494140625
0 0 0.482421875 0 0.51171875 0.02734375 0.521484375 0.03515625 0.494140625 0.00390625 0.484375
0 0.728515625 0.126953125 0.73046875 0.001953125 0.474609375 0 0.47265625 0.125 0.728515625 0.126953125
0 0.3984375 0.537109375 0.3828125 0.505859375 0.357421875 0.51953125 0.373046875 0.548828125 0.3984375 0.537109375
0 0.318359375 0.998046875 0.318359375 0.97265625 0.27734375 0.974609375 0.27734375 1 0.318359375 0.998046875
0 0.48828125 0.84375 0.4765625 0.80078125 0.451171875 0.806640625 0.462890625 0.849609375 0.48828125 0.84375