0 0.330078125 0.02734375 0.37109375 0.0078125 0.3671875 0 0.31640625 0
0 0.673828125 0.013671875 0.5078125 0.095703125 0.501953125 0.08203125 0.36328125 0.150390625 0.390625 0.208984375 0.529296875 0.140625 0.533203125 0.14453125 0.69921875 0.0625
0 0.837890625 0.12890625 0.86328125 0.177734375 1 0.109375 1 0.048828125
0 0.806640625 0.1484375 0.6875 0.20703125 0.6796875 0.193359375 0.55859375 0.25390625 0.552734375 0.2421875 0.439453125 0.30078125 0.462890625 0.34765625 0.578125 0.291015625 0.580078125 0.296875 0.701171875 0.23828125 0.7109375 0.255859375 0.830078125 0.197265625
0 0.88671875 0.9765625 0.75390625 0.955078125 0.74609375 0.998046875 0.755859375 1 0.8828125 1
0 0.951171875 0.71875 0.890625 0.708984375 0.869140625 0.712890625 0.8515625 0.72265625 0.8359375 0.736328125 0.822265625 0.75 0.8125 0.765625 0.814453125 0.779296875 0.822265625 0.791015625 0.85546875 0.798828125 0.87109375 0.849609375 0.8828125 0.865234375 0.876953125 0.90625 0.9140625 0.953125 0.931640625 0.841796875
0 0.97265625 0.876953125 0.955078125 0.986328125 0.88671875 0.9765625 0.8828125 1 1 1 1 0.880859375
0 1 0.701171875 1 0.599609375 0.970703125 0.59765625 0.91015625 0.98046875 0.955078125 0.986328125 0.97265625 0.876953125
0 0.5859375 0.56640625 0.82421875 0.486328125 0.810546875 0.44140625 0.5703125 0.51953125
0 0.84765625 0.4921875 0.931640625 0.462890625 0.91015625 0.400390625 0.826171875 0.4296875
0 0.115234375 0.287109375 0 0.056640625 0 0.34375
0 0.2265625 0.462890625 0.181640625 0.37109375 0.0859375 0.41796875 0.1328125 0.509765625
0 0.0859375 0.470703125 0.056640625 0.4140625 0 0.44140625 0 0.51171875
0 0.099609375 0.515625 0 0.564453125 0 0.69921875 0.154296875 0.625
0 0.095703125 0.728515625 0.103515625 0.74609375 0.31640625 0.640625 0.27734375 0.5625 0 0.69921875 0 0.775390625
0 0.0390625 0.83984375 0 0.859375 0 0.9140625 0.033203125 0.98046875 0 0.99609375 0 1 0.119140625 1
0 0.9296875 0.033203125 0.9296875 0 0.828125 0 0.828125 0.033203125 0.9296875 0.033203125
0 1 0.341796875 0.998046875 0.27734375 0.966796875 0.279296875 0.970703125 0.34375 1 0.341796875
0 0.7734375 0.91796875 0.80078125 0.80078125 0.69140625 0.775390625 0.6640625 0.890625 0.7734375 0.91796875
0 0.84375 0.525390625 0.822265625 0.498046875 0.6796875 0.611328125 0.701171875 0.638671875 0.84375 0.525390625