0 0.310546875 0.296875 0.400390625 0.279296875 0.37890625 0.171875 0.2890625 0.1875
0 0.025390625 0.958984375 0.1953125 0.92578125 0.185546875 0.876953125 0.015625 0.91015625
0 0.068359375 0.70703125 0 0.720703125 0 0.826171875 0.015625 0.91015625 0.10546875 0.892578125
0 0.19921875 1 0.296875 1 0.29296875 0.96875 0.197265625 0.986328125
0 0.404296875 0.859375 0.55859375 0.830078125 0.546875 0.76953125 0.392578125 0.798828125
0 0.3984375 0.646484375 0.396484375 0.62890625 0.279296875 0.650390625 0.294921875 0.73046875 0.41796875 0.70703125 0.416015625 0.69140625 0.5390625 0.66796875 0.529296875 0.62109375
0 0.291015625 0.166015625 0.384765625 0.1484375 0.376953125 0.11328125 0.283203125 0.1328125
0 0.4609375 0.16015625 0.548828125 0.142578125 0.53125 0.05859375 0.4453125 0.076171875
0 0.4921875 0.255859375 0.529296875 0.248046875 0.521484375 0.208984375 0.484375 0.216796875
0 0.568359375 0.23828125 0.62890625 0.2265625 0.62109375 0.185546875 0.55859375 0.19921875
0 0.8046875 0 0.58984375 0 0.60546875 0.07421875 0.8125 0.033203125
0 0.8125 0.033203125 0.978515625 0 0.8046875 0
0 0.76171875 0.384765625 0.748046875 0.32421875 0.662109375 0.341796875 0.689453125 0.48046875 0.775390625 0.462890625 0.763671875 0.404296875 0.73046875 0.41015625 0.7265625 0.390625
0 0.892578125 0.296875 0.880859375 0.23046875 0.6484375 0.275390625 0.662109375 0.341796875 0.845703125 0.3046875
0 0.869140625 0.427734375 1 0.400390625 1 0.328125 0.85546875 0.357421875 0.8671875 0.416015625
0 0.845703125 0.3046875 0.79296875 0.31640625 0.814453125 0.42578125 0.8671875 0.416015625
0 0.94921875 0.22265625 0.962890625 0.287109375 1 0.279296875 1 0.212890625
0 0.7109375 0.17578125 0.6328125 0.19140625 0.6484375 0.275390625 0.7265625 0.26171875
0 0.794921875 0.064453125 0.609375 0.099609375 0.626953125 0.19140625 0.8125 0.15625
0 0.923828125 0.22265625 0.908203125 0.13671875 0.7109375 0.17578125 0.7265625 0.26171875 0.880859375 0.23046875
0 0.908203125 0.13671875 0.916015625 0.181640625 0.94140625 0.177734375 0.94921875 0.22265625 1 0.212890625 1 0.1171875
0 0.98046875 0.02734375 0.94921875 0.111328125 0.953125 0.12890625 1 0.119140625 1 0.0234375
0 0.953125 0.12890625 0.94921875 0.111328125 0.98046875 0.02734375 0.794921875 0.064453125 0.8125 0.15625 0.908203125 0.13671875
0 0.529296875 0.46484375 0.568359375 0.45703125 0.55859375 0.400390625 0.517578125 0.408203125
0 0.701171875 0.525390625 0.7421875 0.517578125 0.734375 0.484375 0.6953125 0.4921875
0 0.86328125 0.828125 0.76953125 0.84765625 0.78125 0.904296875 0.845703125 0.890625
0 0.869140625 0.501953125 0.822265625 0.478515625 0.736328125 0.650390625 0.783203125 0.673828125 0.81640625 0.609375
0 0.845703125 0.755859375 0.92578125 0.740234375 0.921875 0.685546875 0.82421875 0.689453125 0.82421875 0.69921875 0.8203125 0.69921875 0.734375 0.716796875 0.755859375 0.830078125 0.85546875 0.810546875
0 0.9296875 0.46875 0.89453125 0.451171875 0.81640625 0.609375 0.8515625 0.626953125 0.919921875 0.48828125
0 0.99609375 0.525390625 0.919921875 0.48828125 0.859375 0.61328125 0.869140625 0.6171875 0.86328125 0.67578125 0.931640625 0.68359375 0.939453125 0.615234375 0.951171875 0.58984375 0.9609375 0.595703125 0.994140625 0.529296875
0 0.931640625 0.490234375 1 0.501953125 1 0.451171875 0.939453125 0.44140625
0 0.177734375 0.521484375 0 0.5546875 0 0.56640625 0.005859375 0.595703125 0.443359375 0.509765625 0.40234375 0.29296875 0 0.37109375 0 0.41796875 0.15234375 0.388671875 0.1640625 0.44921875