0 0.783203125 0.09375 0.9453125 0.115234375 0.955078125 0.052734375 0.79296875 0.03125
0 0.91015625 0.41796875 1 0.427734375 1 0.349609375 0.919921875 0.33984375
0 0.873046875 0.677734375 1 0.693359375 1 0.619140625 0.8828125 0.60546875
0 0.84765625 0.94921875 1 0.966796875 1 0.90234375 0.85546875 0.884765625
0 0.896484375 0.564453125 0.974609375 0.57421875 0.98828125 0.466796875 0.912109375 0.45703125
0 0.86328125 0.74609375 0.853515625 0.814453125 1 0.83203125 1 0.763671875
0 0.474609375 0.0859375 0.646484375 0 0.431640625 0
0 0.3125 0.513671875 0.517578125 0.412109375 0.48828125 0.353515625 0.283203125 0.455078125
0 0.435546875 0.6484375 0.3984375 0.55078125 0.3359375 0.576171875 0.3671875 0.66015625 0.400390625 0.79296875 0.466796875 0.77734375
0 0.45703125 0.865234375 0.44921875 0.921875 0.73046875 0.958984375 0.73828125 0.90234375
0 0.578125 0.345703125 0.5703125 0.4140625 0.80078125 0.4453125 0.810546875 0.375
0 0.736328125 0.435546875 0.71875 0.564453125 0.740234375 0.56640625 0.732421875 0.626953125 0.77734375 0.6328125 0.80078125 0.4453125
0 0.498046875 0.595703125 0.490234375 0.658203125 0.763671875 0.693359375 0.7734375 0.6328125
0 0.71875 0.6875 0.708984375 0.76953125 0.685546875 0.765625 0.67578125 0.84765625 0.703125 0.8515625 0.69921875 0.8828125 0.734375 0.888671875 0.759765625 0.693359375
0 0.08203125 0.671875 0 0.7109375 0 0.822265625 0.126953125 0.759765625
0 0.16796875 0.712890625 0.087890625 0.552734375 0.037109375 0.580078125 0.1171875 0.73828125
0 0.044921875 0.595703125 0 0.6171875 0 0.70703125 0.080078125 0.66796875
0 0.76171875 0.998046875 0.775390625 1 0.958984375 1 0.763671875 0.974609375
0 0.09375 0.01953125 0.12109375 0.072265625 0.263671875 0 0.1328125 0
0 0.35546875 0 0.263671875 0 0.12109375 0.072265625 0.14453125 0.119140625 0.361328125 0.009765625
0 0.171875 0.244140625 0.314453125 0.171875 0.2734375 0.091796875 0.130859375 0.162109375
0 0.17578125 0.328125 0.345703125 0.244140625 0.32421875 0.197265625 0.154296875 0.283203125
0 0.015625 0.578125 0.0390625 0.56640625 0 0.48828125 0 0.546875
0 0.0703125 1 0.2265625 1 0.23046875 0.9765625 0.07421875 0.9609375
0 0.755859375 0.083984375 0.759765625 0 0.703125 0 0.701171875 0.08203125 0.755859375 0.083984375