0 0.0234375 0.212890625 0.25390625 0.162109375 0.2421875 0.111328125 0.01171875 0.1640625
0 0.330078125 0.322265625 0.568359375 0.26171875 0.556640625 0.2109375 0.318359375 0.271484375
0 0.0625 0.392578125 0.302734375 0.3359375 0.291015625 0.283203125 0.05078125 0.33984375
0 0.775390625 0.099609375 0.76171875 0.048828125 0.564453125 0.099609375 0.578125 0.150390625
0 0.01953125 0.576171875 0.294921875 0.513671875 0.28125 0.458984375 0.0078125 0.521484375
0 0.61328125 0.423828125 0.599609375 0.37109375 0.310546875 0.4453125 0.32421875 0.5
0 0.064453125 0.74609375 0.33203125 0.6796875 0.3203125 0.625 0.05078125 0.693359375
0 0.66015625 0.58203125 0.646484375 0.533203125 0.353515625 0.615234375 0.3671875 0.6640625
0 0.669921875 0.482421875 0.849609375 0.443359375 0.837890625 0.38671875 0.658203125 0.42578125
0 0.619140625 0.310546875 0.806640625 0.26953125 0.794921875 0.216796875 0.607421875 0.259765625
0 0.83203125 0.052734375 1 0.009765625 1 0 0.859375 0 0.8203125 0.009765625
0 0.708984375 0.6328125 0.880859375 0.603515625 0.873046875 0.552734375 0.69921875 0.58203125
0 0.373046875 0.865234375 0.552734375 0.82421875 0.541015625 0.771484375 0.361328125 0.814453125
0 0.302734375 0.8125 0.107421875 0.853515625 0.119140625 0.90625 0.3125 0.865234375
0 0.0078125 0.955078125 0.009765625 0.962890625 0 0.96484375 0 1 0.056640625 1 0.048828125 0.955078125 0.029296875 0.958984375 0.02734375 0.951171875
0 0.5859375 0.953125 0.4140625 0.99609375 0.4140625 1 0.595703125 1
0 0.84375 0.79296875 0.625 0.84375 0.638671875 0.904296875 0.857421875 0.853515625 0.84765625 0.810546875
0 0.9296875 0.79296875 0.91796875 0.74609375 0.837890625 0.763671875 0.84765625 0.810546875
0 0.943359375 0.962890625 0.9453125 0.970703125 0.8984375 0.974609375 0.900390625 0.98046875 0.708984375 1 1 1 1 0.95703125
0 0.2890625 0.150390625 0.5234375 0.091796875 0.513671875 0.046875 0.279296875 0.10546875
0 0.998046875 0.220703125 0.88671875 0.216796875 0.884765625 0.310546875 0.99609375 0.3125
0 0.890625 0.310546875 0.888671875 0.416015625 1 0.41796875 1 0.3125
0 0.857421875 0.087890625 0.85546875 0.1640625 0.890625 0.166015625 0.892578125 0.08984375
0 0.947265625 0.126953125 0.947265625 0.109375 0.892578125 0.107421875 0.890625 0.1640625 1 0.16796875 1 0.12890625
0 0.970703125 0.458984375 0.970703125 0.5078125 1 0.505859375 1 0.45703125
0 0.919921875 0.537109375 0.958984375 0.53515625 0.955078125 0.46875 0.916015625 0.470703125
0 0.6640625 0.7578125 0.9140625 0.69921875 0.900390625 0.638671875 0.650390625 0.697265625
0 0.91796875 0.591796875 0.953125 0.732421875 0.935546875 0.736328125 0.953125 0.80859375 0.970703125 0.802734375 0.994140625 0.8984375 1 0.896484375 1 0.6875 0.978515625 0.6015625 0.94921875 0.609375 0.943359375 0.5859375
0 0.359375 1 0.361328125 0.95703125 0.125 0.955078125 0.125 0.998046875 0.359375 1