0 0.3125 0.677734375 0.326171875 0.625 0.447265625 0.658203125 0.43359375 0.708984375
0 0.447265625 0.70703125 0.458984375 0.6484375 0.658203125 0.6875 0.646484375 0.74609375
0 0.2262541118421052 0.7962582236842105 0.2496916118421052 0.7239925986842105 0.45168585526315796 0.7744654605263157 0.44346217105263164 0.846422697368421
0 0.173828125 0.654296875 0.189453125 0.59375 0.330078125 0.625 0.314453125 0.685546875
0 0.044921875 0.07421875 0.056640625 0.015625 0.265625 0.05078125 0.251953125 0.107421875
0 0.009765625 0.4140625 0.017578125 0.37109375 0.1796875 0.400390625 0.169921875 0.447265625
0 0.44921875 0.828125 0.46484375 0.7734375 0.646484375 0.81640625 0.630859375 0.873046875
0 0.0703125 0.876953125 0.0859375 0.818359375 0.228515625 0.85546875 0.21484375 0.912109375
0 0.494140625 0.109375 0.498046875 0.056640625 0.74609375 0.078125 0.740234375 0.134765625
0 0.025390625 0.3125 0.033203125 0.2578125 0.1953125 0.2890625 0.185546875 0.345703125
0 0.4280427631578948 0.4311266447368421 0.6380007239382239 0.46983590733590735 0.6171874999999999 0.5215871710526314 0.4157072368421053 0.49897203947368424
0 0.6214021381578947 0.5186060855263158 0.6349843146718147 0.48416385135135137 0.6840009652509653 0.4645571911196911 0.8010896381578947 0.16509046052631576 0.885485197368421 0.18030427631578946 0.7366365131578947 0.5400904605263158
0 0.236328125 0.3125 0.248046875 0.263671875 0.48828125 0.314453125 0.4765625 0.365234375
0 0.224609375 0.458984375 0.23046875 0.375 0.373046875 0.384765625 0.369140625 0.46875
0 0.49609375 0.361328125 0.5078125 0.32421875 0.578125 0.33984375 0.5703125 0.375
0 0.443359375 0.224609375 0.447265625 0.171875 0.615234375 0.18359375 0.611328125 0.23828125
0 0.255859375 0.1953125 0.267578125 0.1484375 0.431640625 0.18359375 0.419921875 0.23046875
0 0.015625 0.970703125 0.029296875 0.91796875 0.197265625 0.947265625 0.18359375 1
0 0.30078125 0.083984375 0.310546875 0.033203125 0.470703125 0.068359375 0.4609375 0.12109375
0 0.026624177631578955 0.18801398026315788 0.040296052631578955 0.13332648026315788 0.24146792763157895 0.16848273026315788 0.22779605263157895 0.22512335526315788
0 0.111328125 0.75390625 0.123046875 0.69921875 0.236328125 0.728515625 0.224609375 0.783203125
0 0 0.74609375 0.01171875 0.697265625 0.103515625 0.716796875 0.087890625 0.767578125
0 0.40234375 0.9521998355263158 0.419921875 0.9014185855263158 0.623046875 0.9424342105263158 0.60546875 0.9951685855263158
0 0.759765625 0.876953125 0.771484375 0.822265625 0.998046875 0.875 0.984375 0.9296875
0 0.830078125 0.78125 0.841796875 0.728515625 0.998046875 0.767578125 0.98828125 0.818359375
0 0.8959037162162162 0.47059000965250963 0.9200349903474905 0.4155405405405405 0.998046875 0.4411800193050193 0.998046875 0.4969835907335907
0 0.86328125 0.572265625 0.875 0.515625 0.998046875 0.55078125 0.986328125 0.607421875
0 0.9296875 0.35546875 0.94140625 0.30078125 1 0.322265625 0.98828125 0.376953125
0 0.71875 0.955078125 0.73046875 0.916015625 0.962890625 0.9609375 0.94921875 1
0 0.9781008687258688 0.11842422779922777 1 0.115234375 1 0.19140625 0.9615106177606179 0.183277027027027
0 0.22927726833976836 0.998046875 0.232421875 0.953125 0.23983470077220076 0.9177726833976834 0.26622828185328185 0.8845921814671814 0.31298262548262545 0.861969111969112 0.37331081081081086 0.8604609073359073 0.380859375 0.896484375 0.33108108108108103 0.9079693532818534 0.29940878378378377 0.9305924227799228 0.28206443050193053 0.9615106177606177 0.27376930501930496 0.998046875
0 0.470703125 0.275390625 0.4765625 0.236328125 0.5390625 0.2421875 0.533203125 0.283203125
0 0.1640625 0.4765625 0.1796875 0.451171875 0.240234375 0.462890625 0.2265625 0.490234375
0 0.85546875 0.021484375 0.85546875 0 0.685546875 0 0.685546875 0.0234375