0 0.400390625 0.5078125 0.41015625 0.490234375 0.525390625 0.21484375 0.525390625 0.19921875 0.5234375 0.181640625 0.474609375 0.048828125 0.45703125 0.017578125 0.4453125 0 0.126953125 0 0 0.2890625 0 0.341796875 0.001953125 0.345703125 0.013671875 0.35546875 0.373046875 0.515625 0.390625 0.513671875
0 0.001953125 0.802734375 0.00390625 0.80078125 0.00390625 0.798828125 0.00390625 0.796875 0.001953125 0.794921875 0 0.794921875 0 0.8046875
0 0.3984375 0.837890625 0.32421875 1 0.37109375 1 0.435546875 0.85546875
0 0.419921875 0.890625 0.533203125 0.943359375 0.548828125 0.90625 0.435546875 0.85546875
0 0.3359375 0.837890625 0.345703125 0.841796875 0.35546875 0.818359375 0.34765625 0.814453125
0 0.4921875 0.599609375 0.501953125 0.578125 0.44921875 0.552734375 0.439453125 0.572265625
0 0.556640625 0.611328125 0.56640625 0.615234375 0.576171875 0.591796875 0.56640625 0.587890625
0 0.626953125 0.423828125 0.640625 0.427734375 0.6484375 0.408203125 0.634765625 0.40234375
0 0.662109375 0.35546875 0.658203125 0.345703125 0.64453125 0.34765625 0.6484375 0.359375
0 0.66796875 0.341796875 0.6640625 0.330078125 0.650390625 0.333984375 0.65234375 0.345703125 0.658203125 0.345703125
0 0.853515625 0.5390625 0.837890625 0.384765625 0.7734375 0.390625 0.7890625 0.544921875 0.853515625 0.5390625
0 0.724609375 0.998046875 0.697265625 0.8359375 0.64453125 0.845703125 0.673828125 1 0.724609375 0.998046875
0 0.615234375 0.791015625 0.6484375 0.72265625 0.4140625 0.609375 0.380859375 0.67578125 0.615234375 0.791015625