0 0.212890625 0.03125 0.21484375 0 0 0 0 0.015625
0 0.25 0.40625 0.45703125 0.419921875 0.4609375 0.361328125 0.25390625 0.345703125
0 0.240234375 0.546875 0.451171875 0.560546875 0.455078125 0.5 0.244140625 0.486328125
0 0.26171875 0.09765625 0.2578125 0.138671875 0.48828125 0.154296875 0.490234375 0.11328125
0 0.259765625 0.212890625 0.255859375 0.26953125 0.46484375 0.283203125 0.46875 0.228515625
0 0 0.099609375 0 0.15234375 0.158203125 0.1640625 0.162109375 0.111328125
0 0.162109375 0.111328125 0.158203125 0.1640625 0.244140625 0.169921875 0.248046875 0.1171875
0 0.2109375 0.333984375 0 0.318359375 0 0.380859375 0.130859375 0.390625 0.12109375 0.513671875 0 0.50390625 0 0.5703125 0.193359375 0.583984375 0.20703125 0.396484375
0 0 0.681640625 0 0.75390625 0.109375 0.76171875 0.099609375 0.8984375 0 0.890625 0 0.962890625 0.166015625 0.974609375 0.185546875 0.693359375
0 0.236328125 0.67578125 0.224609375 0.8515625 0.283203125 0.85546875 0.291015625 0.73046875 0.556640625 0.75 0.560546875 0.69921875
0 0.58984375 0.763671875 0.576171875 0.95703125 0.22265625 0.93359375 0.21875 0.990234375 0.365234375 1 0.6328125 1 0.650390625 0.767578125
0 0.837890625 0.048828125 1 0.05859375 1 0 0.841796875 0
0 0.806640625 0.123046875 0.802734375 0.173828125 1 0.185546875 1 0.134765625
0 0.791015625 0.23828125 1 0.251953125 1 0.20703125 0.79296875 0.193359375
0 0.78125 0.3984375 0.779296875 0.447265625 1 0.4609375 1 0.412109375
0 0.7734375 0.53515625 0.76953125 0.576171875 1 0.58984375 1 0.55078125
0 0.796875 0.271484375 0.794921875 0.3125 1 0.32421875 1 0.283203125
0 0.50390625 0.291015625 0.74609375 0.306640625 0.75 0.259765625 0.5078125 0.2421875
0 0.505859375 0.564453125 0.71484375 0.578125 0.71875 0.533203125 0.509765625 0.517578125
0 0.515625 0.435546875 0.728515625 0.451171875 0.732421875 0.404296875 0.517578125 0.390625
0 0.521484375 0.126953125 0.51953125 0.1640625 0.75 0.1796875 0.751953125 0.142578125
0 0.583984375 0.021484375 0.583984375 0 0.42578125 0 0.42578125 0.021484375 0.583984375 0.021484375
0 0.33984375 0.021484375 0.33984375 0 0.216796875 0 0.216796875 0.021484375 0.33984375 0.021484375
0 0.658203125 0.7265625 0.658203125 0.693359375 0.58984375 0.69140625 0.587890625 0.724609375 0.658203125 0.7265625