0 0 0.484375 0 0.537109375 0.013671875 0.5390625 0.013671875 0.544921875 0.03125 0.544921875 0.03125 0.5390625 0.04296875 0.5390625 0.04296875 0.546875 0.064453125 0.546875 0.064453125 0.5390625 0.08203125 0.5390625 0.08203125 0.544921875 0.103515625 0.544921875 0.103515625 0.5390625 0.119140625 0.5390625 0.119140625 0.48828125
0 0 0.18359375 0 0.23828125 0.01953125 0.23828125 0.01953125 0.244140625 0.037109375 0.244140625 0.037109375 0.23828125 0.048828125 0.23828125 0.048828125 0.24609375 0.0703125 0.24609375 0.0703125 0.23828125 0.08984375 0.23828125 0.08984375 0.24609375 0.109375 0.24609375 0.109375 0.240234375 0.125 0.240234375 0.126953125 0.1875
0 0 0.328125 0 0.38671875 0.00390625 0.38671875 0.00390625 0.380859375 0.025390625 0.380859375 0.025390625 0.388671875 0.044921875 0.388671875 0.044921875 0.3828125 0.0546875 0.3828125 0.0546875 0.388671875 0.076171875 0.390625 0.076171875 0.3828125 0.095703125 0.3828125 0.095703125 0.388671875 0.1171875 0.388671875 0.1171875 0.3828125 0.1328125 0.3828125 0.1328125 0.33203125
0 0 0.630859375 0 0.68359375 0.013671875 0.68359375 0.013671875 0.69140625 0.03125 0.69140625 0.03125 0.685546875 0.04296875 0.685546875 0.04296875 0.69140625 0.064453125 0.693359375 0.064453125 0.685546875 0.08203125 0.685546875 0.08203125 0.69140625 0.103515625 0.69140625 0.103515625 0.685546875 0.119140625 0.685546875 0.119140625 0.634765625
0 0.591796875 0.017578125 0.591796875 0.1015625 0.939453125 0.1015625 0.939453125 0.05078125 0.623046875 0.05078125 0.623046875 0.017578125
0 0.873046875 0.16015625 0.873046875 0.216796875 0.896484375 0.216796875 0.896484375 0.2265625 0.771484375 0.2265625 0.771484375 0.21875 0.638671875 0.21875 0.638671875 0.265625 0.771484375 0.265625 0.771484375 0.271484375 0.91015625 0.271484375 0.91015625 0.2265625 0.92578125 0.2265625 0.92578125 0.16015625
0 0.283203125 0.16015625 0.283203125 0.2421875 0.330078125 0.2421875 0.330078125 0.275390625 0.484375 0.275390625 0.484375 0.265625 0.607421875 0.265625 0.607421875 0.216796875 0.484375 0.216796875 0.484375 0.2265625 0.330078125 0.2265625 0.330078125 0.16015625
0 0.263671875 0.0703125 0.314453125 0.0703125 0.314453125 0.09375 0.3125 0.09375 0.3125 0.1015625 0.470703125 0.1015625 0.470703125 0.107421875 0.5390625 0.107421875 0.5390625 0.060546875 0.470703125 0.060546875 0.470703125 0.048828125 0.314453125 0.048828125 0.314453125 0 0.263671875 0
0 0.138671875 0.927734375 0.09375 0.92578125 0.091796875 1 0.13671875 1
0 0.1171875 0.8671875 0.1171875 0.81640625 0 0.814453125 0 0.865234375
0 0.546875 0.80078125 0.548828125 0.740234375 0.2421875 0.73828125 0.2421875 0.80078125
0 0.892578125 0.7421875 0.892578125 0.6796875 0.5859375 0.677734375 0.5859375 0.740234375
0 0.556640625 0.619140625 0.5546875 0.560546875 0.255859375 0.5625 0.255859375 0.62109375
0 0.556640625 0.451171875 0.5546875 0.396484375 0.251953125 0.3984375 0.251953125 0.455078125 0.296875 0.455078125 0.296875 0.46484375 0.322265625 0.462890625 0.322265625 0.455078125 0.427734375 0.453125 0.427734375 0.458984375 0.451171875 0.458984375 0.451171875 0.453125 0.517578125 0.453125 0.517578125 0.458984375 0.5390625 0.458984375 0.5390625 0.453125
0 0.61328125 0.521484375 0.615234375 0.591796875 0.74609375 0.58984375 0.74609375 0.6015625 0.939453125 0.599609375 0.9375 0.52734375 0.744140625 0.529296875 0.744140625 0.51953125
0 0.916015625 0.4453125 0.916015625 0.376953125 0.599609375 0.376953125 0.599609375 0.447265625 0.68359375 0.447265625 0.68359375 0.453125 0.7109375 0.453125 0.7109375 0.447265625 0.755859375 0.447265625 0.755859375 0.453125 0.779296875 0.453125 0.779296875 0.447265625 0.873046875 0.4453125 0.873046875 0.453125 0.8984375 0.453125 0.8984375 0.4453125
0 1 0.46875 1 0.3984375 0.958984375 0.3984375 0.958984375 0.46875
0 1 0.798828125 1 0.75 0.970703125 0.75 0.96875 0.798828125
0 0.876953125 0.98046875 0.634765625 0.982421875 0.634765625 1 0.876953125 1
0 0.88671875 0.890625 0.88671875 0.830078125 0.58203125 0.830078125 0.58203125 0.888671875
0 0.43359375 0.986328125 0.435546875 0.953125 0.24609375 0.951171875 0.244140625 1 0.58203125 1 0.58203125 0.98828125
0 0.869140625 0.98046875 0.876953125 0.98046875 0.876953125 1 0.93359375 1 0.93359375 0.966796875 0.921875 0.951171875 0.869140625 0.951171875
0 0 0.015625 0 0.060546875 0.13671875 0.064453125 0.13671875 0.01953125
0 0.998046875 0.294921875 1 0.220703125 0.9453125 0.220703125 0.9453125 0.294921875 0.998046875 0.294921875
0 1 0.703125 1 0.591796875 0.966796875 0.591796875 0.966796875 0.703125 1 0.703125
0 0.998046875 0.119140625 1 0.05859375 0.951171875 0.056640625 0.94921875 0.119140625 0.998046875 0.119140625
0 0.291015625 0.94140625 0.291015625 0.845703125 0.232421875 0.845703125 0.234375 0.94140625 0.291015625 0.94140625
0 0.998046875 0.99609375 1 0.896484375 0.955078125 0.896484375 0.953125 0.994140625 0.998046875 0.99609375
0 0.455078125 0.544921875 0.455078125 0.50390625 0.328125 0.50390625 0.328125 0.546875 0.455078125 0.544921875
0 0.998046875 0.01953125 0.998046875 0 0.90625 0 0.90625 0.021484375 0.998046875 0.01953125