0 0.814453125 0.041015625 0.853515625 0.0390625 0.8515625 0 0.8125 0
0 0.947265625 0.03515625 0.953125 0.068359375 0.955078125 0.068359375 0.953125 0.056640625 0.966796875 0.0546875 0.96875 0.06640625 0.99609375 0.0625 0.990234375 0.02734375
0 1 0.109375 1 0.076171875 0.955078125 0.091796875 0.96484375 0.123046875
0 0.91796875 0.12890625 0.955078125 0.119140625 0.94921875 0.087890625 0.91015625 0.09765625
0 0.93359375 0.1953125 0.97265625 0.1875 0.95703125 0.123046875 0.91796875 0.1328125
0 0.865234375 0.19140625 0.91796875 0.1796875 0.908203125 0.138671875 0.857421875 0.150390625
0 0.953125 0.236328125 0.98046875 0.23046875 0.974609375 0.1953125 0.947265625 0.201171875
0 1 0.1953125 1 0.1171875 0.970703125 0.126953125 0.994140625 0.19921875 0.998046875 0.197265625
0 0.966796875 0.349609375 1 0.33984375 1 0.330078125 0.994140625 0.306640625 0.958984375 0.31640625
0 0.994140625 0.388671875 1 0.38671875 1 0.3515625 0.986328125 0.35546875
0 0.9921875 0.4609375 1 0.458984375 1 0.41796875 0.982421875 0.423828125
0 0.9765625 0.580078125 1 0.611328125 1 0.59375 0.984375 0.572265625
0 0.9140625 0.193359375 0.857421875 0.20703125 0.869140625 0.251953125 0.92578125 0.23828125
0 0.890625 0.33984375 0.943359375 0.326171875 0.931640625 0.28125 0.87890625 0.294921875
0 0.935546875 0.279296875 0.92578125 0.23828125 0.869140625 0.251953125 0.87890625 0.294921875 0.931640625 0.28125
0 0.896484375 0.080078125 0.94140625 0.072265625 0.93359375 0.03125 0.888671875 0.041015625