0 0.357421875 0.8671875 0.357421875 0.923828125 0.4609375 0.927734375 0.462890625 0.87109375 0.3671875 0.8671875
0 0.37890625 0.869140625 0.380859375 0.833984375 0.3671875 0.833984375 0.3671875 0.8671875
0 0.525390625 0.837890625 0.52734375 0.791015625 0.361328125 0.783203125 0.357421875 0.830078125
0 0.5390625 0.65625 0.5390625 0.603515625 0.390625 0.6015625 0.390625 0.654296875 0.4765625 0.65625
0 0.451171875 0.673828125 0.4765625 0.673828125 0.4765625 0.65625 0.451171875 0.65625
0 0.302734375 0.904296875 0.32421875 0.904296875 0.326171875 0.740234375 0.3046875 0.740234375
0 0.578125 0.94140625 0.48828125 0.9375 0.486328125 0.9765625 0.576171875 0.98046875 0.576171875 0.9609375
0 0.599609375 0.98046875 0.6015625 0.9609375 0.576171875 0.9609375 0.576171875 0.98046875
0 0.576171875 0.708984375 0.57421875 0.71875 0.58203125 0.72265625 0.58984375 0.71875 0.591796875 0.708984375 0.58203125 0.705078125
0 0.310546875 0.19921875 0.28125 0.365234375 0.37890625 0.380859375 0.380859375 0.365234375 0.564453125 0.396484375 0.5625 0.412109375 0.650390625 0.427734375 0.705078125 0.265625
0 0.044921875 0.912109375 0.041015625 1 0.09375 1 0.099609375 0.9140625
0 0.2421875 0.8828125 0.267578125 0.884765625 0.271484375 0.80078125 0.24609375 0.798828125
0 0.16796875 0.779296875 0.1640625 0.87109375 0.197265625 0.873046875 0.203125 0.78125
0 0.17578125 0.87109375 0.173828125 0.892578125 0.22265625 0.896484375 0.224609375 0.875 0.197265625 0.873046875
0 0.240234375 0.65625 0.240234375 0.615234375 0.16015625 0.615234375 0.16015625 0.65625
0 0.3203125 0.552734375 0.3203125 0.513671875 0.193359375 0.5078125 0.193359375 0.548828125
0 0.259765625 0.611328125 0.259765625 0.634765625 0.298828125 0.63671875 0.298828125 0.611328125
0 0.330078125 0.619140625 0.33203125 0.591796875 0.30078125 0.58984375 0.298828125 0.619140625
0 0.197265625 0.689453125 0.197265625 0.669921875 0.146484375 0.669921875 0.146484375 0.689453125
0 0.115234375 0.732421875 0.126953125 0.732421875 0.126953125 0.712890625 0.115234375 0.712890625
0 0.115234375 0.759765625 0.126953125 0.759765625 0.126953125 0.73828125 0.115234375 0.73828125
0 0.18359375 0.75 0.193359375 0.75 0.193359375 0.728515625 0.18359375 0.728515625
0 0.248046875 0.92578125 0.259765625 0.927734375 0.26171875 0.91015625 0.25 0.908203125
0 0.267578125 0.921875 0.27734375 0.921875 0.27734375 0.90625 0.26953125 0.90625
0 0.677734375 0.62109375 0.677734375 0.611328125 0.662109375 0.609375 0.66015625 0.619140625
0 0.421875 0.515625 0.44140625 0.517578125 0.447265625 0.484375 0.427734375 0.48046875
0 0.234375 0.35546875 0.216796875 0.353515625 0.208984375 0.3984375 0.2265625 0.40234375 0.234375 0.359375
0 0.244140625 0.404296875 0.251953125 0.36328125 0.234375 0.359375 0.2265625 0.40234375
0 0.115234375 0.423828125 0.115234375 0.4453125 0.22265625 0.4453125 0.22265625 0.423828125
0 0.1796875 0.119140625 0.201171875 0.11328125 0.197265625 0.09765625 0.17578125 0.103515625