0 0 0.603515625 0 0.71875 0.048828125 0.69140625 0.029296875 0.65625
0 0.01953125 0.52734375 0.306640625 0.35546875 0.265625 0.287109375 0 0.4453125 0 0.494140625
0 0.05078125 0.6953125 0.51171875 0.4296875 0.490234375 0.390625 0.029296875 0.65625 0.048828125 0.69140625
0 0.33984375 0.126953125 0.30859375 0.17578125 0.533203125 0.3125 0.546875 0.291015625 0.560546875 0.298828125 0.576171875 0.271484375
0 0.58203125 0.3515625 0.509765625 0.388671875 0.5234375 0.416015625 0.595703125 0.376953125
0 0.6328125 0.3046875 0.603515625 0.318359375 0.611328125 0.3359375 0.595703125 0.345703125 0.609375 0.375 0.65625 0.3515625
0 0.2578125 0.216796875 0.30078125 0.181640625 0.28125 0.158203125 0.23828125 0.193359375
0 0.9296875 0.841796875 0.90234375 0.87890625 0.962890625 0.923828125 0.91796875 0.982421875 0.85546875 0.91015625 0.810546875 0.951171875 0.83203125 0.974609375 0.810546875 0.994140625 0.814453125 1 1 1 1 0.890625 0.94921875 0.85546875
0 0.71484375 0.4222383720930233 1 0.580441497093023 1 0.539425872093023 0.732421875 0.3909883720930233
0 1 0.716796875 1 0.689453125 0.916015625 0.76171875 0.9296875 0.779296875 0.98046875 0.734375
0 0.66796875 0.591796875 0.78515625 0.716796875 0.904296875 0.607421875 0.84375 0.54296875 0.8203125 0.564453125 0.763671875 0.501953125
0 0.6171875 0.515625 0.58203125 0.4765625 0.5546875 0.501953125 0.58984375 0.541015625 0.607421875 0.525390625
0 0.564453125 0.51171875 0.4296875 0.609375 0.48828125 0.69140625 0.6328125 0.587890625
0 0.763671875 0.75390625 0.669921875 0.650390625 0.611328125 0.703125 0.6171875 0.708984375 0.54296875 0.775390625 0.623046875 0.865234375 0.701171875 0.810546875
0 0.84375 0.8203125 0.75 0.90625 0.775390625 0.935546875 0.869140625 0.849609375 0.865234375 0.84375
0 0.666015625 0.548828125 0.64453125 0.568359375 0.607421875 0.525390625 0.58984375 0.541015625 0.865234375 0.84375 0.90234375 0.80859375 0.88671875 0.791015625 0.873046875 0.802734375 0.7890625 0.712890625 0.78515625 0.716796875 0.66796875 0.591796875 0.6875 0.572265625
0 0.330078125 0.798828125 0.41015625 0.736328125 0.341796875 0.650390625 0.26171875 0.712890625
0 0.20703125 0.896484375 0.287109375 0.83203125 0.22265625 0.75 0.142578125 0.814453125
0 0.37109375 1 0.392578125 1 0.4609375 0.943359375 0.34765625 0.80859375 0.26953125 0.873046875
0 0.470703125 0.935546875 0.55859375 0.86328125 0.447265625 0.728515625 0.359375 0.80078125
0 0.064453125 0.08984375 0 0.125 0 0.1875 0.091796875 0.13671875
0 0.11328125 0.060546875 0.087890625 0.015625 0 0.064453125 0 0.125 0.064453125 0.08984375
0 0.17578125 0.087890625 0.1953125 0.0703125 0.1328125 0.001953125 0.11328125 0.01953125
0 0.72265625 0.9296875 0.701171875 0.908203125 0.654296875 0.947265625 0.673828125 0.970703125
0 0.380859375 0.544921875 0.365234375 0.517578125 0.296875 0.5546875 0.310546875 0.58203125
0 0.294921875 0.10546875 0.275390625 0.07421875 0.189453125 0.126953125 0.208984375 0.16015625
0 0.296875 0.142578125 0.2734375 0.11328125 0.224609375 0.15234375 0.248046875 0.181640625