0 0.7978001644736843 0.2393092105263158 0.9989720394736843 0.2393092105263158 0.9989720394736843 0.2959498355263159 0.7978001644736843 0.2959498355263159
0 0.8125 0.37243009868421056 1 0.37243009868421056 1 0.43297697368421056 0.8125 0.43297697368421056
0 0.411389802631579 0.8788034539473685 0.421155427631579 0.8475534539473685 0.475842927631579 0.8651315789473685 0.466077302631579 0.8983347039473685
0 0.5952919407894738 0.49198190789473684 0.5991981907894738 0.44315378289473684 0.8140419407894738 0.46268503289473684 0.8101356907894738 0.5115131578947368
0 0.33038651315789475 0.4002878289473684 0.34796463815789475 0.3514597039473684 0.5589021381578949 0.4315378289473684 0.5413240131578949 0.4803659539473684
0 0.39442845394736836 0.2978001644736842 0.41005345394736836 0.2548314144736842 0.6229440789473684 0.3212376644736842 0.6073190789473684 0.3642064144736842
0 0.016755756578947373 0.17105263157894737 0.08316200657894737 0.10074013157894737 0.16128700657894737 0.18472450657894737 0.09488075657894737 0.25503700657894746
0 0.3910361842105263 0.1010485197368421 0.5531455592105263 0.0932360197368421 0.5550986842105263 0.1420641447368421 0.3929893092105263 0.1498766447368421
0 0.5666118421052632 0.5914884868421053 0.7834087171052632 0.5914884868421053 0.7834087171052632 0.6442228618421053 0.5666118421052632 0.6442228618421053
0 0.5791529605263157 0.09251644736842106 0.7627467105263157 0.09251644736842106 0.7627467105263157 0.15306332236842105 0.5791529605263157 0.15306332236842105
0 0.6451480263157895 0.3717105263157895 0.6490542763157895 0.3209292763157895 0.8111636513157895 0.3287417763157895 0.8092105263157895 0.3795230263157895
0 0.19952713815789475 0.24290707236842105 0.21319901315789475 0.19407894736842105 0.35968338815789475 0.23704769736842105 0.34796463815789475 0.28392269736842124
0 0.13445723684210525 0.08264802631578948 0.14812911184210525 0.03381990131578948 0.36101973684210525 0.09827302631578948 0.34734786184210525 0.14710115131578946
0 0 0.05571546052631579 0.03515625 0.006887335526315791 0.1015625 0.09282483552631579 0 0.18750000000000003
0 0.13990542763157893 0.3600945723684211 0.14967105263157893 0.3112664473684211 0.2863898026315789 0.3425164473684211 0.2746710526315789 0.3913445723684211
0 0.265625 0.501953125 0.279296875 0.462890625 0.369140625 0.5078125 0.35546875 0.546875
0 0.392578125 0.603515625 0.408203125 0.5546875 0.533203125 0.58203125 0.517578125 0.6328125
0 0.82421875 0.591796875 0.966796875 0.5234375 1 0.560546875 0.859375 0.630859375
0 0.20538651315789475 0.8224712171052632 0.29913651315789475 0.8224712171052632 0.29913651315789475 0.8986430921052632 0.20538651315789475 0.8986430921052632
0 0.154296875 0.7514391447368421 0.171875 0.7221422697368421 0.212890625 0.7416735197368421 0.197265625 0.7709703947368421
0 0.18965871710526316 0.7210115131578948 0.19551809210526316 0.6780427631578948 0.23458059210526316 0.6878083881578948 0.23067434210526316 0.7307771381578948
0 0.2793996710526316 0.6818462171052632 0.3126027960526316 0.6505962171052632 0.3458059210526316 0.6818462171052632 0.3126027960526316 0.7111430921052632
0 0.016961348684210537 0.5166529605263158 0.05211759868421054 0.4736842105263158 0.12633634868421054 0.5400904605263158 0.09118009868421054 0.5869654605263158
0 0.001027960526315777 0.8710937499999999 0 0.9759457236842104 0.052425986842105254 0.9718338815789472 0.05037006578947367 0.8782894736842104
0 0.998046875 0.14453125 1 0.087890625 0.791015625 0.078125 0.7890625 0.134765625 0.998046875 0.14453125
0 1 0.95703125 1 0.861328125 0.826171875 0.86328125 0.826171875 0.95703125 1 0.95703125
0 0.7890625 0.22265625 0.7890625 0.177734375 0.681640625 0.177734375 0.681640625 0.22265625 0.7890625 0.22265625