0 0.154296875 0.576171875 0.28515625 0.56640625 0.279296875 0.48828125 0.1484375 0.49609375
0 0.23046875 0.4921875 0.220703125 0.32421875 0.146484375 0.328125 0.158203125 0.49609375
0 0.576171875 0.474609375 0.51171875 0.55078125 0.51953125 0.728515625 0.59765625 0.798828125 0.73046875 0.79296875 0.7890625 0.708984375 0.771484375 0.533203125 0.703125 0.466796875
0 0.12109375 0.294921875 0.310546875 0.28515625 0.306640625 0.18359375 0.1171875 0.193359375
0 0.2890625 0.875 0.279296875 0.759765625 0.177734375 0.76953125 0.1875 0.8828125 0.259765625 0.876953125
0 0.259765625 0.876953125 0.173828125 0.8828125 0.181640625 1 0.267578125 1
0 0.314453125 0.7578125 0.310546875 0.697265625 0.173828125 0.70703125 0.177734375 0.76953125 0.279296875 0.759765625
0 0.419921875 0.03125 0.41796875 0 0.291015625 0 0.29296875 0.037109375 0.38671875 0.033203125
0 0.3359375 0.171875 0.33984375 0.244140625 0.427734375 0.240234375 0.42578125 0.16796875 0.392578125 0.16796875
0 0.419921875 0.03125 0.38671875 0.033203125 0.392578125 0.16796875 0.42578125 0.16796875
0 0.970703125 0.02734375 0.970703125 0 0.904296875 0 0.904296875 0.02734375
0 0.673828125 0.998046875 0.671875 0.958984375 0.63671875 0.9609375 0.638671875 1
0 0.896484375 0.53125 0.896484375 0.4921875 0.84375 0.494140625 0.84375 0.533203125
0 0.12148740310077519 0 0.12018531976744176 0.18724261143410859 0.20807594476744173 0.18333636143410859 0.20612281976744173 0.11107073643410856 0.2093023255813953 0