0 0.421875 0.779296875 0.4453125 0.826171875 0.701171875 0.697265625 0.67578125 0.6484375
0 0.681640625 0.533203125 0.630859375 0.55859375 0.724609375 0.744140625 0.775390625 0.716796875
0 0.681640625 0.533203125 0.66015625 0.490234375 0.3671875 0.638671875 0.388671875 0.681640625 0.630859375 0.55859375
0 0.833984375 0.986328125 1 0.958984375 1 0.90625 0.82421875 0.93359375
0 0.73046875 0.50390625 1 0.40234375 1 0.361328125 0.716796875 0.46875
0 0.748046875 0.7578125 0.60546875 0.78515625 0.6171875 0.841796875 0.7578125 0.8125
0 0.779296875 0.919921875 0.822265625 0.91015625 0.8046875 0.82421875 0.763671875 0.83203125
0 0.791015625 0.77734375 0.75390625 0.78515625 0.763671875 0.83203125 0.798828125 0.826171875
0 0.365234375 0.76953125 0.337890625 0.779296875 0.361328125 0.83984375 0.330078125 0.853515625 0.34375 0.884765625 0.40234375 0.86328125
0 0.7890625 0.98046875 0.615234375 1 0.791015625 1
0 0.521484375 0.849609375 0.501953125 0.814453125 0.392578125 0.873046875 0.412109375 0.908203125 0.521484375 0.849609375