0 0.388671875 0.912109375 0.234375 1 0.349609375 1 0.416015625 0.962890625
0 0.4453125 0.94921875 0.673828125 0.818359375 0.64453125 0.763671875 0.4140625 0.89453125
0 0.70703125 0.7890625 0.93359375 0.666015625 0.90625 0.615234375 0.6796875 0.740234375
0 0.19140625 0.873046875 0.1640625 0.8203125 0 0.90625 0 0.97265625
0 0.234375 0.861328125 0.4765625 0.724609375 0.44921875 0.67578125 0.20703125 0.8125
0 0.513671875 0.7109375 0.7578125 0.55859375 0.724609375 0.5078125 0.48046875 0.658203125
0 0.09375 0.669921875 0.0703125 0.61328125 0 0.642578125 0 0.7109375
0 0.14453125 0.65625 0.36328125 0.517578125 0.328125 0.4609375 0.109375 0.599609375
0 0.396484375 0.49609375 0.60546875 0.369140625 0.578125 0.322265625 0.369140625 0.44921875
0 0.65625 0.34765625 0.8671875 0.236328125 0.841796875 0.1875 0.630859375 0.30078125
0 0.728515625 0.38671875 0.775390625 0.466796875 0.939453125 0.369140625 0.9140625 0.32421875 0.859375 0.35546875 0.83984375 0.322265625
0 0.72265625 0.021484375 0.75390625 0.078125 0.77734375 0.064453125 0.78125 0.0703125 0.80078125 0.05859375 0.796875 0.048828125 0.814453125 0.0390625 0.818359375 0.048828125 0.85546875 0.02734375 0.849609375 0.01953125 0.87109375 0.009765625 0.875 0.017578125 0.904296875 0 0.759765625 0
0 0.462890625 0.228515625 0.68359375 0.111328125 0.658203125 0.060546875 0.4375 0.177734375
0 0.384765625 0.087890625 0.548828125 0 0.427734375 0 0.359375 0.037109375
0 0.2109375 0.181640625 0.357421875 0.11328125 0.330078125 0.0546875 0.185546875 0.123046875
0 0.205078125 0.37109375 0.427734375 0.25390625 0.3984375 0.19921875 0.17578125 0.31640625
0 0.103515625 0.056640625 0.208984375 0 0.07421875 0
0 0.0390625 0.09765625 0.01171875 0.0390625 0 0.04296875 0 0.115234375
0 0.099609375 0.248046875 0.0703125 0.193359375 0 0.228515625 0 0.298828125
0 0.1796875 0.404296875 0.1484375 0.349609375 0 0.431640625 0 0.501953125
0 0.1484375 0.78515625 0.1328125 0.75 0.078125 0.7734375 0.09375 0.80859375 0.1484375 0.78515625
0 0.375 0.6484375 0.35546875 0.615234375 0.30859375 0.64453125 0.328125 0.67578125 0.375 0.6484375