0 0.4140625 0.05078125 0.41015625 0.09375 0.421875 0.09375 0.41796875 0.125 0.619140625 0.142578125 0.62109375 0.11328125 0.640625 0.11328125 0.64453125 0.0703125
0 0.38671875 0.21875 0.384765625 0.24609375 0.400390625 0.248046875 0.3984375 0.279296875 0.55859375 0.29296875 0.560546875 0.26171875 0.57421875 0.263671875 0.576171875 0.236328125
0 0.640625 0.357421875 0.83984375 0.375 0.849609375 0.2578125 0.65234375 0.23828125
0 0.630859375 0.380859375 0.62890625 0.4140625 0.646484375 0.416015625 0.64453125 0.443359375 0.83203125 0.458984375 0.8359375 0.43359375 0.83984375 0.43359375 0.84375 0.400390625
0 0.37109375 0.419921875 0.572265625 0.4375 0.576171875 0.3828125 0.376953125 0.365234375
0 0.837890625 0.837890625 1 0.8515625 1 0.78515625 0.84375 0.771484375
0 0.900390625 0.263671875 0.896484375 0.3046875 0.908203125 0.3046875 0.908203125 0.3203125 0.880859375 0.318359375 0.875 0.38671875 0.90234375 0.390625 0.900390625 0.408203125 0.88671875 0.40625 0.880859375 0.470703125 1 0.48046875 1 0.4140625 0.93359375 0.408203125 0.94140625 0.3125 1 0.31640625 1 0.271484375
0 0.94140625 0.3125 0.93359375 0.408203125 1 0.4140625 1 0.31640625
0 0.57421875 0.634765625 0.53515625 0.630859375 0.53515625 0.615234375 0.453125 0.607421875 0.451171875 0.623046875 0.357421875 0.615234375 0.3359375 0.865234375 0.541015625 0.8828125 0.544921875 0.8515625 0.59765625 0.857421875 0.59375 0.8828125 0.798828125 0.900390625 0.8203125 0.666015625 0.609375 0.646484375 0.609375 0.662109375 0.572265625 0.658203125
0 0.03515625 0.58984375 0.0390625 0.501953125 0 0.5 0 0.58984375 0.03515625 0.58984375
0 0.43359375 0.548828125 0.4375 0.490234375 0.345703125 0.482421875 0.33984375 0.5390625 0.43359375 0.548828125