0 0.03515625 0.05078125 0.03515625 0 0 0 0 0.05078125
0 0.421875 0.03125 0.421875 0.087890625 0.6328125 0.08984375 0.634765625 0.033203125
0 0.08984375 0.03125 0.08984375 0.091796875 0.384765625 0.09375 0.384765625 0.033203125
0 0.912109375 0.091796875 1 0.091796875 1 0.03125 0.912109375 0.03125
0 0.66796875 0.091796875 0.86328125 0.091796875 0.865234375 0.029296875 0.66796875 0.02734375
0 0.380859375 0.193359375 0.380859375 0.25390625 0.58984375 0.255859375 0.58984375 0.1953125
0 0.634765625 0.25390625 0.931640625 0.255859375 0.931640625 0.193359375 0.634765625 0.19140625
0 0.146484375 0.189453125 0.146484375 0.244140625 0.349609375 0.24609375 0.349609375 0.19140625
0 0.28125 0.400390625 0.578125 0.40234375 0.578125 0.33984375 0.283203125 0.337890625
0 0.619140625 0.33984375 0.619140625 0.400390625 0.923828125 0.40234375 0.923828125 0.341796875
0 0.962890625 0.349609375 0.962890625 0.404296875 1 0.404296875 1 0.349609375
0 0.28515625 0.490234375 0.28515625 0.552734375 0.595703125 0.5546875 0.595703125 0.4921875
0 0.62109375 0.552734375 0.921875 0.5546875 0.921875 0.49609375 0.62109375 0.494140625
0 0.962890625 0.556640625 1 0.556640625 1 0.494140625 0.962890625 0.494140625
0 0.640625 0.654296875 0.3359375 0.65234375 0.3359375 0.708984375 0.640625 0.7109375
0 0.681640625 0.708984375 0.978515625 0.7109375 0.98046875 0.646484375 0.681640625 0.64453125
0 0.90625 0.876953125 0.9453125 0.91796875 0.96875 0.935546875 1 0.904296875 1 0.787109375
0 0.90625 0.9609375 0.78515625 0.83203125 0.619140625 0.98828125 0.62890625 1 0.86328125 1
0 0.3984375 0.84375 0.197265625 0.62890625 0.138671875 0.68359375 0.43359375 1 0.54296875 1 0.470703125 0.921875 0.458984375 0.93359375 0.38671875 0.85546875
0 0.640625 0.86328125 0.640625 0.80078125 0.4375 0.798828125 0.435546875 0.861328125
0 0.08984375 0.33984375 0.08984375 0.369140625 0.119140625 0.369140625 0.119140625 0.3984375 0.2109375 0.400390625 0.212890625 0.341796875
0 0.046875 0.376953125 0.044921875 0.541015625 0.220703125 0.54296875 0.220703125 0.462890625 0.08984375 0.4609375 0.091796875 0.30078125 0 0.298828125 0 0.375
0 0.1015625 0.9375 0 0.833984375 0 1 0.03515625 1 0.0390625 0.99609375
0 1 0.267578125 1 0.1875 0.958984375 0.1875 0.958984375 0.267578125 1 0.267578125