0 0.46484375 0 0.205078125 0 0.193359375 0.00390625 0.216796875 0.078125 0.259765625 0.064453125 0.265625 0.083984375 0.310546875 0.0703125 0.3046875 0.048828125 0.388671875 0.0234375 0.3984375 0.05078125 0.443359375 0.037109375 0.43359375 0.009765625
0 0.974609375 0.0546875 1 0.05078125 1 0 0.966796875 0
0 0.919921875 0.255859375 1 0.24609375 1 0.18359375 0.912109375 0.1953125
0 0.6476804748062016 0.27308926841085274 0.7609617248062016 0.28285489341085274 0.7668210998062016 0.22035489341085274 0.6535398498062016 0.21058926841085274
0 0.2890625 0.36328125 0.572265625 0.279296875 0.552734375 0.21484375 0.26953125 0.298828125
0 0.873046875 0.4453125 1 0.4765625 1 0.40625 0.890625 0.37890625
0 0.8984375 0.6522377664728682 0.982421875 0.6854408914728682 1 0.6405190164728682 1 0.6307533914728682 0.91796875 0.5995033914728682
0 0.7445796996124032 0.4803173449612403 0.8168453246124032 0.4900829699612401 0.8305171996124032 0.3748485949612403 0.7602046996124032 0.3670360949612403
0 0.408203125 0.724609375 0.693359375 0.63671875 0.673828125 0.576171875 0.390625 0.6640625
0 0.349609375 0.55078125 0.634765625 0.474609375 0.6171875 0.412109375 0.33203125 0.486328125
0 0.447265625 0.8984375 0.740234375 0.798828125 0.71875 0.73828125 0.42578125 0.837890625
0 0.23046875 0.203125 0.513671875 0.119140625 0.494140625 0.0546875 0.2109375 0.138671875
0 0.666015625 0.083984375 0.779296875 0.09375 0.78515625 0.03125 0.671875 0.021484375
0 0.853515625 0.279296875 0.859375 0.248046875 0.82421875 0.240234375 0.81640625 0.271484375
0 0.884765625 0.06640625 0.896484375 0.005859375 0.869140625 0.001953125 0.857421875 0.060546875
0 0.8671875 0.146484375 0.87890625 0.087890625 0.853515625 0.08203125 0.841796875 0.140625
0 0.818359375 0.779296875 0.80859375 0.73828125 0.78125 0.74609375 0.791015625 0.78515625
0 0.740234375 0.453125 0.755859375 0.345703125 0.701171875 0.337890625 0.685546875 0.443359375
0 0.5105983527131783 0.7880480862403101 0.48258842054263573 0.7055323401162791 0.4014201792635659 0.7304687500000001 0.4295966569767442 0.8122728924418604
0 0.3984375 0.42985404554263573 0.3704275678294574 0.3473382994186047 0.28925932655038755 0.37227470930232576 0.3174358042635659 0.454078851744186
0 0.3483527131782945 0.26015927810077527 0.32034278100775193 0.1776435319767443 0.23917453972868208 0.20257994186046532 0.2673510174418604 0.2843840843023255