0 0.58203125 0.03125 0.67578125 0.03515625 0.67578125 0 0.583984375 0
0 0.14453125 0.0234375 0.18359375 0.025390625 0.185546875 0 0.14453125 0
0 0.607421875 0.662109375 0.607421875 0.650390625 0.56640625 0.6484375 0.564453125 0.685546875 0.6328125 0.689453125 0.6328125 0.66015625
0 0.45703125 0.6875 0.48046875 0.685546875 0.478515625 0.658203125 0.45703125 0.658203125
0 0.376953125 0.78125 0.392578125 0.779296875 0.390625 0.75 0.375 0.75
0 0.1875 0.568359375 0.216796875 0.568359375 0.212890625 0.501953125 0.185546875 0.50390625
0 0.033203125 0.849609375 0.033203125 0.8203125 0 0.818359375 0 0.84765625
0 0.31736010174418605 0.94921875 0.26071947674418605 0.951171875 0.26071947674418605 0.9999999999999999 0.29636022286821706 0.9988039001937985 0.31540697674418605 0.998046875
0 0.0202882751937985 0.6286034399224807 0.0222414001937985 0.5387596899224807 0.0007570251937984995 0.5368065649224807 0.0007570251937984995 0.6266503149224807
0 0.30078125 0.552734375 0.451171875 0.59375 0.4765625 0.482421875 0.501953125 0.48828125 0.5078125 0.458984375 0.48046875 0.451171875 0.48046875 0.458984375 0.333984375 0.4375
0 0.4315497819767442 0.94921875 0.3749091569767442 0.951171875 0.3749091569767442 0.9999999999999998 0.4105499031007752 0.9988039001937985 0.4295966569767442 0.998046875
0 0.6267411579457365 0.9492187500000001 0.5701005329457365 0.9511718750000001 0.5701005329457365 0.9999999999999998 0.6057412790697675 0.9988039001937986 0.6247880329457365 0.9980468750000001
0 0.7401738129844961 0.9492187500000003 0.6835331879844961 0.9511718750000003 0.6835331879844961 0.9999999999999999 0.7191739341085271 0.9988039001937988 0.7382206879844961 0.9980468750000003