0 0.1796875 0.072265625 0.216796875 0.09375 0.267578125 0 0.21875 0
0 0.294921875 0.8359375 0.189453125 0.783203125 0.16015625 0.83984375 0.265625 0.892578125 0.2890625 0.84765625
0 0.568359375 0.16796875 0.74609375 0.265625 0.775390625 0.208984375 0.59765625 0.11328125
0 0.388671875 0.005859375 0.560546875 0.107421875 0.5859375 0.06640625 0.484375 0.0078125 0.4765625 0.01953125 0.443359375 0 0.390625 0
0 0.822265625 0.115234375 0.849609375 0.06640625 0.728515625 0 0.6640625 0 0.65234375 0.021484375
0 0.484375 0.283203125 0.6640625 0.375 0.689453125 0.32421875 0.509765625 0.232421875
0 0.333984375 0.08984375 0.3046875 0.134765625 0.37109375 0.17578125 0.36328125 0.189453125 0.400390625 0.212890625 0.408203125 0.201171875 0.4375 0.220703125 0.4296875 0.23046875 0.458984375 0.25 0.49609375 0.19140625
0 0.443359375 0.8984375 0.41796875 0.94140625 0.4765625 0.974609375 0.501953125 0.931640625
0 0.029296875 0.830078125 0.083984375 0.85546875 0.103515625 0.81640625 0.048828125 0.7890625
0 0 0.875 0 0.94140625 0.05859375 0.9765625 0.08984375 0.921875 0.06640625 0.90625 0.0625 0.9140625 0.056640625 0.91015625
0 0.01171875 0.685546875 0 0.703125 0 0.712890625 0.01171875 0.720703125 0.00390625 0.736328125 0.138671875 0.81640625 0.1640625 0.775390625
0 0.142578125 0.9765625 0.1640625 0.9375 0.12109375 0.916015625 0.076171875 1 0.1875 1
0 0.328125 0.900390625 0.33984375 0.873046875 0.2890625 0.84765625 0.265625 0.892578125 0.30078125 0.912109375 0.26953125 0.970703125 0.310546875 0.9921875 0.353515625 0.9140625
0 0.56640625 0.966796875 0.544921875 1 0.625 1
0 0.32421875 0.345703125 0.595703125 0.501953125 0.6171875 0.46484375 0.345703125 0.30859375
0 0.306640625 0.244140625 0.267578125 0.22265625 0.1015625 0.51953125 0.142578125 0.541015625 0.15234375 0.521484375
0 0.1328125 0.55859375 0.462890625 0.7421875 0.482421875 0.705078125 0.15234375 0.521484375 0.142578125 0.541015625
0 0.25 0.466796875 0.53125 0.623046875 0.5546875 0.58203125 0.2734375 0.42578125
0 0.640625 0.5711755087209303 0.685546875 0.5965661337209303 0.708984375 0.5555505087209303 0.822265625 0.6219567587209303 0.8515625 0.5731286337209303 0.693359375 0.48133175872093026
0 0.583984375 0.64453125 0.9609375 0.865234375 0.98828125 0.818359375 0.611328125 0.59765625
0 0.607421875 0.716796875 0.5625 0.689453125 0.517578125 0.765625 0.89453125 0.9921875 0.9453125 0.904296875 0.896484375 0.875 0.87109375 0.916015625 0.58984375 0.74609375
0 1 0.7254723837209303 1 0.6532067587209303 0.853515625 0.5672692587209303 0.822265625 0.6219567587209303
0 0.865234375 0.130859375 1 0.208984375 1 0.146484375 0.892578125 0.083984375
0 0.861328125 0.244140625 0.88671875 0.19921875 0.84375 0.17578125 0.791015625 0.265625 0.96875 0.3671875 0.994140625 0.3203125
0 0.78125 0.3828125 0.806640625 0.341796875 0.763671875 0.31640625 0.71484375 0.400390625 0.888671875 0.50390625 0.912109375 0.4609375
0 1 0.548828125 1 0.474609375 0.9453125 0.443359375 0.912109375 0.49609375
0 0.501953125 0.931640625 0.4765625 0.974609375 0.521484375 1 0.544921875 1 0.56640625 0.966796875
0 0 0.18472928779069764 0.12981468023255813 0.25358829941860467 0.15101138565891473 0.21422298934108527 0 0.11959484011627908
0 0 0.3370124757751937 0.06092538759689922 0.36562802810077516 0.09272044573643409 0.32096354166666663 0 0.27187802810077516
0 0 0.018153464147286837 0.15252543604651161 0.0817435804263566 0.1888626453488372 0.036322068798449625 0.10029069767441859 0 0 0