0 0.0390625 0.626953125 0.029296875 0.587890625 0 0.595703125 0 0.63671875
0 0.044921875 0.873046875 0.05078125 0.89453125 0.005859375 0.90625 0.001953125 0.890625 0 0.890625 0 0.93359375 0.111328125 0.90625 0.103515625 0.880859375 0.08984375 0.884765625 0.083984375 0.86328125
0 0.05078125 0.89453125 0.044921875 0.873046875 0.078125 0.86328125 0.025390625 0.630859375 0 0.63671875 0 0.8515625 0.01171875 0.904296875 0.03515625 0.8984375
0 0.017578125 0.591796875 0.00390625 0.52734375 0 0.52734375 0 0.595703125
0 1 0.74609375 1 0.708984375 0.998046875 0.701171875 0.869140625 0.7265625 0.876953125 0.771484375 0.9140625 0.763671875 0.921875 0.794921875 0.974609375 0.78515625 0.96875 0.75390625
0 0.900390625 0.494140625 0.9375 0.48828125 0.927734375 0.443359375 0.8046875 0.46875 0.8125 0.51171875 0.845703125 0.505859375 0.8515625 0.537109375 0.90625 0.52734375 0.900390625 0.49609375
0 0.97265625 0.20703125 0.96484375 0.162109375 0.833984375 0.1875 0.841796875 0.232421875 0.880859375 0.224609375 0.888671875 0.2578125 0.94140625 0.24609375 0.935546875 0.21484375
0 0.572265625 0.77734375 0.564453125 0.732421875 0.447265625 0.755859375 0.45703125 0.80078125 0.490234375 0.79296875 0.498046875 0.828125 0.54296875 0.8203125 0.53515625 0.78515625
0 0.74609375 0.54296875 0.736328125 0.48828125 0.61328125 0.513671875 0.623046875 0.56640625 0.66015625 0.55859375 0.6640625 0.580078125 0.71875 0.5703125 0.712890625 0.548828125
0 0.732421875 0.23046875 0.724609375 0.1953125 0.603515625 0.21875 0.609375 0.25390625 0.650390625 0.24609375 0.658203125 0.2890625 0.70703125 0.279296875 0.69921875 0.236328125
0 0.537109375 0.54296875 0.52734375 0.4921875 0.39453125 0.517578125 0.404296875 0.5703125 0.439453125 0.5625 0.4453125 0.595703125 0.501953125 0.5859375 0.49609375 0.552734375
0 0.3125 0 0.216796875 0 0.220703125 0.017578125 0.2578125 0.009765625 0.26171875 0.037109375 0.310546875 0.02734375 0.3046875 0.001953125
0 0.37890625 0.51171875 0.330078125 0.521484375 0.357421875 0.654296875 0.40625 0.64453125
0 0.416015625 0.90625 0.47265625 0.892578125 0.419921875 0.673828125 0.36328125 0.6875
0 0.83984375 0.8125 0.83203125 0.76953125 0.71484375 0.791015625 0.72265625 0.8359375 0.7578125 0.830078125 0.763671875 0.859375 0.81640625 0.849609375 0.810546875 0.818359375
0 0.451171875 0.064453125 0.419921875 0.068359375 0.408203125 0.078125 0.419921875 0.16015625 0.318359375 0.173828125 0.306640625 0.083984375 0.248046875 0.091796875 0.236328125 0.125 0.240234375 0.15625 0.263671875 0.15234375 0.267578125 0.18359375 0.244140625 0.1875 0.251953125 0.2421875 0.4921875 0.208984375 0.474609375 0.078125