0 0.7559621710526315 0.9267064144736842 0.9063527960526315 0.8544407894736842 0.9239309210526315 0.8954564144736842 0.7735402960526315 0.9696751644736842
0 0.171875 0.953125 0.244140625 0.953125 0.244140625 0.998046875 0.171875 0.998046875
0 0.00390625 0.41015625 0.158203125 0.41015625 0.158203125 0.47265625 0.00390625 0.47265625
0 0.767578125 0.279296875 0.9375 0.279296875 0.9375 0.341796875 0.767578125 0.341796875
0 0.25113075657894735 0.606702302631579 0.25308388157894735 0.557874177631579 0.41714638157894735 0.565686677631579 0.41714638157894735 0.616467927631579
0 0.771484375 0.201171875 0.7734375 0.154296875 0.9375 0.162109375 0.9375 0.2109375
0 0 0.146484375 0.099609375 0.146484375 0.099609375 0.203125 0 0.203125
0 0 0.537109375 0.154296875 0.537109375 0.154296875 0.59765625 0 0.59765625
0 0.001953125 0.28515625 0.158203125 0.28515625 0.158203125 0.34375 0.001953125 0.34375
0 0.771484375 0.51953125 0.943359375 0.51953125 0.943359375 0.58984375 0.771484375 0.58984375
0 0.7734375 0.41015625 0.9375 0.41015625 0.9375 0.46875 0.7734375 0.46875
0 0.505859375 0.03515625 0.7109375 0.025390625 0.7109375 0.087890625 0.5078125 0.099609375
0 0.25 0.029296875 0.396484375 0.029296875 0.396484375 0.109375 0.25 0.109375
0 0.248046875 0.2265625 0.3984375 0.216796875 0.3984375 0.2734375 0.25 0.283203125
0 0.560546875 0.4140625 0.701171875 0.40234375 0.703125 0.46484375 0.5625 0.474609375
0 0.25 0.40234375 0.400390625 0.40234375 0.400390625 0.46875 0.25 0.46875
0 0.53515625 0.21484375 0.689453125 0.21484375 0.689453125 0.283203125 0.53515625 0.283203125
0 0.24609375 0.853515625 0.25390625 0.806640625 0.447265625 0.84375 0.439453125 0.892578125
0 0 0.8511513157894737 0 0.7906044407894737 0.173828125 0.7906044407894737 0.173828125 0.8511513157894737
0 0.7890625 0.701171875 0.998046875 0.701171875 0.998046875 0.783203125 0.7890625 0.783203125
0 0.521484375 0.845703125 0.73828125 0.763671875 0.751953125 0.8125 0.53515625 0.892578125
0 0.13671875 0.25390625 0.13671875 0.16015625 0.193359375 0.16015625 0.193359375 0.25390625
0 0.19263980263157895 0.08675986842105267 0.16180098684210528 0.0024671052631579293 0.006578947368421087 0.012746710526315824 0.028166118421052655 0.09703947368421056
0 0.9523026315789473 0.0867598684210526 0.9214638157894737 0.0024671052631579232 0.7662417763157895 0.012746710526315819 0.787828947368421 0.09703947368421051
0 0.11657072368421054 0.9327713815789472 0.13815789473684212 0.9913651315789472 0.012746710526315819 0.9944490131578947 0.004523026315789505 0.9276315789473684
0 0.9453125 1 0.9453125 0.962890625 0.826171875 0.962890625 0.826171875 0.998046875 0.9453125 1