0 0.15234375 0.99609375 0.15234375 0.955078125 0.216796875 0.955078125 0.216796875 0.99609375
0 0.56640625 0.966796875 0.681640625 0.91796875 0.701171875 0.951171875 0.587890625 0.998046875
0 0.26953125 0.951171875 0.466796875 0.876953125 0.5 0.92578125 0.30078125 1
0 0.048828125 0.876953125 0.0859375 0.845703125 0.146484375 0.919921875 0.109375 0.94921875
0 0.505859375 0.8515625 0.595703125 0.833984375 0.611328125 0.892578125 0.521484375 0.908203125
0 0.240234375 0.869140625 0.384765625 0.794921875 0.416015625 0.849609375 0.267578125 0.923828125
0 0.41796875 0.763671875 0.515625 0.744140625 0.533203125 0.810546875 0.43359375 0.828125
0 0.6328125 0.69921875 0.66796875 0.671875 0.724609375 0.732421875 0.689453125 0.76171875
0 0.33984375 0.67578125 0.419921875 0.654296875 0.4375 0.71484375 0.359375 0.736328125
0 0.12890625 0.814453125 0.30078125 0.69921875 0.3359375 0.75 0.1640625 0.865234375
0 0.54296875 0.595703125 0.578125 0.56640625 0.642578125 0.626953125 0.609375 0.658203125
0 0.587890625 0.482421875 0.740234375 0.380859375 0.775390625 0.431640625 0.623046875 0.533203125
0 0.23540296052631582 0.2612047697368421 0.2725123355263158 0.2221422697368421 0.3486842105263158 0.2983141447368421 0.3115748355263158 0.3373766447368421
0 0.361328125 0.255859375 0.572265625 0.125 0.611328125 0.1796875 0.3984375 0.3125
0 0.12109375 0.14453125 0.16015625 0.109375 0.236328125 0.1796875 0.197265625 0.21484375
0 0.27734375 0.142578125 0.484375 0.064453125 0.51171875 0.125 0.302734375 0.19921875
0 0.041015625 0.044921875 0.080078125 0.015625 0.1484375 0.083984375 0.109375 0.11328125
0 0.609375 0.08984375 0.787109375 0.001953125 0.81640625 0.041015625 0.640625 0.130859375
0 0.28515625 0 0.44921875 0 0.44921875 0.0546875 0.28515625 0.0546875
0 0.1328125 0 0.2421875 0 0.2421875 0.056640625 0.1328125 0.056640625
0 0.9256784539473684 1 0.9979440789473684 0.9160156250000001 0.9999999999999998 0.9586759868421053 0.9671052631578946 0.9987664473684211
0 0.8203125 0.923828125 0.9375 0.830078125 0.98046875 0.869140625 0.865234375 0.962890625
0 0.716796875 0.794921875 0.755859375 0.765625 0.818359375 0.833984375 0.78125 0.86328125
0 0.833984375 0.72265625 0.98828125 0.685546875 1 0.748046875 0.845703125 0.78515625
0 0.740234375 0.62890625 0.951171875 0.58203125 0.962890625 0.638671875 0.751953125 0.685546875
0 0.72265625 0.515625 0.8671875 0.484375 0.87890625 0.5390625 0.734375 0.5703125
0 0.93359375 0.455078125 1 0.455078125 1 0.546875 0.93359375 0.546875
0 0.857421875 0.337890625 0.947265625 0.337890625 0.947265625 0.421875 0.857421875 0.421875
0 0.953125 0.28515625 1 0.28515625 1 0.36328125 0.953125 0.36328125
0 0.75 0.26953125 0.8203125 0.23828125 0.853515625 0.294921875 0.78125 0.330078125
0 0.85546875 0.201171875 0.923828125 0.173828125 0.94921875 0.234375 0.8828125 0.26171875
0 0.953125 0.1484375 1 0.1484375 1 0.216796875 0.953125 0.216796875
0 0.001953125 0.484375 0.009765625 0.375 0.181640625 0.3828125 0.173828125 0.490234375