0 0.8203125 0.541015625 0.818359375 0.53515625 0.791015625 0.544921875 0.794921875 0.556640625 0.7578125 0.56640625 0.75390625 0.556640625 0.7421875 0.560546875 0.74609375 0.5703125 0.71484375 0.580078125 0.712890625 0.57421875 0.697265625 0.578125 0.6953125 0.572265625 0.6640625 0.58203125 0.666015625 0.587890625 0.65234375 0.591796875 0.66796875 0.642578125 0.68359375 0.63671875 0.6875 0.6484375 0.705078125 0.642578125 0.701171875 0.630859375 0.810546875 0.599609375 0.814453125 0.611328125 0.841796875 0.6015625 0.837890625 0.58984375 0.85546875 0.5859375 0.83984375 0.53515625
0 0.9140625 0.51953125 0.9296875 0.56640625 0.9453125 0.5625 0.94921875 0.5703125 0.9765625 0.560546875 0.974609375 0.552734375 0.998046875 0.544921875 1 0.548828125 1 0.4921875
0 0.64453125 0.5703125 0.65234375 0.591796875 0.666015625 0.587890625 0.6640625 0.58203125 0.6953125 0.572265625 0.697265625 0.578125 0.712890625 0.57421875 0.71484375 0.580078125 0.74609375 0.5703125 0.7421875 0.560546875 0.75390625 0.556640625 0.7578125 0.56640625 0.794921875 0.556640625 0.791015625 0.544921875 0.818359375 0.53515625 0.8203125 0.541015625 0.83984375 0.53515625 0.85546875 0.5859375 0.927734375 0.5625 0.9140625 0.51953125 1 0.4921875 1 0.462890625
0 0.876953125 0.89453125 0.888671875 0.939453125 1 0.908203125 1 0.861328125
0 0.681640625 0.8125 1 0.734375 1 0.673828125 0.66796875 0.755859375
0 0.875 0.884765625 0.703125 0.9296875 0.716796875 0.98046875 0.888671875 0.9375
0 0.39453125 0.685546875 0.330078125 0.705078125 0.37109375 0.83984375 0.435546875 0.8203125
0 0.61328125 0.765625 0.37109375 0.83984375 0.38671875 0.892578125 0.62890625 0.818359375
0 0.572265625 0.630859375 0.5546875 0.576171875 0.3125 0.6484375 0.330078125 0.705078125 0.337890625 0.703125
0 0.244140625 0.318359375 0.248046875 0.3359375 0.25390625 0.3515625 0.26171875 0.3671875 0.271484375 0.3828125 0.28515625 0.396484375 0.298828125 0.40625 0.314453125 0.416015625 0.33203125 0.423828125 0.349609375 0.4296875 0.369140625 0.431640625 0.38671875 0.431640625 0.404296875 0.427734375 0.69140625 0.341796875 0.587890625 0 0.146484375 0
0 0.701171875 0.921875 0.666015625 0.931640625 0.6640625 0.982421875 0.66796875 0.994140625 0.716796875 0.98046875 0.703125 0.9296875
0 0.412109375 1 0.619140625 1 0.61328125 0.958984375 0.412109375 0.994140625
0 0.638671875 0.857421875 0.619140625 0.86328125 0.623046875 0.8828125 0.607421875 0.88671875 0.62109375 0.94921875 0.658203125 0.94140625
0 0.173828125 0.388671875 0.138671875 0.26171875 0.1015625 0.271484375 0.13671875 0.3984375 0.173828125 0.388671875