0 0.4609375 0.78125 0.46484375 0.728515625 0.15625 0.7109375 0.15234375 0.763671875
0 0.125 0.599609375 0.1328125 0.529296875 0 0.515625 0 0.5859375
0 0.46875 0.466796875 0.474609375 0.3984375 0.1796875 0.37109375 0.173828125 0.439453125
0 0.146484375 0.435546875 0.15234375 0.369140625 0 0.353515625 0 0.421875
0 0.1796875 0.623046875 0.46875 0.640625 0.47265625 0.564453125 0.18359375 0.546875
0 0.34765625 0.953125 0.3515625 0.890625 0.03125 0.87109375 0.02734375 0.93359375
0 0.0546875 0.7578125 0.060546875 0.697265625 0 0.693359375 0 0.75390625
0 0.587890625 0.6171875 0.591796875 0.453125 0.564453125 0.453125 0.560546875 0.6171875
0 0.56640625 0.40625 0.537109375 0.404296875 0.53125 0.6171875 0.560546875 0.6171875 0.564453125 0.453125
0 0.533203125 0.64453125 0.533203125 0.712890625 0.517578125 0.712890625 0.517578125 0.76171875 0.57421875 0.76171875 0.57421875 0.712890625 0.564453125 0.712890625 0.564453125 0.64453125
0 0.6875 0.970703125 0.650390625 0.970703125 0.650390625 1 0.6875 1
0 0.982421875 0.923828125 0.927734375 0.90625 0.89453125 1 0.955078125 1
0 0.51171875 0.8359375 0.546875 0.787109375 0.513671875 0.763671875 0.48046875 0.8125 0.51171875 0.8359375
0 0.3828125 0.88671875 0.41796875 0.84375 0.39453125 0.82421875 0.359375 0.8671875 0.3828125 0.88671875
0 0.646484375 1 0.646484375 0.958984375 0.58203125 0.958984375 0.58203125 1 0.646484375 1
0 0.478515625 0.873046875 0.5078125 0.833984375 0.482421875 0.814453125 0.453125 0.853515625 0.478515625 0.873046875