0 0.203125 0 0.064453125 0 0.060546875 0.02734375 0.267578125 0.06640625 0.27734375 0.013671875
0 0.267578125 0.06640625 0.419921875 0.09375 0.4296875 0.041015625 0.27734375 0.013671875
0 0.416015625 0.955078125 0.41015625 0.986328125 0.46484375 0.998046875 0.470703125 0.966796875
0 0.470703125 0.966796875 0.462890625 1 0.517578125 1 0.5234375 0.978515625
0 0.33203125 0.935546875 0.32421875 0.96484375 0.35546875 0.970703125 0.36328125 0.94140625
0 0.36328125 0.8515625 0.3828125 0.857421875 0.392578125 0.8203125 0.37109375 0.81640625
0 0.318359375 0.755859375 0.3125 0.78515625 0.357421875 0.794921875 0.365234375 0.765625
0 0.365234375 0.765625 0.357421875 0.794921875 0.39453125 0.8046875 0.400390625 0.7734375
0 0.25 0.74609375 0.2421875 0.783203125 0.2890625 0.79296875 0.298828125 0.755859375
0 0.6171875 0.86328125 0.669921875 0.875 0.673828125 0.853515625 0.623046875 0.84375
0 0.638671875 0.794921875 0.6328125 0.82421875 0.662109375 0.830078125 0.669921875 0.802734375
0 0.5703125 0.833984375 0.57421875 0.810546875 0.544921875 0.802734375 0.53515625 0.84765625 0.583984375 0.857421875 0.58984375 0.837890625
0 0.638671875 0.919921875 0.68359375 0.9296875 0.69140625 0.892578125 0.646484375 0.8828125
0 0.3125 0.98828125 0.30859375 1 0.35546875 1 0.357421875 0.998046875
0 0.76953125 0.66796875 0.984375 0.73046875 0.9921875 0.705078125 0.77734375 0.642578125
0 0.849609375 0.74609375 0.9609375 0.779296875 0.966796875 0.755859375 0.85546875 0.72265625
0 0.841796875 0.8046875 0.875 0.810546875 0.87890625 0.7890625 0.845703125 0.783203125
0 0.8984375 0.83203125 0.947265625 0.84375 0.955078125 0.80859375 0.90625 0.798828125
0 0.91796875 0.919921875 0.9140625 0.9375 0.935546875 0.943359375 0.939453125 0.92578125
0 0.888671875 0.947265625 0.884765625 0.96484375 0.92578125 0.974609375 0.9296875 0.95703125
0 0.974609375 0.9765625 0.98828125 0.9765625 0.986328125 0.947265625 0.97265625 0.947265625
0 0.359375 0.3046875 0.35546875 0.330078125 0.427734375 0.337890625 0.4296875 0.3125 0.40625 0.30859375
0 0.33203125 0.12890625 0.32421875 0.177734375 0.392578125 0.1875 0.3984375 0.13671875
0 0.267578125 0.119140625 0.263671875 0.15234375 0.31640625 0.16015625 0.3203125 0.126953125
0 0.37109375 0.2421875 0.34765625 0.23828125 0.34375 0.26953125 0.39453125 0.275390625 0.3984375 0.24609375
0 0.3984375 0.13671875 0.388671875 0.208984375 0.41796875 0.21484375 0.4140625 0.228515625 0.439453125 0.232421875 0.451171875 0.14453125
0 0.4140625 0.23046875 0.40625 0.30859375 0.4296875 0.3125 0.439453125 0.232421875
0 0.13671875 0.263671875 0.185546875 0.26953125 0.205078125 0.126953125 0.154296875 0.119140625
0 0.37109375 0.408203125 0.41796875 0.41015625 0.419921875 0.359375 0.373046875 0.35546875
0 0.37109375 0.591796875 0.4296875 0.59375 0.431640625 0.572265625 0.37109375 0.5703125
0 0.466796875 0.38671875 0.50390625 0.388671875 0.505859375 0.341796875 0.46875 0.33984375
0 0.47265625 0.296875 0.53125 0.3203125 0.548828125 0.275390625 0.48828125 0.25390625
0 0.521484375 0.025390625 0.57421875 0.033203125 0.576171875 0 0.525390625 0
0 0.541015625 0.095703125 0.5390625 0.10546875 0.501953125 0.09765625 0.498046875 0.119140625 0.521484375 0.125 0.51953125 0.13671875 0.55859375 0.146484375 0.568359375 0.103515625
0 0.45703125 0.880859375 0.462890625 0.849609375 0.42578125 0.84375 0.419921875 0.873046875 0.45703125 0.880859375
0 0.4296875 0.486328125 0.431640625 0.44921875 0.357421875 0.447265625 0.357421875 0.484375 0.4296875 0.486328125
0 0.1171875 0.140625 0.119140625 0.095703125 0.072265625 0.09375 0.072265625 0.140625 0.1171875 0.140625