0 0.931640625 0.8984375 0.978515625 0.990234375 1 0.978515625 1 0.861328125
0 0.125 0.46875 0.123046875 0.521484375 0.37109375 0.525390625 0.37109375 0.47265625
0 0.169921875 0.783203125 0.169921875 0.83203125 0.359375 0.828125 0.357421875 0.77734375
0 0.146484375 0.625 0.146484375 0.67578125 0.453125 0.67578125 0.453125 0.625
0 0.556640625 0.904296875 0.52734375 0.845703125 0.38671875 0.916015625 0.388671875 0.91796875 0.19921875 1 0.361328125 1 0.41796875 0.9765625
0 0.228515625 0.94140625 0.177734375 0.94140625 0.177734375 1 0.197265625 1 0.228515625 0.986328125
0 0.044921875 0.095703125 0.044921875 0.119140625 0.017578125 0.119140625 0.01953125 0.10546875 0 0.10546875 0 0.1484375 0.015625 0.1484375 0.015625 0.1640625 0.130859375 0.166015625 0.130859375 0.150390625 0.169921875 0.150390625 0.169921875 0.107421875 0.12109375 0.107421875 0.12109375 0.119140625 0.10546875 0.119140625 0.107421875 0.09765625 0.09375 0.09765625 0.09375 0.119140625 0.060546875 0.119140625 0.060546875 0.095703125
0 0.26171875 0.017578125 0.296875 0.017578125 0.296875 0.033203125 0.412109375 0.03515625 0.412109375 0.01953125 0.44921875 0.01953125 0.44921875 0 0.26171875 0
0 0.982421875 0.513671875 0.98046875 0.53125 0.96484375 0.53125 0.96484375 0.546875 0.943359375 0.544921875 0.943359375 0.529296875 0.923828125 0.52734375 0.92578125 0.509765625 0.869140625 0.50390625 0.865234375 0.546875 0.88671875 0.548828125 0.884765625 0.572265625 0.9375 0.576171875 0.935546875 0.591796875 0.9609375 0.59375 0.962890625 0.578125 1 0.580078125 1 0.513671875
0 0.548828125 0.16796875 0.529296875 0.16796875 0.529296875 0.1484375 0.474609375 0.14453125 0.470703125 0.1875 0.4921875 0.189453125 0.490234375 0.2109375 0.541015625 0.216796875 0.541015625 0.23046875 0.56640625 0.232421875 0.56640625 0.21875 0.609375 0.220703125 0.611328125 0.197265625 0.63671875 0.19921875 0.638671875 0.158203125 0.587890625 0.15234375 0.5859375 0.171875 0.5703125 0.169921875 0.568359375 0.1875 0.546875 0.185546875
0 0.748046875 0.35546875 0.7265625 0.353515625 0.728515625 0.333984375 0.671875 0.330078125 0.669921875 0.373046875 0.689453125 0.375 0.6875 0.3984375 0.740234375 0.40234375 0.73828125 0.41796875 0.763671875 0.419921875 0.765625 0.404296875 0.80859375 0.40625 0.810546875 0.384765625 0.833984375 0.38671875 0.837890625 0.34375 0.78515625 0.33984375 0.78515625 0.357421875 0.76953125 0.35546875 0.767578125 0.373046875 0.74609375 0.37109375
0 0.603515625 0.560546875 0.603515625 0.576171875 0.57421875 0.572265625 0.568359375 0.625 0.705078125 0.638671875 0.7109375 0.587890625 0.69140625 0.5859375 0.693359375 0.5703125 0.671875 0.568359375 0.669921875 0.583984375 0.625 0.578125 0.625 0.5625
0 0.318359375 0.234375 0.31640625 0.248046875 0.287109375 0.24609375 0.28125 0.298828125 0.419921875 0.3125 0.423828125 0.259765625 0.40625 0.2578125 0.40625 0.2421875 0.384765625 0.240234375 0.384765625 0.255859375 0.337890625 0.25 0.33984375 0.236328125
0 0.474609375 0.3828125 0.47265625 0.3984375 0.443359375 0.39453125 0.4375 0.447265625 0.576171875 0.4609375 0.580078125 0.408203125 0.5625 0.40625 0.5625 0.392578125 0.541015625 0.388671875 0.541015625 0.404296875 0.494140625 0.400390625 0.49609375 0.384765625
0 0.072265625 0.798828125 0.001953125 0.798828125 0.001953125 0.837890625 0.072265625 0.837890625
0 0.06640625 0.626953125 0.06640625 0.634765625 0.048828125 0.634765625 0.048828125 0.626953125 0.029296875 0.626953125 0.029296875 0.634765625 0.00390625 0.634765625 0.00390625 0.626953125 0 0.626953125 0 0.6796875 0.103515625 0.6796875 0.103515625 0.634765625 0.095703125 0.634765625 0.095703125 0.626953125
0 0.232421875 0.32421875 0.224609375 0.32421875 0.224609375 0.31640625 0.197265625 0.31640625 0.197265625 0.32421875 0.177734375 0.32421875 0.177734375 0.31640625 0.16015625 0.31640625 0.16015625 0.32421875 0.134765625 0.32421875 0.134765625 0.31640625 0.111328125 0.31640625 0.111328125 0.32421875 0.091796875 0.32421875 0.091796875 0.31640625 0.068359375 0.31640625 0.068359375 0.32421875 0.048828125 0.32421875 0.048828125 0.31640625 0.017578125 0.31640625 0.017578125 0.32421875 0.001953125 0.32421875 0.001953125 0.31640625 0 0.31640625 0 0.3671875 0.232421875 0.3671875
0 0.630859375 0.869140625 1 0.681640625 1 0.580078125 0.962890625 0.578125 0.9609375 0.59375 0.966796875 0.615234375 0.638671875 0.78125 0.625 0.76171875 0.591796875 0.78125 0.60546875 0.8125 0.625 0.849609375