0 0 0.265625 0 0.3359375 0.02734375 0.341796875 0.025390625 0.349609375 0.1484375 0.373046875 0.162109375 0.298828125
0 0.30859375 0.3359375 0.294921875 0.404296875 0.84765625 0.513671875 0.861328125 0.4453125
0 0 0.447265625 0 0.49609375 0.140625 0.52734375 0.15234375 0.48046875
0 0.244140625 0.490234375 0.232421875 0.541015625 0.775390625 0.66796875 0.787109375 0.619140625
0 0.390625 0.6953125 0.376953125 0.751953125 0.611328125 0.810546875 0.625 0.75390625
0 0.326171875 0.875 0.3125 0.931640625 0.591796875 1 0.60546875 0.943359375
0 0 0.646484375 0 0.7265625 0.0625 0.744140625 0.072265625 0.705078125 0.08203125 0.70703125 0.091796875 0.66796875
0 0.216796875 0.69140625 0.201171875 0.767578125 0.279296875 0.78515625 0.287109375 0.748046875 0.30078125 0.751953125 0.310546875 0.712890625
0 0.130859375 0.912109375 0.115234375 0.9921875 0.15234375 1 0.203125 1 0.20703125 0.98046875 0.21875 0.982421875 0.228515625 0.93359375
0 0.994140625 0.9140625 1 0.84765625 0.732421875 0.794921875 0.720703125 0.859375 0.994140625 0.9140625
0 0.8828125 0.998046875 0.880859375 0.95703125 0.65625 0.958984375 0.658203125 0.998046875 0.8828125 0.998046875
0 0.998046875 0.064453125 1 0 0.93359375 0 0.931640625 0.0625 0.998046875 0.064453125