0 0.83984375 1 0.8984375 1 0.94140625 0.92578125 0.958984375 0.935546875 0.978515625 0.900390625 0.9609375 0.890625 1 0.8203125 1 0.73828125 0.9921875 0.734375
0 0.60546875 0.185546875 0.505859375 0.12890625 0.466796875 0.197265625 0.484375 0.20703125 0.330078125 0.482421875 0.310546875 0.47265625 0.28515625 0.51953125 0.384765625 0.576171875 0.48046875 0.40625
0 0.66796875 0.001953125 0.791015625 0.0703125 0.826171875 0.0078125 0.810546875 0 0.66796875 0
0 0.7265625 0.03515625 0.67578125 0.125 0.712890625 0.146484375 0.763671875 0.0546875
0 0.6484375 0.189453125 0.61328125 0.251953125 0.578125 0.232421875 0.564453125 0.2578125 0.63671875 0.298828125 0.685546875 0.208984375
0 0.353515625 0.57421875 0.23828125 0.779296875 0.3671875 0.8515625 0.404296875 0.787109375 0.37109375 0.767578125 0.416015625 0.6875 0.43359375 0.697265625 0.462890625 0.646484375 0.41796875 0.62109375 0.423828125 0.61328125 0.376953125 0.587890625
0 0.11328125 1 0.294921875 1 0.326171875 0.9453125 0.189453125 0.8671875
0 0.58984375 0.384765625 0.63671875 0.298828125 0.564453125 0.2578125 0.376953125 0.587890625 0.447265625 0.626953125 0.486328125 0.556640625 0.505859375 0.568359375 0.521484375 0.537109375 0.50390625 0.52734375 0.548828125 0.4453125 0.59375 0.470703125 0.630859375 0.408203125
0 0.66796875 0.001953125 0.587890625 0.142578125 0.646484375 0.17578125 0.640625 0.18359375 0.6796875 0.20703125 0.6875 0.1953125 0.705078125 0.205078125 0.732421875 0.158203125 0.67578125 0.125 0.7265625 0.03515625
0 0.275390625 0 0.1171875 0 0.466796875 0.197265625 0.505859375 0.12890625
0 0 0.296875 0 0.357421875 0.283203125 0.51953125 0.310546875 0.47265625
0 0.1171875 0 0 0 0 0.294921875 0.330078125 0.482421875 0.484375 0.20703125
0 0.94140625 0.36328125 0.9609375 0.32421875 0.888671875 0.287109375 0.869140625 0.32421875
0 0.71484375 0.751953125 0.734375 0.716796875 0.6640625 0.67578125 0.64453125 0.708984375
0 0.87109375 0.599609375 0.912109375 0.53125 0.884765625 0.515625 0.845703125 0.583984375
0 0.1171875 0.4187560562015503 0 0.36032885174418605 0 0.7136779312015503 0 0.998046875 0.10710392441860464 0.998046875 0.3599503391472868 0.563968628875969