0 0.0859375 0.3359375 0.15234375 0.298828125 0.123046875 0.24609375 0 0.31640625 0 0.337890625 0.021484375 0.376953125 0.056640625 0.357421875 0.064453125 0.37109375 0.095703125 0.353515625
0 0.033203125 0.93359375 0.02734375 0.919921875 0 0.9296875 0 1 0.068359375 1 0.068359375 0.99609375 0.09765625 0.986328125 0.0703125 0.919921875
0 0.736328125 0.97265625 0.74609375 0.990234375 0.728515625 1 0.87109375 1 0.875 0.998046875 0.86328125 0.98046875 0.890625 0.96484375 0.865234375 0.921875 0.837890625 0.9375 0.828125 0.919921875
0 0.810546875 0.53125 0.83203125 0.5625 0.81640625 0.57421875 0.8359375 0.603515625 0.849609375 0.59375 0.861328125 0.61328125 0.94921875 0.552734375 0.935546875 0.53515625 0.9453125 0.52734375 0.923828125 0.498046875 0.908203125 0.509765625 0.88671875 0.478515625
0 0.708984375 0.63671875 0.697265625 0.619140625 0.609375 0.677734375 0.623046875 0.6953125 0.60546875 0.70703125 0.630859375 0.744140625 0.646484375 0.734375 0.662109375 0.7578125 0.75 0.69921875 0.734375 0.67578125 0.763671875 0.65625 0.736328125 0.6171875
0 0.19140625 0.900390625 0.19921875 0.91796875 0.177734375 0.927734375 0.19921875 0.97265625 0.220703125 0.962890625 0.23046875 0.982421875 0.326171875 0.9375 0.31640625 0.91796875 0.34375 0.90625 0.322265625 0.861328125 0.294921875 0.873046875 0.287109375 0.85546875
0 0.40625 0.796875 0.416015625 0.81640625 0.3984375 0.826171875 0.423828125 0.8671875 0.447265625 0.853515625 0.4609375 0.876953125 0.546875 0.828125 0.53515625 0.8046875 0.55859375 0.791015625 0.53515625 0.748046875 0.509765625 0.76171875 0.5 0.744140625
0 0.310546875 0.28515625 0.3203125 0.30078125 0.298828125 0.31640625 0.32421875 0.357421875 0.345703125 0.34375 0.357421875 0.365234375 0.4453125 0.30859375 0.431640625 0.2890625 0.455078125 0.2734375 0.4296875 0.232421875 0.404296875 0.248046875 0.39453125 0.232421875
0 0.15625 0.408203125 0.1484375 0.39453125 0.041015625 0.455078125 0.048828125 0.46875 0.025390625 0.48046875 0.0546875 0.533203125 0.08203125 0.517578125 0.087890625 0.53125 0.193359375 0.47265625 0.185546875 0.4609375 0.22265625 0.439453125 0.1953125 0.388671875
0 0.763671875 0 0.59375 0 0.4375 0.07421875 0.470703125 0.14453125 0.615234375 0.076171875 0.607421875 0.1015625 0.625 0.107421875 0.62109375 0.12109375 0.697265625 0.146484375 0.705078125 0.123046875 0.71875 0.126953125 0.869140625 0.400390625 0.953125 0.35546875 0.9375 0.326171875 0.951171875 0.3203125 0.91796875 0.259765625 0.90625 0.265625 0.857421875 0.1796875 0.87109375 0.171875 0.84765625 0.130859375 0.8359375 0.13671875 0.765625 0.005859375
0 0.744140625 0.42578125 0.625 0.22265625 0.4921875 0.30078125 0.611328125 0.50390625 0.744140625 0.42578125
0 0.998046875 0.87890625 1 0.732421875 0.923828125 0.73046875 0.921875 0.876953125 0.998046875 0.87890625