0 0.89453125 0.5703125 1 0.587890625 1 0.5078125 0.908203125 0.4921875
0 0.966796875 0.42578125 0.95703125 0.478515625 1 0.486328125 1 0.431640625
0 0.90625 0.392578125 0.978515625 0.41015625 0.98828125 0.369140625 0.916015625 0.3515625
0 0.98828125 0.16015625 0.984375 0.1875 0.95703125 0.18359375 0.94921875 0.228515625 1 0.234375 1 0.162109375
0 0.8828125 0.05078125 0.95703125 0.0703125 0.974609375 0 0.896484375 0
0 0.841796875 0.197265625 0.91015625 0.21484375 0.935546875 0.10546875 0.8671875 0.087890625
0 0.810546875 0.33203125 0.78515625 0.4375 0.861328125 0.455078125 0.884765625 0.349609375
0 0.78515625 0.4375 0.775390625 0.484375 0.794921875 0.490234375 0.755859375 0.6640625 0.80859375 0.677734375 0.859375 0.455078125
0 0.703125 0.6875 0.828125 0.720703125 0.8359375 0.69140625 0.7109375 0.65625
0 0.888671875 0.650390625 0.890625 0.63671875 0.86328125 0.630859375 0.841796875 0.73046875 1 0.763671875 1 0.673828125
0 0.705078125 0.853515625 0.66796875 1 0.8203125 1 0.833984375 0.953125 0.841796875 0.90625 0.828125 0.88671875
0 0.828125 0.88671875 0.841796875 0.90625 0.833984375 0.953125 0.8203125 1 1 1 1 0.927734375
0 0.05078125 0.759765625 0.349609375 0.751953125 0.34765625 0.6875 0.05078125 0.6953125
0 0.01953125 0.697265625 0.0234375 0.794921875 0.349609375 0.787109375 0.349609375 0.751953125 0.05078125 0.759765625 0.05078125 0.6953125
0 0.3671875 0.70703125 0.33203125 0.923828125 0.412109375 0.955078125 0.43359375 0.716796875
0 0.1328125 0.048828125 0.28125 0.072265625 0.291015625 0 0.16796875 0 0.140625 0
0 0.42578125 0.052734375 0.4765625 0.068359375 0.490234375 0.0234375 0.439453125 0.0078125
0 0.630859375 0.111328125 0.646484375 0.0625 0.6015625 0.05078125 0.587890625 0.099609375 0.603515625 0.103515625 0.57421875 0.203125 0.607421875 0.212890625 0.61328125 0.19140625 0.6328125 0.19921875 0.65625 0.119140625
0 0.505859375 0.451171875 0.55078125 0.46484375 0.6171875 0.244140625 0.572265625 0.23046875
0 0.287109375 0.1875 0.263671875 0.26171875 0.37109375 0.294921875 0.388671875 0.23828125 0.294921875 0.2109375 0.30078125 0.19140625
0 0.228515625 0.37890625 0.27734375 0.392578125 0.3125 0.27734375 0.263671875 0.26171875
0 0.380859375 0.375 0.361328125 0.369140625 0.3359375 0.44921875 0.357421875 0.455078125 0.357421875 0.453125
0 0.421875 0.3515625 0.46875 0.365234375 0.48046875 0.32421875 0.435546875 0.310546875
0 0.474609375 0.173828125 0.5234375 0.189453125 0.53515625 0.150390625 0.484375 0.134765625
0 0.30859375 0.166015625 0.294921875 0.2109375 0.353515625 0.228515625 0.3671875 0.181640625
0 0.3359375 0.078125 0.322265625 0.12109375 0.37890625 0.138671875 0.392578125 0.095703125
0 0.357421875 0.00390625 0.423828125 0.0234375 0.4296875 0 0.357421875 0
0 0.345703125 0.041015625 0.3359375 0.078125 0.400390625 0.09765625 0.412109375 0.060546875
0 0.322265625 0.12109375 0.30859375 0.166015625 0.375 0.185546875 0.388671875 0.140625
0 0.33203125 0.923828125 0.318359375 1 0.40234375 1 0.41015625 0.96484375 0.412109375 0.955078125
0 0.080078125 0.55859375 0.052734375 0.607421875 0.150390625 0.60546875 0.1484375 0.521484375 0.107421875 0.484375 0.076171875 0.525390625 0.05078125 0.525390625 0.05078125 0.55859375
0 0.646484375 0.0546875 0.658203125 0 0.603515625 0 0.591796875 0.04296875 0.646484375 0.0546875