0 0.291015625 0.140625 0.462890625 0.1484375 0.46484375 0.09765625 0.29296875 0.08984375
0 0.52734375 0.15625 0.68359375 0.166015625 0.6875 0.111328125 0.529296875 0.1015625
0 0.701171875 0.177734375 0.466796875 0.166015625 0.462890625 0.21875 0.697265625 0.232421875 0.69921875 0.21484375
0 0.169921875 0.16796875 0.1640625 0.283203125 0.208984375 0.28515625 0.21484375 0.169921875 0.19921875 0.169921875
0 0.7109375 0.01171875 0.51171875 0 0.5078125 0.0546875 0.708984375 0.06640625 0.708984375 0.048828125
0 0.181640625 0.001953125 0.173828125 0.1171875 0.220703125 0.119140625 0.2265625 0.00390625 0.208984375 0.001953125
0 0.75390625 0.05078125 0.755859375 0 0.7109375 0 0.708984375 0.048828125
0 0.7421875 0.216796875 0.748046875 0.115234375 0.705078125 0.11328125 0.69921875 0.21484375
0 0.75 0.380859375 0.755859375 0.28125 0.705078125 0.279296875 0.69921875 0.37890625
0 0.216796875 0.150390625 0.212890625 0.205078125 0.462890625 0.21875 0.466796875 0.166015625
0 0.134765625 0.154296875 0.12109375 0.400390625 0.185546875 0.404296875 0.1875 0.376953125 0.158203125 0.375 0.162109375 0.3046875 0.19140625 0.306640625 0.193359375 0.28515625 0.1640625 0.283203125 0.169921875 0.16796875 0.19921875 0.169921875 0.19921875 0.158203125
0 0.490234375 0.318359375 0.611328125 0.32421875 0.615234375 0.271484375 0.494140625 0.265625
0 0.46875 0.263671875 0.25 0.251953125 0.24609375 0.30859375 0.466796875 0.3203125
0 0.162109375 0.3046875 0.158203125 0.375 0.447265625 0.390625 0.451171875 0.3203125 0.19140625 0.306640625
0 0.703125 0.333984375 0.451171875 0.3203125 0.447265625 0.390625 0.69921875 0.404296875 0.69921875 0.37890625
0 0.224609375 0.0390625 0.5078125 0.0546875 0.51171875 0 0.2265625 0
0 0.14453125 0.130859375 0.201171875 0.134765625 0.201171875 0.119140625 0.173828125 0.1171875 0.181640625 0.001953125 0.208984375 0.001953125 0.208984375 0 0.150390625 0
0 0.86328125 0.02734375 0.861328125 0.041015625 0.833984375 0.037109375 0.82421875 0.109375 1 0.130859375 1 0.056640625 0.888671875 0.04296875 0.888671875 0.03125
0 0.84765625 0.173828125 0.83203125 0.2890625 0.876953125 0.294921875 0.8828125 0.248046875 0.904296875 0.234375 0.90625 0.21875 0.970703125 0.2265625 0.974609375 0.19140625
0 0.3671875 0.697265625 0.134765625 0.68359375 0.1328125 0.7265625 0.365234375 0.73828125 0.365234375 0.720703125
0 0.142578125 0.548828125 0.13671875 0.634765625 0.1796875 0.638671875 0.185546875 0.55078125 0.158203125 0.55078125
0 0.443359375 0.5234375 0.44140625 0.576171875 0.7421875 0.59375 0.74609375 0.5390625
0 0.130859375 0.466796875 0.109375 0.490234375 0.1015625 0.642578125 0.1640625 0.646484375 0.166015625 0.63671875 0.13671875 0.634765625 0.142578125 0.548828125 0.158203125 0.55078125 0.16015625 0.505859375 0.74609375 0.5390625 0.748046875 0.501953125
0 0.16015625 0.505859375 0.158203125 0.55078125 0.185546875 0.55078125 0.18359375 0.5625 0.44140625 0.576171875 0.443359375 0.5234375
0 0.37109375 0.609375 0.365234375 0.720703125 0.41015625 0.724609375 0.41796875 0.611328125
0 0.33203125 0.5703125 0.326171875 0.68359375 0.103515625 0.671875 0.1015625 0.724609375 0.1328125 0.7265625 0.134765625 0.68359375 0.3671875 0.697265625 0.373046875 0.572265625
0 0.39453125 0.91015625 0.390625 0.900390625 0.443359375 0.884765625 0.4140625 0.78125 0.361328125 0.796875 0.380859375 0.86328125 0.171875 0.921875 0.173828125 0.931640625 0.1328125 0.93359375 0.134765625 0.97265625 0.185546875 0.970703125
0 0.115234375 0.76171875 0.10546875 0.919921875 0.1484375 0.923828125 0.158203125 0.765625
0 0.083984375 0.76171875 0.078125 0.86328125 0.109375 0.865234375 0.115234375 0.76171875
0 0.14453125 1 0.146484375 0.97265625 0.134765625 0.97265625 0.1328125 0.93359375 0.1484375 0.93359375 0.1484375 0.923828125 0.10546875 0.919921875 0.109375 0.865234375 0.078125 0.86328125 0.072265625 0.98046875 0.091796875 0.99609375
0 0.767578125 0.75390625 0.46484375 0.84375 0.478515625 0.88671875 0.78125 0.794921875
0 0.7578125 0.720703125 0.4609375 0.810546875 0.470703125 0.841796875 0.767578125 0.75390625
0 0.775390625 0.6171875 0.73046875 0.630859375 0.775390625 0.77734375 0.818359375 0.763671875
0 0.55078125 0.67578125 0.548828125 0.705078125 0.62109375 0.708984375 0.62109375 0.6796875
0 0.697265625 0.68359375 0.62109375 0.6796875 0.619140625 0.73828125 0.646484375 0.740234375 0.6953125 0.724609375
0 0.619140625 0.71875 0.541015625 0.71484375 0.537109375 0.779296875 0.55859375 0.78125 0.560546875 0.779296875 0.560546875 0.75390625 0.6171875 0.755859375 0.619140625 0.73828125
0 0.8203125 0.341796875 0.8203125 0.412109375 1 0.41015625 1 0.33984375
0 0.86328125 0.56640625 1 0.56640625 1 0.51953125 0.86328125 0.51953125
0 0.888671875 0.59765625 0.8515625 0.609375 0.88671875 0.716796875 0.923828125 0.705078125
0 0.88671875 0.716796875 0.90625 0.775390625 1 0.7421875 1 0.677734375
0 0.0078125 0.033203125 0 0.125 0 0.216796875 0.052734375 0.22265625 0.0703125 0.0390625
0 0 0.25 0 0.416015625 0.025390625 0.419921875 0.0390625 0.251953125
0 0 0.677734375 0 0.732421875 0.00390625 0.734375 0.00390625 0.744140625 0.009765625 0.6796875
0 0 0.576171875 0 0.677734375 0.0078125 0.6796875 0.017578125 0.578125
0 0.033203125 0.51171875 0.037109375 0.46875 0 0.46484375 0 0.5078125