0 0.017578125 0.03125 0 0.00390625 0 0.041015625
0 0.041015625 0.11328125 0 0.103515625 0 0.203125 0.03515625 0.2109375 0.05078125 0.13671875
0 0.005859375 0.72265625 0.021484375 0.69140625 0 0.6796875 0 0.71875
0 0.025390625 0.671875 0.041015625 0.6328125 0.015625 0.623046875 0 0.662109375
0 0.04296875 0.62109375 0.064453125 0.568359375 0.041015625 0.55859375 0.01953125 0.611328125
0 0.001953125 0.5390625 0 0.54296875 0 0.56640625 0.01171875 0.57421875 0.0234375 0.55078125
0 0.01953125 0.55859375 0.029296875 0.564453125 0.03515625 0.5546875 0.0234375 0.55078125
0 0.04296875 0.5546875 0.048828125 0.541015625 0.017578125 0.52734375 0.01171875 0.5390625
0 0.01953125 0.50390625 0 0.48828125 0 0.53125
0 0.0234375 0.470703125 0.041015625 0.43359375 0.0078125 0.41796875 0 0.43359375 0 0.4609375
0 0.01953125 0.482421875 0.0234375 0.470703125 0 0.4609375 0 0.47265625
0 0.037109375 0.47265625 0.03125 0.5 0.083984375 0.51171875 0.08984375 0.484375
0 0.0546875 0.43359375 0.044921875 0.474609375 0.08984375 0.484375 0.099609375 0.443359375
0 0.107421875 0.349609375 0.103515625 0.380859375 0.142578125 0.38671875 0.146484375 0.353515625
0 0.056640625 0.40234375 0.021484375 0.392578125 0.015625 0.416015625 0.05078125 0.423828125 0.0546875 0.41015625
0 0.05859375 0.400390625 0.072265625 0.369140625 0.0546875 0.361328125 0.041015625 0.392578125
0 0.033203125 0.390625 0.044921875 0.359375 0.017578125 0.349609375 0.0078125 0.3828125
0 0.146484375 0.353515625 0.140625 0.396484375 0.09765625 0.390625 0.091796875 0.427734375 0.158203125 0.435546875 0.16796875 0.357421875 0.15625 0.35546875
0 0.11328125 0.306640625 0.107421875 0.349609375 0.15625 0.35546875 0.158203125 0.34765625 0.1796875 0.349609375 0.185546875 0.31640625
0 0.11328125 0.30859375 0.078125 0.3046875 0.072265625 0.35546875 0.10546875 0.361328125 0.107421875 0.349609375
0 0.078125 0.3046875 0.0234375 0.296875 0.01953125 0.328125 0.0390625 0.330078125 0.037109375 0.3515625 0.072265625 0.35546875 0.07421875 0.337890625
0 0.1640625 0.1875 0.15625 0.130859375 0.10546875 0.13671875 0.11328125 0.1953125
0 0.09375 0.138671875 0.09765625 0.16796875 0.109375 0.166015625 0.10546875 0.13671875
0 0.09375 0.18359375 0.095703125 0.197265625 0.11328125 0.1953125 0.111328125 0.1796875
0 0.025390625 0.109375 0.08984375 0.091796875 0.080078125 0.060546875 0.015625 0.078125
0 0.029296875 0.26171875 0.015625 0.224609375 0 0.228515625 0 0.26953125
0 0.09765625 0.20703125 0.0625 0.21484375 0.076171875 0.271484375 0.111328125 0.26171875
0 0.0625 0.21484375 0.02734375 0.224609375 0.0390625 0.271484375 0.07421875 0.263671875
0 0.0703125 0 0.01953125 0 0.01953125 0.02734375 0.0703125 0.02734375 0.0703125 0.0234375
0 0.109375 0.09765625 0.125 0.09375 0.119140625 0.0625 0.103515625 0.06640625
0 0.08984375 0.0703125 0.09765625 0.099609375 0.109375 0.09765625 0.103515625 0.06640625
0 0.083984375 0.060546875 0.107421875 0.052734375 0.1015625 0.0390625 0.078125 0.048828125
0 0.08984375 0.04296875 0.08984375 0.02734375 0.076171875 0.02734375 0.076171875 0.04296875
0 0.080078125 0.13671875 0.09765625 0.126953125 0.083984375 0.09765625 0.06640625 0.10546875
0 0.109375 0.12890625 0.125 0.123046875 0.1171875 0.1015625 0.1015625 0.107421875
0 0.142578125 0.015625 0.146484375 0 0.123046875 0 0.12109375 0.009765625
0 0.181640625 0.0234375 0.146484375 0.01953125 0.140625 0.064453125 0.177734375 0.0703125 0.1796875 0.044921875
0 0.63671875 0.236328125 0.640625 0.265625 0.66015625 0.263671875 0.65625 0.234375
0 0.66015625 0.263671875 0.732421875 0.255859375 0.728515625 0.228515625 0.65625 0.234375
0 0.830078125 0.533203125 0.841796875 0.52734375 0.83203125 0.509765625 0.822265625 0.515625
0 0.83203125 0.509765625 0.828125 0.501953125 0.81640625 0.505859375 0.822265625 0.515625
0 0.427734375 0.03125 0.427734375 0 0.349609375 0 0.349609375 0.03125 0.427734375 0.03125
0 0.025390625 0.955078125 0.025390625 0.873046875 0 0.873046875 0 0.955078125 0.025390625 0.955078125
0 0.6640625 0.126953125 0.66015625 0.080078125 0.611328125 0.083984375 0.615234375 0.1328125 0.6640625 0.126953125