0 0.033203125 0.03125 0.18359375 0.03125 0.18359375 0 0.033203125 0
0 0.408203125 0.005859375 0.408203125 0 0.279296875 0 0.279296875 0.005859375
0 0.314453125 0.205078125 0.2734375 0.205078125 0.2734375 0.23828125 0.015625 0.23828125 0.015625 0.291015625 0.314453125 0.291015625
0 0.228515625 0.50390625 0.1796875 0.50390625 0.1796875 0.53515625 0.00390625 0.53515625 0.00390625 0.583984375 0.0234375 0.583984375 0.0234375 0.59375 0.068359375 0.59375 0.068359375 0.5859375 0.10546875 0.5859375 0.10546875 0.59375 0.16796875 0.59375 0.16796875 0.583984375 0.197265625 0.583984375 0.197265625 0.59375 0.228515625 0.59375 0.228515625 0.53515625
0 0.1484375 0.69140625 0.1484375 0.703125 0.134765625 0.703125 0.134765625 0.724609375 0 0.724609375 0 0.779296875 0.16796875 0.779296875 0.16796875 0.724609375 0.18359375 0.724609375 0.18359375 0.697265625 0.173828125 0.697265625 0.173828125 0.69140625
0 0.119140625 0.919921875 0.119140625 0.890625 0.064453125 0.890625 0.064453125 0.919921875 0.029296875 0.919921875 0.029296875 0.912109375 0 0.912109375 0 0.966796875 0.09765625 0.966796875 0.09765625 0.943359375 0.11328125 0.943359375 0.11328125 0.919921875
0 0.52734375 0.8515625 0.263671875 0.85546875 0.265625 0.9140625 0.52734375 0.91015625
0 0.56640625 0.8515625 0.52734375 0.8515625 0.52734375 0.91015625 0.568359375 0.91015625
0 0.4140625 0.947265625 0.39453125 1 0.556640625 1 0.43359375 0.953125
0 0.486328125 0.974609375 0.501953125 0.931640625 0.451171875 0.912109375 0.43359375 0.953125
0 0.333984375 0.583984375 0.333984375 0.650390625 0.728515625 0.654296875 0.73046875 0.609375 0.662109375 0.587890625 0.44921875 0.5859375
0 0.76953125 0.521484375 0.771484375 0.47265625 0.75390625 0.47265625 0.75390625 0.455078125 0.416015625 0.4453125 0.416015625 0.46484375 0.388671875 0.462890625 0.38671875 0.51171875 0.6953125 0.51953125
0 0.46484375 0.513671875 0.44921875 0.5859375 0.662109375 0.587890625 0.6875 0.595703125 0.6953125 0.51953125
0 0.435546875 0.24609375 0.43359375 0.3125 0.830078125 0.31640625 0.830078125 0.271484375 0.76171875 0.25 0.548828125 0.248046875
0 0.869140625 0.18359375 0.87109375 0.134765625 0.853515625 0.134765625 0.853515625 0.1171875 0.517578125 0.109375 0.515625 0.126953125 0.48828125 0.126953125 0.486328125 0.173828125 0.794921875 0.181640625
0 0.564453125 0.17578125 0.548828125 0.248046875 0.76171875 0.25 0.787109375 0.2578125 0.794921875 0.181640625
0 0.998046875 0.998046875 1 0.875 0.91796875 0.873046875 0.91796875 0.998046875 0.998046875 0.998046875
0 0.998046875 0.86328125 1 0.708984375 0.94140625 0.708984375 0.939453125 0.86328125 0.998046875 0.86328125