0 0.8359375 0.240234375 0.8828125 0.232421875 0.8359375 0 0.787109375 0
0 0.939453125 0.2265625 1 0.19140625 1 0.154296875 0.923828125 0.19921875
0 0.98046875 0.26171875 1 0.25390625 1 0.220703125 0.970703125 0.23046875
0 0.490234375 0.69921875 0.693359375 0.591796875 0.63671875 0.484375 0.43359375 0.591796875
0 0.64453125 1 0.7265625 1 0.7109375 0.966796875
0 0.005859375 0.994140625 0.05078125 0.97265625 0.041015625 0.955078125 0 0.974609375 0 0.98046875
0 0.015625 0.94921875 0.0078125 0.869140625 0 0.869140625 0 0.94921875
0 0.0546875 0.21484375 0 0.21875 0 0.26953125 0.05859375 0.265625
0 0.083984375 0.376953125 0.072265625 0.263671875 0.025390625 0.267578125 0.037109375 0.380859375 0.072265625 0.37890625
0 0.0234375 0.3828125 0.025390625 0.40625 0.07421875 0.400390625 0.072265625 0.37890625 0.037109375 0.380859375
0 0.01171875 0.400390625 0.009765625 0.3671875 0 0.3671875 0 0.400390625
0 0.16796875 0.986328125 0.298828125 0.916015625 0.283203125 0.884765625 0.15234375 0.953125
0 0.052734375 0.775390625 0.177734375 0.70703125 0.158203125 0.669921875 0.03125 0.736328125
0 0.26171875 0.85546875 0.3046875 0.833984375 0.2421875 0.712890625 0.19921875 0.734375
0 0.08203125 0.966796875 0.123046875 0.94140625 0.046875 0.814453125 0.005859375 0.837890625
0 0.486328125 0.931640625 0.576171875 0.888671875 0.564453125 0.865234375 0.474609375 0.91015625
0 0.724609375 0.759765625 0.796875 0.72265625 0.779296875 0.689453125 0.55078125 0.806640625 0.568359375 0.841796875 0.662109375 0.79296875 0.66796875 0.8046875 0.732421875 0.771484375
0 0.04296875 0.142578125 0.03515625 0.09375 0 0.09765625 0 0.1484375
0 0.9140625 0.484375 0.892578125 0.49609375 0.90625 0.5234375 0.9296875 0.509765625
0 0.9609375 0.458984375 0.9140625 0.484375 0.9296875 0.509765625 0.974609375 0.486328125
0 0.994140625 0.59765625 0.953125 0.619140625 0.962890625 0.638671875 1 0.619140625 1 0.609375