0 0.771484375 0.64453125 0.884765625 0.640625 0.8828125 0.59765625 0.76953125 0.6015625
0 0.89453125 0.638671875 0.974609375 0.63671875 0.97265625 0.59375 0.89453125 0.595703125
0 0.931640625 0.5625 0.927734375 0.51953125 0.751953125 0.529296875 0.75390625 0.572265625 0.908203125 0.5625 0.91015625 0.572265625 0.92578125 0.572265625 0.92578125 0.5625
0 0.71484375 0.501953125 0.88671875 0.490234375 0.884765625 0.447265625 0.7109375 0.458984375
0 1 0.431640625 0.92578125 0.431640625 0.92578125 0.474609375 1 0.474609375 1 0.435546875
0 0.509765625 0.01953125 0.580078125 0.00390625 0.5859375 0.033203125 0.611328125 0.02734375 0.60546875 0 0.505859375 0
0 0.51171875 0.025390625 0.505859375 0 0.45703125 0 0.40234375 0.01171875 0.41015625 0.048828125 0.400390625 0.05078125 0.400390625 0.04296875 0.400390625 0.037109375 0.3984375 0.03125 0.396484375 0.029296875 0.392578125 0.029296875 0.390625 0.03125 0.38671875 0.03515625 0.3828125 0.041015625 0.380859375 0.048828125 0.37890625 0.05859375 0.37890625 0.06640625 0.376953125 0.07421875 0.37890625 0.08203125 0.380859375 0.0859375 0.3828125 0.087890625 0.38671875 0.087890625 0.376953125 0.1015625 0.408203125 0.125 0.4140625 0.119140625 0.515625 0.201171875 0.5390625 0.171875 0.509765625 0.1484375 0.521484375 0.134765625 0.501953125 0.12109375 0.4921875 0.1328125 0.4375 0.08984375 0.443359375 0.041015625
0 0.515625 0.236328125 0.669921875 0.32421875 0.693359375 0.287109375 0.537109375 0.197265625
0 0.919921875 0.384765625 0.921875 0.3515625 0.884765625 0.34765625 0.8828125 0.3828125
0 0.88671875 0.333984375 0.7734375 0.326171875 0.744140625 0.3125 0.71875 0.35546875 0.755859375 0.376953125 0.8828125 0.3828125 0.884765625 0.34765625
0 0.591796875 0.1484375 0.71875 0.21875 0.736328125 0.1875 0.611328125 0.115234375
0 0.759765625 0.259765625 0.880859375 0.28125 0.888671875 0.23046875 0.767578125 0.2109375
0 0.638671875 0.068359375 0.74609375 0.138671875 0.767578125 0.103515625 0.66015625 0.03515625
0 0.51953125 0.125 0.556640625 0.083984375 0.537109375 0.06640625 0.5 0.107421875
0 0.748046875 0.056640625 0.876953125 0.0234375 0.87109375 0 0.8046875 0 0.73828125 0.017578125
0 0.884765625 0.134765625 1 0.1015625 1 0.0546875 0.873046875 0.08984375
0 0.919921875 0.01953125 1 0 1 0 0.9140625 0
0 0.935546875 0.26953125 0.935546875 0.294921875 0.96484375 0.294921875 0.96484375 0.26953125 0.947265625 0.26953125
0 1 0.267578125 1 0.1875 0.947265625 0.1875 0.947265625 0.26953125 0.96484375 0.26953125
0 0.16015625 0.078125 0.1796875 0.08984375 0.185546875 0.080078125 0.166015625 0.068359375
0 0.09765625 0.123046875 0.107421875 0.12109375 0.107421875 0.11328125 0.095703125 0.11328125
0 0.982421875 0.759765625 0.998046875 0.7421875 0.984375 0.732421875 0.96875 0.751953125
0 0.89453125 0.205078125 0.9140625 0.19921875 0.904296875 0.16015625 0.8828125 0.166015625
0 0.08984375 0.27734375 0.08984375 0.060546875 0 0.060546875 0 0.27734375 0.08984375 0.27734375
0 0.572265625 0.3984375 0.5859375 0.369140625 0.54296875 0.349609375 0.529296875 0.37890625 0.572265625 0.3984375