0 0.091796875 0.8359375 0 0.890625 0 0.95703125 0.013671875 0.94921875 0.005859375 0.939453125 0.01953125 0.931640625 0.025390625 0.94140625 0.060546875 0.921875 0.056640625 0.912109375 0.07421875 0.900390625 0.080078125 0.91015625 0.123046875 0.884765625
0 0.3359375 0.7421875 0.34765625 0.736328125 0.322265625 0.69140625 0.1484375 0.794921875 0.173828125 0.837890625 0.193359375 0.826171875 0.197265625 0.8359375 0.220703125 0.8203125 0.216796875 0.8125 0.248046875 0.794921875 0.251953125 0.802734375 0.27734375 0.7890625 0.2734375 0.78125 0.3046875 0.76171875 0.30859375 0.76953125 0.341796875 0.75
0 0.482421875 0.662109375 0.5 0.65234375 0.470703125 0.6015625 0.359375 0.666015625 0.38671875 0.71484375 0.400390625 0.70703125 0.40625 0.716796875 0.435546875 0.69921875 0.4296875 0.69140625 0.458984375 0.673828125 0.46484375 0.681640625 0.486328125 0.669921875
0 0.591796875 0.625 0.68359375 0.57421875 0.650390625 0.517578125 0.560546875 0.568359375
0 0.568359375 0.8828125 0.658203125 0.833984375 0.626953125 0.775390625 0.537109375 0.826171875
0 0.423828125 0.97265625 0.5234375 0.91796875 0.498046875 0.87109375 0.3984375 0.92578125
0 0.3359375 0.96484375 0.271484375 1 0.353515625 1
0 0.548828125 0.3125 0.55859375 0.328125 0.552734375 0.33203125 0.564453125 0.3515625 0.59375 0.3359375 0.603515625 0.3515625 0.654296875 0.322265625 0.64453125 0.306640625 0.666015625 0.29296875 0.65625 0.2734375 0.646484375 0.279296875 0.63671875 0.263671875
0 0.41015625 0.4609375 0.427734375 0.453125 0.40234375 0.40625 0.26953125 0.478515625 0.294921875 0.525390625 0.3203125 0.51171875 0.326171875 0.521484375 0.353515625 0.5078125 0.34765625 0.49609375 0.384765625 0.4765625 0.390625 0.486328125 0.416015625 0.47265625
0 0.07421875 0.6796875 0.244140625 0.580078125 0.216796875 0.533203125 0.046875 0.6328125
0 0.5703125 0.115234375 0.6640625 0.060546875 0.630859375 0.00390625 0.537109375 0.05859375
0 0.44921875 0.23828125 0.474609375 0.22265625 0.44921875 0.18359375 0.31640625 0.26171875 0.33984375 0.302734375 0.359375 0.291015625 0.37109375 0.3125 0.40234375 0.294921875 0.388671875 0.2734375 0.41796875 0.255859375 0.427734375 0.271484375 0.45703125 0.25390625
0 0.189453125 0.380859375 0.20703125 0.369140625 0.181640625 0.328125 0 0.4375 0 0.5078125 0.0234375 0.494140625 0.017578125 0.484375 0.044921875 0.466796875 0.05078125 0.4765625 0.078125 0.4609375 0.07421875 0.451171875 0.107421875 0.431640625 0.11328125 0.439453125 0.14453125 0.419921875 0.138671875 0.412109375 0.166015625 0.39453125 0.171875 0.404296875 0.1953125 0.388671875
0 0.1015625 0.130859375 0.076171875 0.0859375 0 0.130859375 0 0.19140625
0 0.296875 0 0.20703125 0 0.140625 0.0390625 0.1640625 0.080078125 0.185546875 0.06640625 0.197265625 0.0859375 0.2265625 0.068359375 0.21484375 0.048828125 0.240234375 0.033203125 0.251953125 0.052734375 0.28125 0.03515625 0.26953125 0.015625
0 0.76953125 0.482421875 0.875 0.6484375 1 0.568359375 1 0.095703125 0.9375 0 0.794921875 0 0.767578125 0.017578125