0 0.62109375 0.046875 0.8828125 0.052734375 0.8828125 0 0.837890625 0 0.62109375 0
0 0.3515625 0.03515625 0.603515625 0.04296875 0.603515625 0 0.3515625 0
0 0.404296875 0.154296875 0.40625 0.083984375 0.34765625 0.08203125 0.34375 0.208984375 0.59765625 0.216796875 0.599609375 0.16015625
0 0.388671875 0.43359375 0.392578125 0.251953125 0.33203125 0.251953125 0.326171875 0.486328125 0.578125 0.494140625 0.580078125 0.439453125
0 0.587890625 0.2578125 0.494140625 0.255859375 0.4921875 0.279296875 0.587890625 0.28125
0 0.244140625 0.68359375 0.556640625 0.693359375 0.55859375 0.630859375 0.24609375 0.623046875
0 0.228515625 0.85546875 0.560546875 0.865234375 0.5625 0.8046875 0.23046875 0.796875
0 0.20703125 1 0.5390625 1 0.541015625 0.966796875 0.208984375 0.958984375
0 0.17578125 0.65625 0.177734375 0.615234375 0 0.609375 0 0.650390625
0 0 0.52734375 0 0.609375 0.189453125 0.615234375 0.19140625 0.533203125
0 0.08203125 0.853515625 0.064453125 1 0.130859375 1 0.146484375 0.861328125
0 0 0.7734375 0 0.84375 0.146484375 0.861328125 0.154296875 0.791015625
0 0.8828125 0.00390625 0.91796875 0.005859375 0.91796875 0 0.8828125 0
0 0.650390625 0.26171875 0.716796875 0.263671875 0.71875 0.228515625 0.65234375 0.2265625
0 0.740234375 0.33984375 0.779296875 0.341796875 0.78125 0.234375 0.744140625 0.234375
0 0.625 0.43359375 0.62109375 0.546875 0.685546875 0.546875 0.689453125 0.435546875 0.646484375 0.435546875
0 0.59375 0.38671875 0.591796875 0.43359375 0.646484375 0.435546875 0.646484375 0.388671875 0.634765625 0.388671875
0 0.587890625 0.310546875 0.587890625 0.28125 0.48828125 0.279296875 0.486328125 0.357421875 0.568359375 0.359375 0.568359375 0.38671875 0.634765625 0.388671875 0.634765625 0.361328125 0.716796875 0.365234375 0.716796875 0.314453125
0 0.84375 0.521484375 0.84375 0.564453125 0.71484375 0.560546875 0.712890625 0.623046875 0.86328125 0.62890625 0.8671875 0.5234375
0 0.25 0.109375 0.25390625 0.04296875 0.2109375 0.041015625 0.212890625 0.021484375 0.19140625 0.021484375 0.19140625 0 0.0078125 0 0.0078125 0.01171875 0 0.01171875 0 0.083984375 0.021484375 0.083984375 0.021484375 0.0625 0.1640625 0.06640625 0.1640625 0.107421875
0 0.240234375 0.16015625 0 0.15234375 0 0.21484375 0.177734375 0.21875 0.134765625 0.4921875 0.197265625 0.501953125 0.23828125 0.240234375
0 0.01171875 0.25 0.01171875 0.240234375 0 0.240234375 0 0.392578125 0.087890625 0.39453125 0.091796875 0.25390625
0 0.720703125 0.173828125 0.720703125 0.05859375 0.6875 0.05859375 0.6875 0.173828125 0.720703125 0.173828125
0 0.298828125 0.787109375 0.30078125 0.724609375 0.23828125 0.72265625 0.236328125 0.78515625 0.298828125 0.787109375
0 0.322265625 0.62109375 0.32421875 0.533203125 0.263671875 0.533203125 0.263671875 0.619140625 0.322265625 0.62109375
0 0.814453125 0.80078125 0.81640625 0.732421875 0.625 0.724609375 0.62109375 0.79296875 0.814453125 0.80078125