0 0.033203125 0.994140625 0.021484375 0.93359375 0 0.9375 0 1 0.00390625 1
0 0.9375 0.22265625 1 0.208984375 1 0.14453125 0.923828125 0.16015625
0 0.380859375 0.017578125 0.32421875 0.02734375 0.328125 0.044921875 0.119140625 0.0859375 0.1015625 0.08984375 0.09765625 0.072265625 0.0390625 0.083984375 0.05078125 0.14453125 0.392578125 0.078125
0 0.970703125 0.41796875 1 0.412109375 1 0.34765625 0.958984375 0.357421875
0 0.259765625 0.380859375 0.44921875 0.34375 0.4375 0.291015625 0.248046875 0.328125
0 0.107421875 0.3828125 0.189453125 0.3671875 0.1796875 0.318359375 0.09765625 0.3359375
0 0.646484375 0.109375 0.84375 0.0703125 0.83203125 0.013671875 0.634765625 0.052734375
0 0.861328125 0.265625 0.86328125 0.283203125 0.703125 0.314453125 0.701171875 0.296875 0.65234375 0.306640625 0.666015625 0.375 0.923828125 0.32421875 0.91015625 0.255859375
0 0.564453125 0.173828125 0.56640625 0.18359375 0.51171875 0.193359375 0.509765625 0.185546875 0.453125 0.197265625 0.466796875 0.259765625 0.62890625 0.228515625 0.6171875 0.1640625
0 0.931640625 0.041015625 1 0.02734375 1 0 0.921875 0
0 0.142578125 0.177734375 0.341796875 0.13671875 0.33203125 0.08984375 0.05078125 0.14453125 0.06640625 0.2265625 0.1484375 0.2109375
0 0.0390625 0.083984375 0.09765625 0.072265625 0.1015625 0.08984375 0.119140625 0.0859375 0.1015625 0 0.021484375 0
0 0.759765625 0.638671875 0.966796875 0.59765625 0.95703125 0.54296875 0.748046875 0.583984375
0 0.537109375 0.87109375 0.751953125 0.830078125 0.740234375 0.7734375 0.525390625 0.81640625 0.537109375 0.8671875
0 0.302734375 0.744140625 0.498046875 0.705078125 0.486328125 0.646484375 0.29296875 0.685546875
0 0.46484375 0.830078125 0.197265625 0.884765625 0.2109375 0.9453125 0.4765625 0.892578125 0.474609375 0.87890625
0 0.81640625 0.765625 0.828125 0.818359375 1 0.78515625 1 0.728515625
0 0.166015625 0.75 0.2421875 0.734375 0.234375 0.6875 0.158203125 0.703125
0 0.27734375 0.58203125 0.458984375 0.546875 0.447265625 0.484375 0.265625 0.51953125
0 0.515625 0.689453125 0.734375 0.64453125 0.72265625 0.583984375 0.50390625 0.626953125
0 0.123046875 0.5859375 0.208984375 0.5703125 0.19921875 0.51953125 0.11328125 0.537109375
0 0.197265625 0.880859375 0.197265625 0.884765625 0.46484375 0.830078125 0.474609375 0.87890625 0.537109375 0.8671875 0.525390625 0.81640625
0 0.248046875 0.66796875 0.234375 0.599609375 0.130859375 0.62109375 0.142578125 0.6875 0.248046875 0.66796875
0 0.279296875 0.833984375 0.265625 0.748046875 0.162109375 0.765625 0.17578125 0.849609375 0.279296875 0.833984375