0 0.8515625 0.0546875 1 0.056640625 1 0 0.8515625 0
0 0.66015625 0.244140625 0.93359375 0.24609375 0.935546875 0.1796875 0.66015625 0.17578125
0 0.48828125 0.40625 0.927734375 0.41015625 0.927734375 0.33984375 0.490234375 0.3359375
0 0.515625 0.595703125 0.91015625 0.599609375 0.91015625 0.525390625 0.517578125 0.521484375
0 0.9609375 0.775390625 0.9609375 0.708984375 0.626953125 0.70703125 0.626953125 0.771484375 0.953125 0.775390625
0 0.77734375 0.8828125 0.77734375 0.94921875 0.955078125 0.951171875 0.955078125 0.884765625 0.900390625 0.884765625
0 0.8984375 0.951171875 0.8984375 1 0.951171875 1 0.951171875 0.951171875
0 0.900390625 0.7734375 0.900390625 0.884765625 0.953125 0.884765625 0.953125 0.775390625
0 0.580078125 1 0.66796875 1 0.42578125 0.72265625 0.376953125 0.765625
0 0.400390625 0.6796875 0.421875 0.662109375 0.34765625 0.578125 0.400390625 0.53125 0.34765625 0.46875 0.23046875 0.5703125 0.234375 0.6015625 0.353515625 0.740234375 0.41015625 0.69140625
0 0.23046875 0.775390625 0.115234375 0.771484375 0.109375 1 0.22265625 1
0 0.041015625 0.044921875 0.099609375 0.111328125 0.228515625 0 0.091796875 0
0 0.408203125 0 0.298828125 0 0.421875 0.142578125 0.484375 0.087890625 0.482421875 0.0859375
0 0.482421875 0.0859375 0.537109375 0.0390625 0.501953125 0 0.40625 0
0 0 0.271484375 0 0.279296875 0.029296875 0.31640625 0.10546875 0.25 0.0703125 0.2109375
0 0.037109375 0.171875 0 0.203125 0 0.271484375 0.0703125 0.2109375
0 0 0.279296875 0 0.333984375 0.076171875 0.421875 0.162109375 0.345703125 0.130859375 0.30859375 0.0703125 0.361328125 0.029296875 0.31640625
0 0 0.33203125 0 0.38671875 0.041015625 0.435546875 0.068359375 0.412109375
0 0.03515625 0.05078125 0 0.080078125 0 0.203125 0.068359375 0.14453125 0.087890625 0.169921875 0.1171875 0.14453125 0.1015625 0.125
0 0.1015625 0.125 0.244140625 0.291015625 0.34765625 0.201171875 0.32421875 0.17578125 0.287109375 0.20703125 0.166015625 0.068359375
0 0.1171875 0.14453125 0.0703125 0.18359375 0.11328125 0.232421875 0.16015625 0.19140625
0 0.13671875 0.2109375 0.11328125 0.232421875 0.158203125 0.28515625 0.181640625 0.263671875
0 0.181640625 0.263671875 0.14453125 0.294921875 0.185546875 0.341796875 0.22265625 0.310546875
0 0.244140625 0.291015625 0.16015625 0.19140625 0.13671875 0.2109375 0.22265625 0.310546875 0.23828125 0.294921875
0 0.265625 1 0.375 1 0.322265625 0.9375 0.259765625 0.9921875
0 0.40234375 1 0.455078125 1 0.28515625 0.802734375 0.255859375 0.828125
0 0.78125 1 0.78125 0.9765625 0.705078125 0.974609375 0.705078125 1 0.78125 1