0 0.884765625 0.4921875 0.828125 0.517578125 0.908203125 0.689453125 0.962890625 0.666015625 0.962890625 0.6640625
0 0.845703125 0.443359375 0.90625 0.412109375 0.830078125 0.26171875 0.76953125 0.29296875
0 0.875 0.470703125 0.962890625 0.6640625 1 0.646484375 1 0.412109375
0 0.689453125 0.060546875 0.732421875 0.041015625 0.712890625 0 0.662109375 0
0 0.9765625 0.794921875 0.986328125 0.791015625 0.951171875 0.7109375 0.90625 0.73046875 0.9609375 0.8515625 0.994140625 0.8359375
0 0.068359375 0.79296875 0 0.806640625 0 0.845703125 0.076171875 0.830078125
0 0 0.599609375 0 0.806640625 0.04296875 0.798828125
0 0.044921875 0.91796875 0.02734375 0.83984375 0 0.845703125 0 0.92578125
0 0.8984375 0.19140625 0.91796875 0.193359375 0.921875 0.140625 0.90234375 0.138671875
0 0.98046875 0.185546875 1 0.1875 1 0.146484375 0.98828125 0.14453125
0 1 0.345703125 1 0.287109375 0.962890625 0.287109375 0.96484375 0.34765625 1 0.345703125