0 0.798828125 0.67578125 0.70703125 0.95703125 0.7734375 0.978515625 0.765625 1 0.890625 1 0.904296875 0.962890625 0.9453125 0.974609375 0.958984375 0.9296875 1 0.94140625 1 0.7421875
0 0.884765625 0.00390625 0.87109375 0.044921875 0.919921875 0.064453125 0.935546875 0.0234375
0 0.935546875 0.072265625 0.9140625 0.13671875 1 0.166015625 1 0.09375
0 0.8359375 0.06640625 0.767578125 0.044921875 0.75 0.099609375 0.81640625 0.123046875
0 0.837890625 0.05859375 0.81640625 0.123046875 0.91015625 0.15234375 0.9296875 0.087890625
0 0.79296875 0.015625 0.859375 0.041015625 0.875 0 0.798828125 0
0 0.962890625 0.15234375 0.947265625 0.201171875 0.994140625 0.216796875 1 0.19921875 1 0.166015625
0 0.91015625 0.15234375 0.869140625 0.138671875 0.861328125 0.1640625 0.94921875 0.19140625 0.962890625 0.15234375 0.9140625 0.13671875
0 0.50390625 0.375 0.513671875 0.341796875 0.44921875 0.3203125 0.4375 0.353515625
0 0.44140625 0.55859375 0.458984375 0.509765625 0.384765625 0.484375 0.3671875 0.533203125
0 0.322265625 0.943359375 0.369140625 0.80859375 0.337890625 0.796875 0.291015625 0.931640625
0 0.0390625 0.681640625 0.1171875 0.443359375 0.07421875 0.4296875 0 0.66796875
0 0.6756298449612403 0.998046875 0.6960695251937985 0.9538366036821705 0.4303536821705427 0.8879754118217054 0.39325944767441867 0.998046875