0 0.892578125 0.412109375 1 0.439453125 1 0.166015625 0.9609375 0.15625
0 0.69921875 0.201171875 0.6328125 0.197265625 0.62890625 0.28125 0.681640625 0.28515625 0.681640625 0.298828125 0.732421875 0.30078125 0.734375 0.287109375 0.783203125 0.291015625 0.7890625 0.20703125 0.72265625 0.203125 0.720703125 0.24609375 0.697265625 0.24609375
0 0.55078125 0.32421875 0.54296875 0.3671875 0.5546875 0.412109375 0.712890625 0.443359375 0.73046875 0.359375
0 0.875 0.77734375 1 0.810546875 1 0.751953125 0.890625 0.72265625
0 0.84375 0.58984375 1 0.634765625 1 0.57421875 0.859375 0.53515625
0 0.392578125 0.076171875 0.615234375 0.107421875 0.62890625 0 0.40234375 0
0 0.400390625 0.111328125 0.38671875 0.201171875 0.5390625 0.224609375 0.552734375 0.134765625
0 0.38671875 0.201171875 0.375 0.27734375 0.3984375 0.28125 0.39453125 0.30859375 0.443359375 0.31640625 0.44921875 0.2890625 0.55859375 0.306640625 0.5703125 0.228515625 0.5390625 0.224609375
0 0.173828125 0.158203125 0.21875 0.185546875 0.32421875 0 0.26171875 0
0 0.236328125 0.046875 0.26171875 0 0.15234375 0
0 0.03515625 0.083984375 0.11328125 0.126953125 0.12890625 0.099609375 0.115234375 0.091796875 0.125 0.07421875 0.109375 0.064453125 0.14453125 0 0.08203125 0
0 0.32421875 0.060546875 0.2734375 0.1484375 0.306640625 0.166015625 0.357421875 0.080078125
0 0.2734375 0.1484375 0.2421875 0.201171875 0.318359375 0.24609375 0.349609375 0.19140625
0 0.99609375 0.712890625 1 0.6640625 0.896484375 0.634765625 0.8828125 0.68359375 0.99609375 0.712890625
0 0.77734375 0.552734375 0.794921875 0.44921875 0.76171875 0.443359375 0.744140625 0.546875 0.77734375 0.552734375
0 0.380859375 0.177734375 0.404296875 0.09375 0.365234375 0.083984375 0.34375 0.16796875 0.380859375 0.177734375
0 0.67578125 0.138671875 0.68359375 0.078125 0.63671875 0.072265625 0.630859375 0.134765625 0.67578125 0.138671875