0 0.828125 0.158203125 0.826171875 0.193359375 0.8046875 0.19140625 0.802734375 0.251953125 0.81640625 0.251953125 0.81640625 0.287109375 0.919921875 0.2890625 0.919921875 0.25390625 0.931640625 0.25390625 0.931640625 0.19140625 0.919921875 0.19140625 0.921875 0.16015625
0 0.82421875 0.91015625 0.71875 1 0.802734375 1 0.859375 0.951171875
0 0.865234375 0.947265625 0.828125 0.978515625 0.845703125 1 0.908203125 1
0 0.7578125 0.703125 0.78125 0.685546875 0.75 0.642578125 0.7265625 0.66015625
0 0.92578125 0.82421875 0.890625 0.857421875 0.9375 0.908203125 0.97265625 0.875
0 0.97265625 0.875 0.947265625 0.8984375 0.990234375 0.947265625 1 0.9375 1 0.90234375
0 0.75 0.75 0.8046875 0.728515625 0.794921875 0.69921875 0.73828125 0.720703125
0 0.8046875 0.88671875 0.853515625 0.853515625 0.8359375 0.828125 0.787109375 0.861328125
0 0.859375 0.86328125 0.90625 0.830078125 0.8828125 0.796875 0.8359375 0.828125 0.853515625 0.853515625
0 0.830078125 0.603515625 0.912109375 0.595703125 0.90625 0.548828125 0.826171875 0.556640625
0 0.853515625 0.759765625 0.900390625 0.716796875 0.86328125 0.677734375 0.81640625 0.72265625
0 0.935546875 0.681640625 0.9765625 0.64453125 0.9453125 0.611328125 0.90625 0.650390625
0 1 0.6953125 1 0.65625 0.98046875 0.673828125
0 0.96484375 0.5859375 1 0.58203125 1 0.560546875 0.998046875 0.5390625 0.9609375 0.541015625 0.96484375 0.580078125
0 0.9609375 0.541015625 0.916015625 0.544921875 0.919921875 0.583984375 0.96484375 0.580078125
0 0.767578125 0.759765625 0.7890625 0.78515625 0.822265625 0.759765625 0.802734375 0.732421875
0 0.9921875 0.78515625 0.966796875 0.80859375 1 0.841796875 1 0.79296875
0 0.724609375 0.61328125 0.81640625 0.6015625 0.80859375 0.552734375 0.716796875 0.564453125
0 0.83203125 0.625 0.828125 0.62109375 0.779296875 0.6640625 0.80859375 0.69921875 0.814453125 0.693359375 0.810546875 0.689453125 0.826171875 0.67578125 0.830078125 0.6796875 0.84765625 0.6640625 0.845703125 0.66015625 0.861328125 0.64453125 0.865234375 0.6484375 0.873046875 0.640625 0.84765625 0.611328125
0 0.720703125 0.6328125 0.712890625 0.615234375 0.693359375 0.626953125 0.701171875 0.642578125
0 0.912109375 0.4140625 0.912109375 0.390625 0.8359375 0.388671875 0.837890625 0.35546875 0.744140625 0.353515625 0.740234375 0.443359375 0.763671875 0.443359375 0.76171875 0.474609375 0.8359375 0.4765625 0.8359375 0.466796875 0.853515625 0.46875 0.853515625 0.4765625 0.8828125 0.478515625 0.8828125 0.470703125 0.927734375 0.470703125 0.927734375 0.4609375 0.951171875 0.4609375 0.953125 0.416015625
0 0.416015625 0.171875 0.4453125 0.171875 0.4453125 0.16015625 0.416015625 0.16015625
0 0.509765625 0.103515625 0.51171875 0.083984375 0.46875 0.080078125 0.466796875 0.099609375
0 0.404296875 0.099609375 0.404296875 0.16015625 0.46875 0.16015625 0.466796875 0.099609375
0 0.0234375 0.994140625 0.0234375 0.984375 0.064453125 0.98828125 0.0625 0.998046875 0.078125 1 0.095703125 1 0.099609375 0.95703125 0.064453125 0.955078125 0.06640625 0.939453125 0.033203125 0.935546875 0.033203125 0.9453125 0 0.94140625 0 0.990234375
0 0.130859375 0.990234375 0.130859375 1 0.20703125 1 0.208984375 0.9921875
0 0.2578125 0.87109375 0.2578125 0.880859375 0.29296875 0.88671875 0.294921875 0.84765625 0.30859375 0.841796875 0.310546875 0.822265625 0.275390625 0.8203125 0.275390625 0.8125 0.25390625 0.814453125 0.251953125 0.84765625 0.228515625 0.845703125 0.2265625 0.876953125
0 0.193359375 0.9453125 0.189453125 0.974609375 0.224609375 0.97265625 0.228515625 0.986328125 0.2578125 0.98046875 0.25390625 0.9453125 0.275390625 0.943359375 0.2734375 0.91796875 0.23828125 0.91796875 0.23828125 0.90625 0.208984375 0.90625 0.2109375 0.94140625
0 0.0859375 0.8125 0.083984375 0.77734375 0.017578125 0.77734375 0.017578125 0.748046875 0 0.748046875 0 0.814453125
0 0 0.7109375 0 0.748046875 0.03125 0.748046875 0.03515625 0.712890625
0 0.609375 0.931640625 0.6484375 0.90234375 0.611328125 0.85546875 0.57421875 0.884765625
0 0.482421875 0.509765625 0.501953125 0.482421875 0.484375 0.470703125 0.46484375 0.498046875
0 0.517578125 0.353515625 0.52734375 0.34765625 0.517578125 0.328125 0.505859375 0.3359375
0 0.69921875 0.8359375 0.67578125 0.806640625 0.638671875 0.837890625 0.662109375 0.8671875
0 0.71875 0.94140625 0.732421875 0.927734375 0.7109375 0.90234375 0.697265625 0.916015625
0 0.71875 0.943359375 0.6796875 0.9765625 0.69921875 1 0.71875 1 0.74609375 0.9765625
0 0.1953125 0.748046875 0.349609375 0.748046875 0.349609375 0.65625 0.1953125 0.65625
0 0.576171875 0.958984375 0.546875 0.9375 0.5 1 0.544921875 1
0 0.625 0.478515625 0.646484375 0.486328125 0.65234375 0.466796875 0.6328125 0.458984375
0 0.103515625 0.314453125 0.07421875 0.35546875 0.07421875 0.404296875 0.095703125 0.42578125 0.146484375 0.423828125 0.17578125 0.384765625 0.17578125 0.34375 0.130859375 0.314453125
0 0.982421875 0.732421875 0.9453125 0.6953125 0.8828125 0.755859375 0.91796875 0.794921875 0.982421875 0.732421875
0 0.4765625 1 0.4765625 0.970703125 0.431640625 0.970703125 0.4296875 1 0.4765625 1