0 0.33203125 0.185546875 0.341796875 0.181640625 0.322265625 0.123046875 0.181640625 0.166015625 0.19921875 0.224609375 0.2109375 0.22265625 0.216796875 0.244140625 0.337890625 0.20703125
0 0.375 0.044921875 0.498046875 0.0078125 0.494140625 0 0.359375 0
0 0.02734375 0.1328125 0 0.140625 0 0.232421875 0.052734375 0.21875
0 0.08984375 0.11328125 0.0703125 0.046875 0 0.06640625 0 0.140625
0 0.1171875 0.19921875 0 0.234375 0 0.30078125 0.134765625 0.259765625
0 0.0546875 0 0 0 0 0.046875 0.005859375 0.06640625 0.0703125 0.046875
0 0.08984375 0.11328125 0.02734375 0.1328125 0.052734375 0.21875 0.1171875 0.19921875
0 0.359375 0.525390625 0.6015625 0.447265625 0.583984375 0.392578125 0.341796875 0.46875
0 0.12890625 0.75390625 0.375 0.681640625 0.357421875 0.625 0.111328125 0.697265625
0 0.412109375 0.69921875 0.71875 0.6015625 0.701171875 0.544921875 0.392578125 0.642578125
0 0.328125 0.509765625 0.310546875 0.455078125 0.072265625 0.525390625 0.087890625 0.580078125
0 0.4765625 0.84375 0.767578125 0.75 0.75 0.693359375 0.45703125 0.787109375
0 0.05859375 0.841796875 0.04296875 0.787109375 0 0.798828125 0 0.857421875
0 0.177734375 0.90625 0.421875 0.833984375 0.40625 0.77734375 0.16015625 0.849609375
0 0.525390625 1 0.59375 1 0.8125 0.931640625 0.79296875 0.87109375 0.513671875 0.9609375
0 0.93359375 0.771484375 1 0.751953125 1 0.6875 0.916015625 0.712890625
0 0.84375 0.392578125 1 0.34765625 1 0.28515625 0.828125 0.3359375
0 1 0.95703125 1 0.888671875 0.96484375 0.900390625 0.984375 0.962890625
0 0.90234375 0.580078125 1 0.55078125 1 0.48828125 0.884765625 0.5234375
0 0.8515625 0.482421875 0.88671875 0.47265625 0.865234375 0.400390625 0.830078125 0.41015625
0 0.49318677325581395 0.998046875 0.4735041182170543 0.9364250242248062 0.23049903100775196 0.998046875 0.3046875 0.998046875
0 0.90234375 0.04296875 0.90234375 0 0.734375 0 0.734375 0.04296875
0 0.11694525193798452 0.998046875 0.10104772286821703 0.9333969234496123 0 0.9636779312015503 0 1