0 0.609375 0.427734375 0.369140625 0.474609375 0.45703125 0.927734375 0.70703125 0.87890625 0.697265625 0.837890625 0.689453125 0.837890625 0.61328125 0.44921875
0 0.603515625 0.400390625 0.36328125 0.447265625 0.369140625 0.474609375 0.609375 0.427734375
0 0.388671875 0.40625 0.3203125 0.419921875 0.330078125 0.466796875 0.357421875 0.462890625 0.35546875 0.44921875 0.396484375 0.44140625
0 0.32421875 0.365234375 0.34375 0.361328125 0.333984375 0.318359375 0.31640625 0.322265625
0 0.953125 0.353515625 0.798828125 0.384765625 0.89453125 0.875 1 0.853515625 1 0.591796875
0 0.748046875 0.33203125 0.755859375 0.373046875 0.841796875 0.357421875 0.833984375 0.314453125
0 0.84765625 0.3125 0.79296875 0.037109375 0.556640625 0.08203125 0.611328125 0.359375 0.748046875 0.33203125
0 0.28515625 0.138671875 0.3046875 0.232421875 0.517578125 0.19140625 0.5 0.095703125
0 0.228515625 0.58203125 0.1953125 0.41796875 0 0.455078125 0 0.625
0 0 0.171875 0 0.265625 0.15625 0.236328125 0.138671875 0.146484375
0 0.080078125 1 0.3203125 1 0.306640625 0.927734375 0.076171875 0.97265625
0 0.01953125 0.767578125 0.259765625 0.720703125 0.24609375 0.65234375 0.0078125 0.69921875
0 0.75390625 0.947265625 0.83984375 0.931640625 0.830078125 0.880859375 0.744140625 0.8984375
0 0.205078125 0.021484375 0.298828125 0.001953125 0.296875 0 0.19921875 0
0 0.025390625 0.05859375 0.021484375 0.02734375 0 0.029296875 0 0.060546875
0 0.30078125 0.791015625 0.291015625 0.75 0.2578125 0.7578125 0.267578125 0.798828125 0.30078125 0.791015625
0 0.2265625 0.392578125 0.19140625 0.2421875 0.15625 0.25 0.19140625 0.400390625 0.2265625 0.392578125