0 0.3984375 0 0.330078125 0 0.353515625 0.111328125 0.41796875 0.09765625
0 0.1875 0.01953125 0.267578125 0.00390625 0.265625 0 0.142578125 0 0.154296875 0.064453125 0.193359375 0.056640625
0 0.330078125 0 0.265625 0 0.291015625 0.123046875 0.353515625 0.111328125
0 0.412109375 0.185546875 0.3984375 0.1171875 0.21875 0.15234375 0.232421875 0.220703125
0 0.212890625 0.1171875 0.171875 0.125 0.19140625 0.228515625 0.232421875 0.220703125
0 0.3125 0.2578125 0.318359375 0.291015625 0.21875 0.310546875 0.263671875 0.54296875 0.314453125 0.53125 0.29296875 0.41796875 0.46484375 0.3828125 0.443359375 0.267578125 0.337890625 0.287109375 0.33203125 0.25390625
0 0.353515625 0.619140625 0.365234375 0.677734375 0.5390625 0.64453125 0.52734375 0.5859375 0.455078125 0.599609375
0 0.50390625 0.466796875 0.482421875 0.470703125 0.46484375 0.3828125 0.4140625 0.39453125 0.455078125 0.599609375 0.52734375 0.5859375
0 0.32421875 0.8515625 0.376953125 0.841796875 0.333984375 0.62109375 0.28125 0.6328125
0 0.052734375 0.798828125 0.05078125 0.744140625 0 0.74609375 0 0.80078125 0.052734375 0.798828125
0 0.96484375 0.0390625 0.9609375 0.0078125 0.921875 0.009765625 0.92578125 0.04296875 0.96484375 0.0390625
0 0.578125 0.03125 0.578125 0 0.435546875 0 0.435546875 0.03125 0.578125 0.03125
0 0.025390625 0.998046875 0.025390625 0.9375 0 0.9375 0 0.998046875 0.025390625 0.998046875
0 0.271484375 0.59765625 0.265625 0.55859375 0.232421875 0.564453125 0.23828125 0.603515625 0.271484375 0.59765625