0 0.8515625 0.21875 0.8515625 0.283203125 1 0.283203125 1 0.21875
0 0.853515625 0.14453125 1 0.14453125 1 0.056640625 0.853515625 0.056640625
0 0.791015625 0.28515625 0.791015625 0 0.654296875 0 0.654296875 0.28515625
0 0.474609375 0.10546875 0.474609375 0.1796875 0.39453125 0.1796875 0.39453125 0.28515625 0.654296875 0.28515625 0.654296875 0.1796875 0.583984375 0.1796875 0.583984375 0.10546875
0 0.4296875 0.03515625 0.3515625 0.03515625 0.3515625 0.169921875 0.4296875 0.169921875
0 0.583984375 0.857421875 0.4296875 0.857421875 0.4296875 0.916015625 0.583984375 0.916015625
0 0.583984375 0.701171875 0.583984375 0.916015625 1 0.916015625 1 0.701171875
0 0.419921875 0.33203125 0.419921875 0.447265625 0.373046875 0.447265625 0.373046875 0.59375 0.5234375 0.59375 0.5234375 0.654296875 1 0.654296875 1 0.33203125
0 0.02734375 0.40234375 0.02734375 0.474609375 0.10546875 0.474609375 0.10546875 0.40234375
0 0 0.009765625 0 0.30078125 0.12109375 0.30078125 0.12109375 0.009765625
0 0.234375 0.84765625 0.22265625 0.736328125 0.158203125 0.744140625 0.169921875 0.853515625 0.234375 0.84765625
0 0.40234375 0.7734375 0.392578125 0.6953125 0.359375 0.69921875 0.369140625 0.779296875 0.40234375 0.7734375
0 0.22265625 0.041015625 0.21875 0 0.185546875 0 0.189453125 0.04296875 0.22265625 0.041015625