0 0.615234375 0.15625 0.919921875 0.1796875 0.931640625 0 0.625 0
0 0.158203125 0.548828125 0.248046875 0.560546875 0.2578125 0.478515625 0.16796875 0.46875
0 0.291015625 0.560546875 0.38671875 0.572265625 0.396484375 0.49609375 0.298828125 0.484375
0 0.787109375 0.74609375 0.91796875 0.751953125 0.919921875 0.6796875 0.7890625 0.673828125
0 0.4765625 0.744140625 0.751953125 0.767578125 0.76171875 0.66015625 0.486328125 0.63671875
0 0.435546875 1 0.873046875 1 0.890625 0.85546875 0.599609375 0.822265625 0.59765625 0.82421875 0.458984375 0.80859375
0 0.115234375 0.72265625 0.3671875 0.75 0.37890625 0.634765625 0.126953125 0.609375
0 0.263671875 0.83203125 0.267578125 0.79296875 0.11328125 0.775390625 0.103515625 0.869140625 0.333984375 0.89453125 0.341796875 0.841796875
0 0.078125 1 0.296875 1 0.306640625 0.93359375 0.08984375 0.90625
0 0.9609375 0.28515625 0.998046875 0.291015625 1 0.271484375 0.962890625 0.265625
0 0.978515625 0.232421875 0.994140625 0 0.931640625 0 0.919921875 0.1796875 0.916015625 0.2265625
0 0.53125 0.626953125 0.90625 0.64453125 0.912109375 0.529296875 0.537109375 0.51171875
0 0.154296875 0.45703125 0.173828125 0.279296875 0.134765625 0.275390625 0.115234375 0.453125 0.154296875 0.45703125
0 0.439453125 0.3359375 0.44140625 0.294921875 0.173828125 0.275390625 0.169921875 0.31640625 0.439453125 0.3359375