0 0.021484375 0.01953125 0.017578125 0.078125 0.099609375 0.08203125 0.103515625 0 0 0 0 0.017578125
0 0.1484375 0.0625 0.36328125 0.07421875 0.3671875 0 0.150390625 0
0 0.771484375 0.220703125 0.783203125 0 0.712890625 0 0.697265625 0.28125 1 0.298828125 1 0.232421875 0.796875 0.22265625
0 0.412109375 0.1484375 0.3984375 0.390625 0.537109375 0.3984375 0.55078125 0.15625 0.4453125 0.150390625
0 0.48046875 0.041015625 0.451171875 0.064453125 0.4453125 0.150390625 0.5234375 0.154296875 0.525390625 0.123046875 0.541015625 0.115234375 0.626953125 0.12109375 0.630859375 0.048828125
0 0.603515625 0.375 1 0.396484375 1 0.337890625 0.607421875 0.31640625
0 0.693359375 0.41796875 0.689453125 0.4921875 1 0.5078125 1 0.43359375
0 0.630859375 0.470703125 0.412109375 0.458984375 0.41015625 0.49609375 0.390625 0.494140625 0.388671875 0.546875 0.650390625 0.5625 0.65234375 0.509765625 0.62890625 0.5078125 0.630859375 0.478515625
0 0.11328125 0.443359375 0.109375 0.482421875 0.099609375 0.48046875 0.09765625 0.533203125 0.326171875 0.544921875 0.330078125 0.494140625 0.3046875 0.4921875 0.306640625 0.455078125
0 0.08203125 0.826171875 0.47265625 0.84765625 0.4765625 0.7734375 0.0859375 0.75
0 0.09375 1 0.462890625 1 0.46484375 0.986328125 0.095703125 0.96484375
0 0.505859375 1 0.708984375 1 0.71484375 0.935546875 0.509765625 0.923828125
0 0.958984375 0.9140625 1 0.916015625 1 0.744140625 0.96875 0.744140625
0 0.728515625 0.876953125 0.8203125 0.8828125 0.833984375 0.66796875 0.740234375 0.6640625
0 0.9453125 0.625 0.9296875 0.912109375 0.958984375 0.9140625 0.96875 0.744140625 1 0.744140625 1 0.626953125
0 0.94921875 0.001953125 0.947265625 0 0.91015625 0 0.890625 0.013671875 0.880859375 0.1953125 1 0.201171875 1 0.00390625