0 0.37109375 0.78515625 0.322265625 0.767578125 0.298828125 0.826171875 0.6171875 0.951171875 0.640625 0.890625 0.564453125 0.861328125 0.560546875 0.873046875 0.544921875 0.865234375 0.548828125 0.85546875 0.505859375 0.837890625 0.501953125 0.845703125 0.478515625 0.837890625 0.482421875 0.828125 0.44921875 0.81640625 0.4453125 0.82421875 0.42578125 0.81640625 0.427734375 0.80859375 0.39453125 0.794921875 0.390625 0.802734375 0.369140625 0.794921875
0 0.76953125 0.95703125 0.689453125 0.92578125 0.662109375 0.99609375 0.671875 1 0.830078125 1 0.8203125 0.99609375 0.826171875 0.982421875 0.79296875 0.96875 0.787109375 0.98046875 0.763671875 0.970703125
0 0.923828125 0.263671875 0.8984375 0.330078125 1 0.369140625 1 0.29296875
0 0.087890625 0.19140625 0.400390625 0.3125 0.423828125 0.255859375 0.109375 0.1328125
0 0.43359375 0.498046875 0.642578125 0.578125 0.6640625 0.5234375 0.455078125 0.44140625
0 0.498046875 0.64453125 0.39453125 0.603515625 0.373046875 0.66015625 0.681640625 0.78125 0.705078125 0.724609375 0.634765625 0.697265625 0.630859375 0.70703125 0.603515625 0.6953125 0.607421875 0.6875 0.578125 0.67578125 0.57421875 0.68359375 0.55078125 0.67578125 0.5546875 0.666015625 0.521484375 0.654296875 0.517578125 0.6640625 0.494140625 0.65625
0 0.61328125 0.001953125 0.60546875 0.021484375 0.9296875 0.146484375 0.935546875 0.12890625 0.94140625 0.130859375 0.951171875 0.10546875 0.9453125 0.1015625 0.951171875 0.08984375 0.935546875 0.083984375 0.94140625 0.072265625 0.904296875 0.05859375 0.8984375 0.0703125 0.873046875 0.060546875 0.87890625 0.048828125 0.837890625 0.03125 0.83203125 0.044921875 0.8125 0.037109375 0.818359375 0.0234375 0.77734375 0.009765625 0.7734375 0.021484375 0.740234375 0.0078125 0.744140625 0 0.609375 0
0 0.96484375 0.4765625 0.9609375 0.490234375 0.951171875 0.486328125 0.939453125 0.513671875 0.94921875 0.517578125 0.94140625 0.5390625 1 0.560546875 1 0.490234375
0 0.888671875 0.626953125 0.80859375 0.595703125 0.783203125 0.66015625 1 0.744140625 1 0.685546875 1 0.669921875 0.970703125 0.658203125 0.966796875 0.671875 0.939453125 0.66015625 0.943359375 0.6484375 0.912109375 0.634765625 0.908203125 0.64453125 0.884765625 0.63671875
0 0.33864765019379844 0.4821796269379845 0.36208515019379844 0.4216327519379845 0.041772650193798444 0.2966327519379845 0.018335150193798444 0.3571796269379845
0 0.568359375 0.140625 0.55078125 0.1328125 0.541015625 0.16015625 0.55859375 0.166015625 0.55078125 0.185546875 0.85546875 0.3046875 0.86328125 0.28515625 0.8828125 0.29296875 0.89453125 0.267578125 0.873046875 0.259765625 0.880859375 0.244140625 0.57421875 0.125
0 0.486328125 0.33984375 0.8046875 0.46484375 0.826171875 0.40625 0.509765625 0.283203125
0 0.150390625 0.0078125 0.158203125 0.01171875 0.150390625 0.029296875 0.474609375 0.15625 0.48046875 0.13671875 0.486328125 0.138671875 0.49609375 0.11328125 0.490234375 0.111328125 0.49609375 0.099609375 0.48046875 0.09375 0.486328125 0.08203125 0.44921875 0.06640625 0.443359375 0.080078125 0.41796875 0.068359375 0.423828125 0.056640625 0.3828125 0.041015625 0.376953125 0.052734375 0.357421875 0.044921875 0.36328125 0.033203125 0.322265625 0.017578125 0.318359375 0.029296875 0.28515625 0.017578125 0.291015625 0.005859375 0.275390625 0 0.244140625 0 0.244140625 0.001953125 0.23828125 0 0.15234375 0
0 0.890625 0.8203125 0.845703125 0.802734375 0.8203125 0.87109375 1 0.939453125 1 0.875 1 0.86328125 0.970703125 0.8515625 0.966796875 0.859375 0.9453125 0.8515625 0.94921875 0.84375 0.9140625 0.828125 0.91015625 0.837890625 0.88671875 0.828125
0 0 0.28515625 0 0.341796875 0.134765625 0 0.11328125 0
0 0.974609375 0.9296875 0.947265625 1 1 1 1 0.939453125
0 0.08984375 1 0.125 1 0.130859375 0.98828125 0.099609375 0.9765625
0 0.28500484496124034 0.653297601744186 0.31301477713178294 0.5972777374031008 0.0234375 0.4842538759689923 0 0.5448007509689922
0 0.21308745155038758 0.8304414970930232 0.2448825096899225 0.7653373304263565 0 0.6782020483419465 0 0.7498334544573643
0 0.16160973837209305 0.9833605862403101 0.18810562015503876 0.9250696463178294 0 0.8560878283807063 0 0.927719234496124