0 0.400390625 0 0.24609375 0 0.24609375 0.013671875 0.400390625 0.013671875
0 0.24609375 0 0.013671875 0 0.013671875 0.02734375 0.24609375 0.025390625
0 0.43359375 0.1640625 0.439453125 0.251953125 0.76953125 0.232421875 0.763671875 0.142578125
0 0.806640625 0.47265625 0.455078125 0.498046875 0.462890625 0.595703125 0.814453125 0.5703125
0 0.791015625 0.25390625 0.46875 0.275390625 0.474609375 0.34765625 0.796875 0.326171875
0 0.796875 0.326171875 0.474609375 0.34765625 0.48046875 0.439453125 0.802734375 0.41796875
0 0.802734375 0.41796875 0.48046875 0.439453125 0.484375 0.49609375 0.806640625 0.47265625
0 0.412109375 0.294921875 0.2265625 0.26953125 0.134765625 0.94140625 0.3203125 0.966796875 0.322265625 0.943359375
0 0.388671875 0.474609375 0.373046875 0.5859375 0.423828125 0.59375 0.439453125 0.48046875
0 0.4296875 0.6640625 0.408203125 0.814453125 0.455078125 0.8203125 0.474609375 0.669921875
0 0.43359375 0.1640625 0.224609375 0.177734375 0.23046875 0.265625 0.439453125 0.251953125
0 1 0.205078125 1 0.130859375 0.82421875 0.142578125 0.828125 0.216796875 0.994140625 0.20703125
0 0.185546875 0.279296875 0.177734375 0.205078125 0 0.220703125 0 0.296875
0 0.423828125 0.59375 0.373046875 0.5859375 0.322265625 0.943359375 0.375 0.951171875 0.38671875 0.865234375
0 0.134765625 0.318359375 0.078125 0.724609375 0.162109375 0.736328125 0.21875 0.330078125
0 0 0.73828125 0 0.841796875 0.0703125 0.8515625 0.076171875 0.802734375 0.1015625 0.8046875 0.109375 0.75390625
0 0.501953125 0.73828125 0.76171875 0.755859375 0.767578125 0.68359375 0.5078125 0.666015625
0 0.548828125 0.857421875 0.7421875 0.869140625 0.74609375 0.826171875 0.552734375 0.814453125
0 0.544921875 0.921875 0.76953125 0.9375 0.775390625 0.873046875 0.548828125 0.857421875
0 0.53515625 0.974609375 0.77734375 0.990234375 0.779296875 0.96484375 0.537109375 0.947265625
0 0.53125 1 0.599609375 1 0.6015625 0.978515625 0.53515625 0.974609375
0 0.73046875 0.80859375 0.732421875 0.765625 0.5859375 0.7578125 0.58203125 0.80078125
0 0.8046875 0.04296875 0.806640625 0 0.490234375 0 0.490234375 0.04296875
0 0.8125 0.818359375 0.814453125 0.6953125 0.779296875 0.6953125 0.779296875 0.81640625
0 0.517578125 0.900390625 0.517578125 0.82421875 0.421875 0.822265625 0.419921875 0.8984375
0 0.970703125 0.2734375 0.96875 0.23046875 0.83203125 0.23828125 0.833984375 0.28125
0 0.099609375 0.958984375 0.109375 0.900390625 0 0.8828125 0 0.94140625
0 0.998046875 0.9243126211240309 0.998046875 0.5685107800387597 0.9769258720930233 0.540500847868217 0.9617853682170542 0.2861403827519379 0.8421753875968992 0.2967387354651162 0.8974382267441862 0.9265836967054263