0 0.970703125 0.658203125 1 0.6640625 1 0.623046875 0.978515625 0.619140625
0 0.671875 0.96484375 0.669921875 0.986328125 0.65625 0.984375 0.654296875 1 0.75390625 1 0.755859375 0.97265625
0 0.724609375 0.908203125 0.6640625 0.90234375 0.658203125 0.955078125 0.7578125 0.96484375 0.759765625 0.931640625
0 0.84375 1 0.873046875 1 0.876953125 0.974609375 0.849609375 0.970703125
0 0.283203125 0.5 0.306640625 0.50390625 0.322265625 0.416015625 0.296875 0.412109375
0 0.306640625 0.34765625 0.384765625 0.361328125 0.390625 0.330078125 0.3125 0.314453125
0 0.232421875 0.037109375 0.259765625 0.029296875 0.25 0 0.140625 0 0.162109375 0.07421875 0.236328125 0.05078125
0 0.14453125 0.017578125 0 0.05859375 0 0.12890625 0.021484375 0.123046875 0.01953125 0.1171875 0.11328125 0.087890625 0.115234375 0.095703125 0.1640625 0.08203125 0.162109375 0.07421875
0 0.287109375 0.025390625 0.373046875 0 0.27734375 0
0 0.9296875 0.83984375 0.919921875 0.8828125 1 0.900390625 1 0.853515625
0 0.947265625 0.9453125 0.951171875 0.9296875 0.927734375 0.923828125 0.916015625 0.970703125 1 0.990234375 1 0.95703125
0 0.7890625 0.708984375 0.78125 0.7421875 0.912109375 0.771484375 0.919921875 0.73828125
0 0.595703125 0.615234375 0.58984375 0.646484375 0.912109375 0.71875 0.91796875 0.6875
0 0.859375 0.642578125 0.919921875 0.65625 0.92578125 0.626953125 0.865234375 0.615234375
0 0.90234375 0.595703125 0.935546875 0.603515625 0.943359375 0.568359375 0.91015625 0.560546875
0 0.974609375 0.59765625 1 0.6015625 1 0.572265625 0.98046875 0.568359375
0 0.978515625 0.51953125 0.970703125 0.5546875 1 0.560546875 1 0.5234375
0 0.720703125 0.08984375 0.705078125 0.16015625 0.994140625 0.224609375 1 0.197265625 1 0.15234375
0 0.654296875 0.380859375 0.638671875 0.455078125 0.671875 0.462890625 0.689453125 0.388671875
0 0.705078125 0.16015625 0.67578125 0.28515625 0.6640625 0.283203125 0.642578125 0.376953125 0.703125 0.390625 0.751953125 0.169921875
0 0.703125 0.435546875 0.740234375 0.443359375 0.744140625 0.421875 0.708984375 0.4140625
0 0.857421875 0.787109375 0.853515625 0.810546875 0.82421875 0.802734375 0.818359375 0.83203125 0.904296875 0.8515625 0.9140625 0.80078125
0 0.875 0.845703125 0.869140625 0.873046875 0.87890625 0.875 0.873046875 0.90234375 0.83984375 0.896484375 0.833984375 0.923828125 0.884765625 0.93359375 0.904296875 0.8515625
0 0.7578125 0.81640625 0.70703125 0.806640625 0.689453125 0.88671875 0.740234375 0.8984375 0.740234375 0.89453125
0 0.74609375 0.87109375 0.740234375 0.8984375 0.8203125 0.916015625 0.826171875 0.888671875
0 0.013671875 0.849609375 0 0.896484375 0 0.9609375 0.05859375 0.978515625 0.08984375 0.873046875
0 0.0703125 0.7109375 0.0546875 0.75 0.09765625 0.763671875 0.111328125 0.724609375
0 0 0.68359375 0 0.728515625 0.0546875 0.75 0.0703125 0.7109375
0 0.04296875 0.81640625 0.0546875 0.78125 0 0.763671875 0 0.802734375
0 0.037109375 0.765625 0.044921875 0.74609375 0 0.728515625 0 0.75
0 0.287109375 0.931640625 0.28125 0.96484375 0.31640625 0.970703125 0.3203125 0.935546875
0 0.322265625 0.9296875 0.31640625 0.970703125 0.365234375 0.9765625 0.37109375 0.935546875
0 0.287109375 1 0.314453125 1 0.318359375 0.982421875 0.291015625 0.978515625
0 0.580078125 0.90625 0.5703125 0.93359375 0.599609375 0.943359375 0.59765625 0.953125 0.625 0.962890625 0.638671875 0.927734375
0 0.439453125 0.994140625 0.439453125 1 0.482421875 1 0.482421875 0.99609375
0 0.537109375 0.900390625 0.546875 0.8671875 0.486328125 0.849609375 0.4765625 0.8828125 0.537109375 0.900390625
0 0.68359375 0.830078125 0.69140625 0.798828125 0.65234375 0.7890625 0.646484375 0.8203125 0.68359375 0.830078125
0 0.083984375 0.451171875 0.091796875 0.412109375 0.0546875 0.404296875 0.046875 0.4453125 0.083984375 0.451171875
0 0.208984375 0.984375 0.197265625 0.94140625 0.162109375 0.951171875 0.173828125 0.994140625 0.208984375 0.984375