0 0.888671875 0.02734375 0.8984375 0 0.81640625 0
0 0.982421875 0.0625 1 0.015625 0.95703125 0 0.8984375 0 0.888671875 0.02734375
0 0.783203125 0.091796875 0.7734375 0.068359375 0.611328125 0.126953125 0.634765625 0.19140625 0.796875 0.1328125 0.7890625 0.107421875 0.78125 0.109375 0.775390625 0.09375
0 0.76171875 0.072265625 0.75390625 0.05078125 0.6796875 0.076171875 0.6875 0.099609375
0 0.615234375 0.611328125 0.615234375 0.576171875 0.38671875 0.576171875 0.38671875 0.609375
0 0.484375 0.900390625 0.787109375 0.896484375 0.787109375 0.802734375 0.484375 0.806640625
0 0.384765625 0.61328125 0.384765625 0.693359375 0.50390625 0.69140625 0.50390625 0.716796875 0.611328125 0.716796875 0.611328125 0.611328125
0 0.0546875 0.5859375 0.0546875 0.62109375 0.0703125 0.62109375 0.0703125 0.642578125 0.0546875 0.642578125 0.0546875 0.681640625 0.3359375 0.6796875 0.3359375 0.642578125 0.3125 0.642578125 0.3125 0.623046875 0.3359375 0.623046875 0.3359375 0.5859375
0 0.11328125 0.140625 0.125 0.109375 0.111328125 0.103515625 0.115234375 0.091796875 0.0703125 0.072265625 0.05859375 0.103515625 0.103515625 0.12109375 0.091796875 0.1484375 0.107421875 0.154296875 0.1015625 0.169921875 0.138671875 0.185546875 0.150390625 0.154296875
0 0.11328125 0.326171875 0.125 0.294921875 0.109375 0.2890625 0.115234375 0.27734375 0.0703125 0.2578125 0.056640625 0.2890625 0.1015625 0.306640625 0.091796875 0.333984375 0.10546875 0.33984375 0.099609375 0.35546875 0.138671875 0.37109375 0.150390625 0.33984375
0 0.24609375 0.35546875 0.24609375 0.39453125 0.205078125 0.39453125 0.205078125 0.427734375 0.509765625 0.427734375 0.509765625 0.39453125 0.470703125 0.39453125 0.470703125 0.35546875 0.44140625 0.35546875 0.44140625 0.39453125 0.267578125 0.39453125 0.267578125 0.35546875
0 0.603515625 0.359375 0.603515625 0.3984375 0.5625 0.3984375 0.5625 0.43359375 0.8671875 0.43359375 0.8671875 0.3984375 0.828125 0.3984375 0.828125 0.359375 0.798828125 0.359375 0.798828125 0.3984375 0.625 0.3984375 0.625 0.359375
0 0.921875 0.24609375 0.921875 0.28125 0.90234375 0.28125 0.90234375 0.314453125 0.98828125 0.3125 0.98828125 0.279296875 0.96484375 0.28125 0.96484375 0.24609375
0 0.91015625 0.0546875 0.91015625 0.08984375 0.888671875 0.08984375 0.890625 0.123046875 0.974609375 0.12109375 0.974609375 0.08984375 0.953125 0.08984375 0.953125 0.0546875
0 0.556640625 0.998046875 0.546875 0.98828125 0.537109375 0.98046875 0.525390625 0.97265625 0.51171875 0.966796875 0.486328125 0.98828125 0.49609375 1 0.556640625 1
0 0.64453125 0.95703125 0.6015625 0.95703125 0.603515625 0.98046875 0.564453125 0.982421875 0.564453125 1 0.64453125 1
0 0.84765625 0.791015625 0.845703125 0.791015625 0.845703125 0.83203125 0.845703125 0.849609375 0.84375 0.865234375 0.84375 0.89453125 0.853515625 0.921875 0.87109375 0.94921875 0.896484375 0.958984375 0.931640625 0.9609375 0.958984375 0.951171875 0.9765625 0.927734375 0.984375 0.916015625 0.990234375 0.904296875 0.9921875 0.89453125 0.990234375 0.787109375 0.876953125 0.7890625 0.84765625 0.7890625
0 0.837890625 0.71875 0.990234375 0.716796875 0.98828125 0.58203125 0.833984375 0.583984375 0.833984375 0.630859375 0.81640625 0.630859375 0.81640625 0.583984375 0.66015625 0.5859375 0.662109375 0.720703125 0.744140625 0.71875 0.744140625 0.6796875 0.69921875 0.6796875 0.69921875 0.619140625 0.79296875 0.62109375 0.791015625 0.681640625 0.74609375 0.6796875 0.74609375 0.71875 0.81640625 0.71875 0.81640625 0.66015625 0.8359375 0.66015625
0 0.064453125 0.958984375 0.064453125 0.787109375 0.029296875 0.787109375 0.029296875 0.958984375 0.064453125 0.958984375
0 0.0859375 0.998046875 0.0859375 0.96875 0.03125 0.96875 0.03125 1 0.0859375 0.998046875
0 0.646484375 0.04296875 0.65234375 0.001953125 0.541015625 0 0.53515625 0.029296875 0.646484375 0.04296875