0 0.373046875 0.232421875 0.65234375 0.25 0.65625 0.173828125 0.37890625 0.158203125
0 0.44140625 0.341796875 0.673828125 0.35546875 0.67578125 0.302734375 0.4453125 0.2890625
0 0.783203125 0.189453125 0.7734375 0.357421875 0.98046875 0.37109375 0.990234375 0.201171875
0 0.724609375 0.515625 0.712890625 0.69921875 0.833984375 0.70703125 0.845703125 0.521484375
0 0.7734375 0.357421875 0.763671875 0.517578125 0.845703125 0.521484375 0.833984375 0.70703125 0.791015625 0.703125 0.7890625 0.748046875 0.95703125 0.7578125 0.98046875 0.37109375
0 0.451171875 0.826171875 0.44921875 0.869140625 0.541015625 0.875 0.54296875 0.83203125
0 0.544921875 0.802734375 0.541015625 0.859375 0.6328125 0.865234375 0.63671875 0.80859375
0 0.25 0.849609375 0.404296875 0.859375 0.408203125 0.80078125 0.25390625 0.791015625
0 0.21484375 0.869140625 0.21875 0.8046875 0 0.791015625 0 0.85546875
0 0.123046875 0.984375 0.126953125 0.93359375 0 0.92578125 0 0.974609375
0 0.1640625 1 0.490234375 1 0.494140625 0.970703125 0.16796875 0.951171875
0 0.529296875 1 0.787109375 1 0.791015625 0.966796875 0.533203125 0.951171875
0 0.66015625 0.779296875 0.654296875 0.892578125 0.75 0.8984375 0.7578125 0.78515625
0 0.462890625 0.75 0.505859375 0.75390625 0.509765625 0.669921875 0.46875 0.666015625 0.46484375 0.72265625
0 0.337890625 0.658203125 0.333984375 0.716796875 0.46484375 0.72265625 0.46875 0.666015625
0 0.318359375 0.7578125 0.322265625 0.703125 0 0.68359375 0 0.73828125
0 0.29296875 0.375 0.2890625 0.427734375 0.533203125 0.443359375 0.537109375 0.388671875
0 0.291015625 0.53515625 0.287109375 0.59375 0.52734375 0.607421875 0.53125 0.548828125
0 0 0.517578125 0 0.576171875 0.259765625 0.591796875 0.263671875 0.533203125
0 0 0.357421875 0 0.41015625 0.26171875 0.427734375 0.265625 0.373046875
0 0 0.140625 0 0.201171875 0.326171875 0.220703125 0.330078125 0.16015625
0 0.033203125 0.30859375 0.0390625 0.205078125 0 0.201171875 0 0.306640625
0 0.060546875 0.263671875 0.05859375 0.3203125 0.27734375 0.333984375 0.28125 0.27734375 0.203125 0.2734375
0 0.205078125 0.234375 0.203125 0.2734375 0.28125 0.27734375 0.283203125 0.23828125
0 0.294921875 0.33203125 0.41015625 0.337890625 0.4140625 0.2734375 0.298828125 0.265625
0 0.84765625 0.89453125 0.84375 0.939453125 0.87109375 0.939453125 0.869140625 0.97265625 0.8515625 0.970703125 0.849609375 1 0.9609375 1 0.96484375 0.978515625 0.9453125 0.9765625 0.947265625 0.9453125 0.982421875 0.947265625 0.986328125 0.90234375
0 0.853515625 0.939453125 0.8515625 0.970703125 0.869140625 0.97265625 0.87109375 0.939453125
0 0.51953125 0.041015625 0.521484375 0 0.28515625 0 0.28515625 0.02734375
0 0.15234375 0.01953125 0.28515625 0.02734375 0.28515625 0 0.15234375 0