0 0.4921875 0.626953125 0.474609375 0.65625 0.59375 0.724609375 0.611328125 0.693359375 0.54296875 0.654296875
0 0.517578125 0.58203125 0.4921875 0.626953125 0.54296875 0.654296875 0.568359375 0.611328125 0.54296875 0.59765625
0 0.56640625 0.5546875 0.54296875 0.59765625 0.650390625 0.658203125 0.67578125 0.6171875 0.60546875 0.576171875
0 0.67578125 0.6171875 0.646484375 0.66796875 0.673828125 0.68359375 0.701171875 0.6328125 0.69140625 0.626953125
0 0.880859375 0.736328125 0.8203125 0.828125 1 0.9453125 1 0.8125
0 0.970703125 0.603515625 0.8828125 0.736328125 1 0.8125 1 0.62109375
0 0.951171875 0.525390625 0.90625 0.595703125 0.955078125 0.626953125 0.970703125 0.603515625 1 0.623046875 1 0.5546875
0 0.72265625 0.490234375 0.705078125 0.521484375 0.771484375 0.55859375 0.7890625 0.52734375
0 0.875 0.2578125 0.859375 0.279296875 0.927734375 0.349609375 0.796875 0.509765625 0.7265625 0.443359375 0.697265625 0.4765625 0.8046875 0.537109375 0.98828125 0.328125
0 0.505859375 0.35546875 0.47265625 0.412109375 0.5859375 0.478515625 0.599609375 0.453125 0.634765625 0.47265625 0.65234375 0.443359375
0 0.126953125 0.265625 0.095703125 0.318359375 0.322265625 0.443359375 0.353515625 0.390625
0 0.3046875 0.43359375 0.24609375 0.5390625 0.28515625 0.560546875 0.34375 0.455078125 0.322265625 0.443359375
0 0.470703125 0.603515625 0.392578125 0.56640625 0.37890625 0.59765625 0.45703125 0.634765625
0 0.353515625 0.4375 0.27734375 0.57421875 0.443359375 0.666015625 0.44921875 0.65234375 0.45703125 0.65625 0.466796875 0.638671875 0.37890625 0.59765625 0.3828125 0.5859375 0.326171875 0.560546875 0.37890625 0.451171875
0 0.4140625 0.521484375 0.5390625 0.58203125 0.564453125 0.529296875 0.439453125 0.46875
0 0.3828125 0.44140625 0.326171875 0.560546875 0.3828125 0.5859375 0.439453125 0.46875
0 0.474609375 0.65625 0.45703125 0.6875 0.55078125 0.7421875 0.568359375 0.7109375
0 0.71484375 0.583984375 0.62890625 0.533203125 0.60546875 0.576171875 0.69140625 0.626953125
0 0.71875 0.71484375 0.7421875 0.736328125 0.833984375 0.626953125 0.80859375 0.60546875
0 0.1171875 0.359375 0.091796875 0.34375 0.044921875 0.423828125 0.0703125 0.4375 0.095703125 0.396484375
0 0.087890625 0.447265625 0.11328125 0.40625 0.095703125 0.396484375 0.0703125 0.4375
0 0.107421875 0.54296875 0.087890625 0.572265625 0.123046875 0.595703125 0.142578125 0.56640625
0 0.10546875 0.501953125 0.087890625 0.529296875 0.15625 0.57421875 0.173828125 0.546875
0 0.173828125 0.546875 0.115234375 0.63671875 0.203125 0.6953125 0.26171875 0.60546875
0 0.26171875 0.60546875 0.203125 0.6953125 0.330078125 0.779296875 0.390625 0.689453125
0 0.248046875 0.78515625 0.287109375 0.810546875 0.306640625 0.779296875 0.267578125 0.75390625 0.255859375 0.771484375
0 0.275390625 0.7421875 0.220703125 0.70703125 0.201171875 0.736328125 0.255859375 0.771484375 0.267578125 0.75390625
0 0.298828125 0.83984375 0.349609375 0.88671875 0.3984375 0.833984375 0.34765625 0.787109375
0 0.052734375 0.76953125 0.1640625 0.8515625 0.19921875 0.802734375 0.087890625 0.720703125
0 0.16796875 0.89453125 0.04296875 0.814453125 0.02734375 0.83984375 0.15234375 0.919921875
0 0.02734375 0.83984375 0 0.8828125 0 0.974609375 0.01953125 0.98828125 0.087890625 0.87890625
0 0.087890625 0.87890625 0.021484375 0.984375 0.044921875 1 0.134765625 1 0.130859375 0.99609375 0.171875 0.931640625 0.15234375 0.919921875
0 1 0.314453125 1 0.298828125 0.888671875 0.23828125 0.875 0.2578125 0.98828125 0.328125
0 0.609375 0.89453125 0.646484375 0.8359375 0.61328125 0.814453125 0.576171875 0.873046875 0.609375 0.89453125
0 0.203125 0.92578125 0.25390625 0.865234375 0.220703125 0.83984375 0.171875 0.900390625 0.203125 0.92578125
0 0.3515625 0.974609375 0.388671875 0.9140625 0.2890625 0.853515625 0.251953125 0.916015625 0.3515625 0.974609375
0 0.70703125 0.88671875 0.76171875 0.802734375 0.6875 0.75390625 0.6328125 0.837890625 0.70703125 0.88671875