0 0.58203125 0.958984375 0.55859375 0.970703125 0.548828125 0.951171875 0.51171875 0.970703125 0.5234375 0.990234375 0.50390625 1 0.6015625 1
0 0.923828125 0.80078125 0.900390625 0.8125 0.89453125 0.80078125 0.87890625 0.80859375 0.884765625 0.8203125 0.85546875 0.837890625 0.859375 0.84765625 0.828125 0.86328125 0.822265625 0.853515625 0.810546875 0.859375 0.802734375 0.845703125 0.775390625 0.861328125 0.783203125 0.873046875 0.75390625 0.888671875 0.76953125 0.921875 0.78125 0.916015625 0.78515625 0.921875 0.806640625 0.91015625 0.810546875 0.919921875 0.9140625 0.8671875 0.91015625 0.857421875 0.935546875 0.84375 0.931640625 0.837890625 0.939453125 0.833984375
0 0.666015625 0.90625 0.69140625 0.955078125 0.767578125 0.91796875 0.75390625 0.888671875 0.783203125 0.873046875 0.775390625 0.861328125 0.802734375 0.845703125 0.810546875 0.859375 0.822265625 0.853515625 0.828125 0.86328125 0.859375 0.84765625 0.85546875 0.837890625 0.884765625 0.8203125 0.87890625 0.80859375 0.89453125 0.80078125 0.900390625 0.8125 0.923828125 0.80078125 0.939453125 0.833984375 1 0.802734375 1 0.7421875
0 0.3984375 0.013671875 0.529296875 0.01171875 0.52734375 0 0.3984375 0
0 0.1328125 0.099609375 0.333984375 0.09375 0.33203125 0.04296875 0.130859375 0.048828125
0 0.13671875 0.318359375 0.13671875 0.259765625 0 0.259765625 0 0.318359375
0 0.208984375 0.474609375 0.31640625 0.421875 0.291015625 0.369140625 0.18359375 0.421875
0 0.462890625 0.330078125 0.572265625 0.27734375 0.54296875 0.216796875 0.43359375 0.271484375
0 0.517578125 0.49609375 0.556640625 0.4765625 0.509765625 0.380859375 0.47265625 0.3984375
0 0.357421875 0.44921875 0.380859375 0.49609375 0.28515625 0.544921875 0.306640625 0.587890625 0.453125 0.513671875 0.431640625 0.470703125 0.408203125 0.423828125
0 0.056640625 0.63671875 0.044921875 0.615234375 0 0.63671875 0 0.73828125 0.005859375 0.736328125 0.17578125 0.666015625 0.14453125 0.58984375
0 0.171875 0.498046875 0 0.48828125 0 0.564453125 0.134765625 0.568359375 0.17578125 0.666015625 0.244140625 0.62890625 0.19140625 0.5234375
0 0.802734375 0.1640625 1 0.171875 1 0.07421875 0.806640625 0.06640625
0 0.763671875 0.064453125 0.759765625 0.162109375 0.802734375 0.1640625 0.806640625 0.06640625
0 0.798828125 0.1796875 0.720703125 0.177734375 0.712890625 0.392578125 0.876953125 0.3984375 0.884765625 0.18359375 0.83203125 0.181640625 0.830078125 0.197265625 0.796875 0.197265625
0 0.96484375 0.185546875 0.953125 0.40625 1 0.40625 1 0.185546875
0 0.9296875 0.19140625 0.919921875 0.404296875 0.953125 0.40625 0.96484375 0.193359375
0 0.6796875 0.126953125 0.6796875 0 0.61328125 0 0.61328125 0.126953125 0.6796875 0.126953125
0 0.998046875 0.68359375 1 0.580078125 0.953125 0.578125 0.953125 0.68359375 0.998046875 0.68359375
0 0.998046875 0.0234375 0.998046875 0 0.896484375 0 0.896484375 0.021484375 0.998046875 0.0234375