0 0.1796875 0.04296875 0.490234375 0.22265625 0.529296875 0.158203125 0.25390625 0 0.203125 0
0 0.482421875 0.80078125 0.828125 1 0.841796875 1 0.8828125 0.9296875 0.52734375 0.724609375
0 1 0.958984375 1 0.919921875 0.9609375 0.8984375 0.90234375 1 0.9765625 1
0 0.482421875 0.939453125 0.44921875 0.998046875 0.451171875 1 0.48828125 1 0.513671875 0.95703125
0 0.513671875 0.95703125 0.48828125 1 0.587890625 1
0 0.7578125 0.53515625 0.923828125 0.630859375 0.94140625 0.599609375 0.77734375 0.50390625
0 0.7578125 0.53515625 0.77734375 0.50390625 0.69921875 0.458984375 0.58984375 0.650390625 0.83203125 0.7890625 0.923828125 0.630859375
0 0 0.923828125 0 1 0.12890625 1
0 0.62109375 0.4375 0.634765625 0.4140625 0.533203125 0.35546875 0.453125 0.494140625 0.439453125 0.486328125 0.412109375 0.53515625 0.52734375 0.6015625 0.591796875 0.48828125 0.611328125 0.5 0.640625 0.44921875
0 0.8515625 0.166015625 1 0.25 1 0.232421875 0.859375 0.15234375
0 0.6640625 0.15625 0.607421875 0.125 0.505859375 0.302734375 0.5625 0.333984375
0 0.669921875 0.146484375 0.5625 0.333984375 0.669921875 0.396484375 0.77734375 0.208984375
0 0.083984375 0.4375 0.154296875 0.478515625 0.181640625 0.4296875 0.111328125 0.388671875
0 0.1484375 0.50390625 0.3046875 0.591796875 0.328125 0.55078125 0.265625 0.515625 0.2578125 0.529296875 0.1640625 0.4765625
0 0.30078125 0.302734375 0.265625 0.3671875 0.39453125 0.44140625 0.431640625 0.376953125
0 0.4609375 0.32421875 0.1875 0.166015625 0.181640625 0.17578125 0.130859375 0.146484375 0 0.375 0 0.484375 0.00390625 0.48828125 0 0.494140625 0 0.50390625 0.275390625 0.6640625 0.314453125 0.59765625 0.0390625 0.439453125 0.08203125 0.36328125 0.35546875 0.51953125 0.388671875 0.4609375 0.1171875 0.3046875 0.1640625 0.22265625 0.431640625 0.376953125
0 0.138671875 0.287109375 0.255859375 0.35546875 0.291015625 0.296875 0.171875 0.228515625
0 0.10546875 0.564453125 0.078125 0.61328125 0.25390625 0.712890625 0.28125 0.666015625 0.275390625 0.6640625
0 0.09765625 0.576171875 0 0.51953125 0 0.568359375 0.078125 0.61328125
0 0 0.64453125 0 0.76171875 0.09375 0.81640625 0.14453125 0.728515625 0.134765625 0.72265625
0 0.134765625 0.72265625 0.1484375 0.697265625 0 0.611328125 0 0.64453125
0 0.30078125 0.931640625 0.34375 0.857421875 0.138671875 0.740234375 0.080078125 0.841796875 0.294921875 0.96484375 0.310546875 0.9375
0 0.111328125 0 0.048828125 0 0 0.083984375 0 0.2109375 0.005859375 0.21484375 0.125 0.0078125
0 0.837890625 0.4296875 0.876953125 0.3671875 0.841796875 0.345703125 0.802734375 0.408203125 0.837890625 0.4296875
0 0.826171875 0.37109375 0.841796875 0.34375 0.80859375 0.32421875 0.79296875 0.353515625 0.826171875 0.37109375