0 0.76171875 0.048828125 0.83984375 0.046875 0.83984375 0 0.76171875 0
0 0.78515625 0.0625 0.728515625 0.0625 0.728515625 0.1015625 0.787109375 0.1015625
0 0.736328125 0.162109375 0.791015625 0.162109375 0.791015625 0.1015625 0.736328125 0.1015625
0 0.89453125 0.25390625 0.89453125 0.20703125 0.77734375 0.20703125 0.77734375 0.25390625 0.794921875 0.25390625 0.794921875 0.302734375 0.873046875 0.302734375 0.873046875 0.25390625
0 0.931640625 0.208984375 0.93359375 0.25 0.955078125 0.25 0.955078125 0.306640625 1 0.306640625 1 0.20703125
0 0 0.771484375 0 0.865234375 0.044921875 0.865234375 0.044921875 0.82421875 0.029296875 0.82421875 0.029296875 0.81640625 0.06640625 0.81640625 0.06640625 0.7734375
0 0.12109375 0.984375 0.1640625 0.986328125 0.1640625 0.904296875 0.123046875 0.904296875
0 0.2265625 0.970703125 0.2265625 0.93359375 0.1875 0.93359375 0.1875 0.97265625 0.17578125 0.97265625 0.17578125 1 0.240234375 1 0.240234375 0.970703125
0 0.20703125 0.677734375 0.20703125 0.640625 0.087890625 0.640625 0.087890625 0.677734375 0.12109375 0.677734375 0.12109375 0.69140625 0.10546875 0.69140625 0.10546875 0.734375 0.1875 0.734375 0.1875 0.693359375 0.173828125 0.693359375 0.173828125 0.68359375 0.1875 0.68359375 0.1875 0.677734375
0 0.244140625 0.640625 0.244140625 0.681640625 0.28125 0.681640625 0.28125 0.69140625 0.26953125 0.69140625 0.26953125 0.734375 0.345703125 0.734375 0.345703125 0.693359375 0.33203125 0.693359375 0.33203125 0.681640625 0.365234375 0.681640625 0.365234375 0.640625
0 0.359375 0.80859375 0.359375 0.845703125 0.375 0.845703125 0.375 0.880859375 0.353515625 0.880859375 0.353515625 0.923828125 0.44140625 0.923828125 0.44140625 0.810546875
0 0.44140625 0.810546875 0.453125 0.810546875 0.453125 0.7109375 0.3984375 0.7109375 0.396484375 0.80859375
0 0.82421875 0.6328125 0.822265625 0.673828125 0.845703125 0.673828125 0.845703125 0.728515625 0.919921875 0.728515625 0.919921875 0.6796875 0.939453125 0.6796875 0.94140625 0.63671875
0 0.978515625 0.630859375 0.978515625 0.671875 0.998046875 0.673828125 0.99609375 0.728515625 1 0.728515625 1 0.630859375
0 0.921875 0.78125 0.923828125 0.80859375 0.943359375 0.806640625 0.94140625 0.779296875
0 0.7421875 0.845703125 0.759765625 0.845703125 0.759765625 0.87890625 0.7421875 0.87890625 0.7421875 0.92578125 0.828125 0.923828125 0.826171875 0.810546875 0.740234375 0.8125
0 0.78515625 0.7109375 0.724609375 0.712890625 0.7265625 0.8125 0.787109375 0.810546875
0 0.953125 0.93359375 0.951171875 0.970703125 0.943359375 0.970703125 0.943359375 0.99609375 0.896484375 0.99609375 0.89453125 1 1 1 1 0.97265625 0.99609375 0.97265625 0.99609375 0.93359375
0 0.998046875 0.06640625 0.998046875 0 0.93359375 0 0.93359375 0.06640625 0.998046875 0.06640625
0 0.095703125 1 0.095703125 0.974609375 0.001953125 0.974609375 0.001953125 1 0.095703125 1
0 0.515625 0.28515625 0.509765625 0.009765625 0.470703125 0.009765625 0.4765625 0.287109375 0.515625 0.28515625