0 0.02734375 0.7265625 0.009765625 0.6640625 0 0.666015625 0 0.732421875
0 0.62890625 0.34375 0.634765625 0.361328125 0.59765625 0.37109375 0.615234375 0.43359375 0.7734375 0.390625 0.755859375 0.328125 0.732421875 0.3359375 0.7265625 0.31640625
0 0.720703125 0.62109375 0.7265625 0.640625 0.69140625 0.650390625 0.70703125 0.70703125 0.84375 0.669921875 0.828125 0.611328125 0.814453125 0.6171875 0.80859375 0.59765625
0 0.916015625 0.0234375 0.923828125 0.052734375 0.89453125 0.060546875 0.88671875 0.03125 0.857421875 0.041015625 0.86328125 0.064453125 0.830078125 0.072265625 0.845703125 0.125 0.99609375 0.08203125 0.982421875 0.03125 0.951171875 0.0390625 0.9453125 0.015625
0 0.462890625 0.703125 0.46875 0.72265625 0.435546875 0.732421875 0.44921875 0.78515625 0.59765625 0.744140625 0.583984375 0.69140625 0.55859375 0.697265625 0.552734375 0.677734375
0 0.671875 0.05078125 0.666015625 0.029296875 0.634765625 0.037109375 0.64453125 0.0703125 0.623046875 0.076171875 0.61328125 0.04296875 0.58203125 0.05078125 0.587890625 0.07421875 0.556640625 0.08203125 0.5703125 0.13671875 0.71484375 0.09765625 0.701171875 0.04296875 0.6796875 0.048828125
0 0.380859375 0.421875 0.384765625 0.4375 0.349609375 0.447265625 0.365234375 0.509765625 0.515625 0.46875 0.498046875 0.40625 0.470703125 0.4140625 0.466796875 0.3984375
0 0.947265625 0.98046875 0.923828125 0.890625 0.771484375 0.931640625 0.7890625 1 0.875 1
0 0.185546875 0.392578125 0.08203125 0.423828125 0.08984375 0.443359375 0.060546875 0.453125 0.076171875 0.505859375 0.189453125 0.470703125 0.21875 0.572265625 0.16015625 0.58984375 0.181640625 0.662109375 0.265625 0.63671875 0.23046875 0.51953125 0.24609375 0.513671875 0.228515625 0.458984375 0.20703125 0.466796875 0.201171875 0.447265625
0 0.193359375 0.7421875 0.30859375 0.70703125 0.294921875 0.658203125 0.177734375 0.693359375
0 0.220703125 0.9140625 0.20703125 0.8671875 0.0078125 0.92578125 0.021484375 0.97265625
0 0.42578125 0.1953125 0.408203125 0.140625 0.197265625 0.205078125 0.212890625 0.259765625
0 0.998046875 0.36562802810077516 0.8671572189922482 0.4133206153100775 0.8830547480620156 0.4799388323643411 0.998046875 0.43224624515503873
0 1 0.6319797722868217 0.9436167635658915 0.6585967781007752 0.9549721414728681 0.7267290455426356 1 0.6985979893410852