0 0.123046875 0.30859375 0.1328125 0.1640625 0.056640625 0.158203125 0.052734375 0.228515625 0 0.224609375 0 0.298828125
0 0 0.427734375 0 0.525390625 0.111328125 0.533203125 0.115234375 0.458984375 0.021484375 0.453125 0.0234375 0.4296875
0 0 0.525390625 0 0.7265625 0.109375 0.736328125 0.11328125 0.67578125 0.0078125 0.66796875 0.017578125 0.52734375
0 0.34375 0.115234375 0.33203125 0.306640625 0.640625 0.32421875 0.65234375 0.1328125
0 0.501953125 0.740234375 0.515625 0.484375 0.453125 0.48046875 0.43359375 0.798828125 1 0.830078125 1 0.76953125 0.568359375 0.744140625
0 0.712890625 0.55078125 0.7109375 0.603515625 0.66796875 0.6015625 0.6640625 0.67578125 0.572265625 0.671875 0.568359375 0.744140625 0.833984375 0.759765625 0.84375 0.55859375
0 0.4140625 0.908203125 0.41015625 0.9765625 0.83203125 1 1 1 1 0.939453125
0 0.28125 0.93359375 0.279296875 0.94921875 0.26171875 0.947265625 0.259765625 0.994140625 0.27734375 0.99609375 0.275390625 1 0.40625 1 0.412109375 0.94140625
0 0.0859375 0.99609375 0.08984375 0.947265625 0.154296875 0.951171875 0.162109375 0.849609375 0.080078125 0.84375 0.080078125 0.82421875 0.041015625 0.822265625 0.041015625 0.841796875 0 0.837890625 0 1 0.12890625 1
0 0.75390625 0.296875 0.751953125 0.34375 0.91015625 0.3515625 0.921875 0.1484375 0.65234375 0.1328125 0.640625 0.3359375 0.75 0.34375
0 0.69921875 0.54296875 0.70703125 0.4453125 0.591796875 0.4375 0.583984375 0.53515625
0 0.63671875 0.66796875 0.638671875 0.58203125 0.568359375 0.578125 0.56640625 0.6640625
0 0.998046875 0.5715388808139534 0.998046875 0.5003785125968992 0.717266230620155 0.48599503391472865 0.7089389534883721 0.5510992005813954