0 0.21484375 0.033203125 0.2578125 0.033203125 0.2578125 0 0.21484375 0
0 0.4765625 0.068359375 0.498046875 0.068359375 0.49609375 0.0234375 0.474609375 0.0234375 0.451171875 0 0.326171875 0 0.328125 0.025390625 0.369140625 0.0234375 0.369140625 0.029296875 0.419921875 0.080078125 0.40234375 0.080078125 0.404296875 0.125 0.435546875 0.125 0.435546875 0.14453125 0.478515625 0.14453125
0 0.244140625 0.16796875 0.244140625 0.177734375 0.208984375 0.177734375 0.208984375 0.208984375 0.21875 0.208984375 0.21875 0.244140625 0.373046875 0.244140625 0.373046875 0.177734375 0.34765625 0.177734375 0.34765625 0.16796875 0.31640625 0.16796875 0.31640625 0.197265625 0.271484375 0.197265625 0.271484375 0.16796875
0 0 0.25 0.05859375 0.25 0.05859375 0.208984375 0.087890625 0.208984375 0.0859375 0.189453125 0.052734375 0.158203125 0.029296875 0.158203125 0.025390625 0.15625 0 0.15625 0 0.1640625 0 0.205078125
0 0.89453125 0.248046875 0.892578125 0.185546875 0.720703125 0.185546875 0.720703125 0.25
0 0.044921875 0.5 0.044921875 0.546875 0.09765625 0.546875 0.09765625 0.5 0.12890625 0.5 0.12890625 0.462890625 0.119140625 0.462890625 0.119140625 0.44921875 0.087890625 0.44921875 0.087890625 0.462890625 0.05078125 0.462890625 0.05078125 0.458984375 0.021484375 0.458984375 0.021484375 0.462890625 0.015625 0.462890625 0.015625 0.45703125 0 0.45703125 0 0.5
0 0.201171875 0.455078125 0.201171875 0.501953125 0.22265625 0.501953125 0.22265625 0.541015625 0.279296875 0.541015625 0.279296875 0.501953125 0.330078125 0.501953125 0.330078125 0.513671875 0.36328125 0.513671875 0.36328125 0.501953125 0.412109375 0.501953125 0.412109375 0.544921875 0.46484375 0.544921875 0.46484375 0.501953125 0.4921875 0.501953125 0.4921875 0.45703125
0 0.22265625 0.609375 0.220703125 0.6640625 0.236328125 0.666015625 0.240234375 0.609375
0 0.296875 0.59765625 0.341796875 0.595703125 0.341796875 0.580078125 0.296875 0.58203125
0 0.11328125 0.66796875 0.1328125 0.66796875 0.1328125 0.611328125 0.115234375 0.611328125
0 0.0859375 0.6171875 0.0859375 0.591796875 0.06640625 0.591796875 0.068359375 0.6171875
0 0.02734375 0.716796875 0.02734375 0.751953125 0.060546875 0.751953125 0.05859375 0.798828125 0.115234375 0.798828125 0.115234375 0.75390625 0.146484375 0.75390625 0.146484375 0.71875
0 0.236328125 0.724609375 0.203125 0.724609375 0.201171875 0.767578125 0.220703125 0.767578125 0.220703125 0.8125 0.28125 0.8125 0.283203125 0.76953125 0.3203125 0.76953125 0.3203125 0.783203125 0.37109375 0.783203125 0.37109375 0.76953125 0.412109375 0.76953125 0.412109375 0.810546875 0.474609375 0.810546875 0.474609375 0.76953125 0.486328125 0.76953125 0.486328125 0.73046875 0.427734375 0.73046875 0.427734375 0.7265625 0.26171875 0.724609375 0.26171875 0.734375 0.236328125 0.734375
0 0.30078125 0.693359375 0.333984375 0.693359375 0.333984375 0.67578125 0.30078125 0.67578125
0 0.662109375 0.486328125 0.662109375 0.4921875 0.62890625 0.4921875 0.62890625 0.53125 0.650390625 0.53125 0.650390625 0.568359375 0.705078125 0.568359375 0.705078125 0.53125 0.818359375 0.53125 0.818359375 0.568359375 0.875 0.5703125 0.875 0.53125 0.890625 0.53125 0.890625 0.494140625 0.865234375 0.494140625 0.865234375 0.486328125
0 0.66015625 0.6953125 0.630859375 0.6953125 0.6328125 0.771484375 0.650390625 0.771484375 0.650390625 0.818359375 0.705078125 0.818359375 0.705078125 0.771484375 0.8125 0.771484375 0.8125 0.8125 0.876953125 0.8125 0.876953125 0.76953125 0.8984375 0.76953125 0.896484375 0.734375 0.794921875 0.736328125 0.794921875 0.724609375 0.724609375 0.724609375 0.724609375 0.736328125 0.703125 0.736328125 0.703125 0.73046875 0.662109375 0.73046875 0.662109375 0.7265625
0 0.65234375 0.966796875 0.65234375 0.974609375 0.6328125 0.974609375 0.6328125 1 0.8984375 1 0.8984375 0.9765625 0.880859375 0.9765625 0.880859375 0.966796875 0.865234375 0.966796875 0.865234375 0.986328125 0.84765625 0.986328125 0.84765625 0.966796875 0.82421875 0.966796875 0.82421875 0.9765625 0.8046875 0.9765625 0.8046875 0.966796875 0.6875 0.966796875 0.6875 0.986328125 0.666015625 0.986328125 0.666015625 0.966796875
0 0.439453125 0.251953125 0.482421875 0.25 0.478515625 0.14453125 0.435546875 0.14453125
0 0.34765625 0.9765625 0.404296875 0.978515625 0.40625 0.953125 0.349609375 0.951171875
0 0.33984375 1 0.35546875 1 0.357421875 0.99609375 0.33984375 0.994140625
0 1 0.24609375 0.998046875 0.185546875 0.94921875 0.185546875 0.94921875 0.24609375
0 0.99609375 1 0.99609375 0.970703125 0.9140625 0.970703125 0.9140625 1
0 0.330078125 0.14453125 0.33203125 0.091796875 0.2265625 0.08984375 0.2265625 0.14453125
0 0.7505753391472868 0.03329396802325582 0.8368762112403102 0.031779917635658926 0.8361191860465117 0.05903282461240311 0.8860828488372092 0.0625 0.8841297238372092 0 0.7122547238372092 0 0.6726017441860466 0.03329396802325582 0.6173389050387597 0.025723716085271332 0.6249091569767442 0.08855680717054265 0.6551901647286822 0.08098655523255816 0.6589752906976745 0.12035186531007754 0.7149951550387597 0.12640806686046513 0.7122547238372092 0.064453125