0 0.138671875 0.0625 0.138671875 0.07421875 0.09765625 0.072265625 0.09765625 0.123046875 0.1328125 0.123046875 0.1328125 0.1328125 0.267578125 0.134765625 0.267578125 0.125 0.30859375 0.125 0.30859375 0.080078125 0.28125 0.078125 0.28125 0.064453125 0.23828125 0.064453125 0.23828125 0.07421875 0.16796875 0.07421875 0.16796875 0.064453125
0 0.203125 0.59375 0.232421875 0.59375 0.232421875 0.607421875 0.251953125 0.607421875 0.25390625 0.6171875 0.2890625 0.615234375 0.2890625 0.607421875 0.30078125 0.60546875 0.30078125 0.591796875 0.328125 0.591796875 0.328125 0.57421875 0.345703125 0.572265625 0.345703125 0.544921875 0.330078125 0.544921875 0.328125 0.521484375 0.302734375 0.521484375 0.302734375 0.53515625 0.28515625 0.53515625 0.287109375 0.544921875 0.251953125 0.544921875 0.251953125 0.53515625 0.23046875 0.53515625 0.23046875 0.5234375 0.1953125 0.5234375 0.197265625 0.546875 0.181640625 0.546875 0.18359375 0.576171875 0.203125 0.576171875 0.203125 0.580078125
0 0.318359375 0.845703125 0.318359375 0.857421875 0.267578125 0.859375 0.24609375 0.859375 0.244140625 0.84765625 0.2109375 0.84765625 0.2109375 0.87109375 0.197265625 0.87109375 0.197265625 0.900390625 0.216796875 0.8984375 0.21875 0.91796875 0.248046875 0.91796875 0.248046875 0.931640625 0.267578125 0.931640625 0.267578125 0.939453125 0.3046875 0.939453125 0.3046875 0.9296875 0.31640625 0.9296875 0.31640625 0.916015625 0.34375 0.916015625 0.34375 0.896484375 0.361328125 0.896484375 0.361328125 0.8671875 0.34375 0.8671875 0.34375 0.845703125
0 0.24609375 0.5234375 0.24609375 0.50390625 0.021484375 0.5078125 0.0234375 0.58203125 0.203125 0.580078125 0.203125 0.576171875 0.18359375 0.576171875 0.181640625 0.546875 0.197265625 0.546875 0.1953125 0.5234375 0.23046875 0.5234375 0.23046875 0.53515625 0.251953125 0.53515625 0.251953125 0.544921875 0.287109375 0.544921875 0.28515625 0.53515625 0.302734375 0.53515625 0.302734375 0.521484375
0 0.11328125 0.826171875 0.11328125 0.837890625 0.09765625 0.83984375 0.09765625 0.83203125 0.080078125 0.83203125 0.080078125 0.83984375 0.0390625 0.83984375 0.041015625 0.849609375 0.02734375 0.849609375 0.02734375 0.83984375 0 0.83984375 0 0.88671875 0.021484375 0.88671875 0.021484375 0.8984375 0.0625 0.8984375 0.0625 0.88671875 0.09375 0.884765625 0.09375 0.8984375 0.123046875 0.896484375 0.123046875 0.884765625 0.138671875 0.884765625 0.138671875 0.86328125 0.146484375 0.86328125 0.14453125 0.84765625 0.138671875 0.84765625 0.138671875 0.83203125 0.123046875 0.83203125 0.123046875 0.82421875
0 0.96484375 0.74609375 0.931640625 0.806640625 1 0.841796875 1 0.763671875
0 0.892578125 0.763671875 0.91796875 0.787109375 1 0.701171875 1 0.654296875
0 0.873046875 0.58984375 0.83203125 0.646484375 0.92578125 0.71484375 0.953125 0.677734375 0.904296875 0.64453125 0.919921875 0.623046875 0.91796875 0.62109375
0 0.83203125 0.646484375 0.80859375 0.6796875 0.892578125 0.740234375 0.91796875 0.70703125
0 0.806640625 0.693359375 0.791015625 0.71484375 0.873046875 0.7734375 0.888671875 0.751953125
0 0.9921875 0.580078125 0.96484375 0.619140625 0.935546875 0.59765625 0.91796875 0.62109375 0.974609375 0.662109375 1 0.626953125 1 0.583984375
0 0.87109375 0.431640625 0.8671875 0.44921875 0.916015625 0.4609375 0.921875 0.43359375
0 0.6328125 0.587890625 0.6171875 0.611328125 0.7265625 0.685546875 0.744140625 0.662109375
0 0.515625 0.49609375 0.474609375 0.447265625 0.447265625 0.47265625 0.494140625 0.52734375 0.537109375 0.5546875 0.53125 0.5625 0.578125 0.595703125 0.583984375 0.587890625 0.6171875 0.611328125 0.6328125 0.587890625 0.556640625 0.53515625
0 0.716796875 0.439453125 0.595703125 0.443359375 0.591796875 0.453125 0.599609375 0.458984375 0.5703125 0.501953125 0.80078125 0.6640625 0.876953125 0.556640625
0 0.8671875 0.48828125 0.837890625 0.52734375 0.96484375 0.619140625 0.9921875 0.580078125
0 0.82421875 0.4375 0.716796875 0.439453125 0.80859375 0.505859375 0.845703125 0.453125
0 0.55078125 0.48828125 0.5390625 0.5078125 0.5859375 0.541015625 0.59765625 0.521484375
0 0.57421875 0.443359375 0.5078125 0.443359375 0.5078125 0.470703125 0.57421875 0.47265625
0 0.94140625 0.9453125 0.91015625 0.921875 0.857421875 0.98828125 0.78515625 0.994140625 0.78515625 1 0.8984375 1
0 0.82421875 0.896484375 0.80859375 0.92578125 0.857421875 0.951171875 0.873046875 0.919921875