0 0.8984375 0.189453125 0.8984375 0.1953125 0.8203125 0.197265625 0.8203125 0.189453125 0.806640625 0.189453125 0.8046875 0.189453125 0.8046875 0.197265625 0.771484375 0.197265625 0.771484375 0.24609375 0.939453125 0.244140625 0.939453125 0.1953125 0.9140625 0.1953125 0.912109375 0.189453125
0 0.220703125 0.056640625 0.28515625 0.02734375 0.271484375 0 0.1953125 0
0 0.474609375 0.21875 0.4375 0.236328125 0.443359375 0.24609375 0.400390625 0.267578125 0.39453125 0.255859375 0.353515625 0.275390625 0.37109375 0.3125 0.404296875 0.298828125 0.41796875 0.326171875 0.474609375 0.298828125 0.462890625 0.2734375 0.4921875 0.2578125
0 0.580078125 0.45703125 0.54296875 0.474609375 0.546875 0.484375 0.505859375 0.50390625 0.5 0.494140625 0.455078125 0.515625 0.474609375 0.552734375 0.505859375 0.537109375 0.517578125 0.564453125 0.578125 0.53515625 0.56640625 0.509765625 0.59765625 0.494140625
0 0.689453125 0.703125 0.65625 0.71875 0.662109375 0.734375 0.615234375 0.755859375 0.609375 0.740234375 0.57421875 0.7578125 0.591796875 0.796875 0.625 0.78125 0.63671875 0.806640625 0.69140625 0.78125 0.6796875 0.7578125 0.708984375 0.744140625
0 0.806640625 0.95703125 0.771484375 0.974609375 0.7734375 0.98046875 0.732421875 1 0.826171875 1
0 0.44140625 0.150390625 0.39453125 0.158203125 0.341796875 0.18359375 0.296875 0.23828125 0.65234375 1 0.7109375 1 0.724609375 0.994140625 0.7265625 1 0.732421875 1 0.751953125 0.990234375 0.66015625 0.796875 0.63671875 0.806640625 0.625 0.78125 0.591796875 0.796875 0.57421875 0.7578125 0.609375 0.740234375 0.615234375 0.755859375 0.63671875 0.74609375 0.546875 0.55078125 0.517578125 0.564453125 0.505859375 0.537109375 0.474609375 0.552734375 0.455078125 0.515625 0.5 0.494140625 0.505859375 0.50390625 0.521484375 0.49609375 0.4375 0.31640625 0.41796875 0.326171875 0.404296875 0.298828125 0.37109375 0.3125 0.353515625 0.275390625 0.39453125 0.255859375 0.400390625 0.267578125 0.443359375 0.24609375 0.4375 0.236328125 0.474609375 0.21875
0 0.802734375 0.509765625 0.76953125 0.52734375 0.7734375 0.53515625 0.724609375 0.55859375 0.720703125 0.55078125 0.6875 0.564453125 0.70703125 0.607421875 0.736328125 0.591796875 0.75 0.6171875 0.802734375 0.591796875 0.791015625 0.564453125 0.822265625 0.548828125
0 0.9140625 0.75390625 0.8828125 0.767578125 0.88671875 0.775390625 0.8359375 0.798828125 0.83203125 0.791015625 0.798828125 0.806640625 0.81640625 0.845703125 0.8515625 0.830078125 0.861328125 0.853515625 0.91015625 0.830078125 0.900390625 0.810546875 0.93359375 0.796875
0 0.689453125 0.263671875 0.65234375 0.28125 0.66015625 0.296875 0.611328125 0.3203125 0.603515625 0.3046875 0.572265625 0.3203125 0.59375 0.369140625 0.62890625 0.3515625 0.640625 0.376953125 0.69140625 0.353515625 0.6796875 0.326171875 0.7109375 0.310546875
0 0.97265625 0.728515625 0.9921875 0.76953125 1 0.765625 1 0.71484375
0 0.890625 0.451171875 1 0.447265625 1 0.39453125 0.890625 0.3984375
0 0.794921875 0.0546875 0.771484375 0 0.517578125 0.08203125 0.541015625 0.146484375 0.794921875 0.0546875
0 0.083984375 0.998046875 0.08203125 0.95703125 0.001953125 0.958984375 0.00390625 1 0.083984375 0.998046875
0 0.998046875 0.203125 1 0.134765625 0.974609375 0.134765625 0.97265625 0.203125 0.998046875 0.203125