0 0.1171875 0.494140625 0.103515625 0.6796875 0.171875 0.68359375 0.185546875 0.498046875
0 0.111328125 0.58203125 0.05078125 0.578125 0.0390625 0.744140625 0.099609375 0.75 0.103515625 0.6796875
0 0.091796875 0.400390625 0.078125 0.4765625 0.119140625 0.48046875 0.125 0.40234375
0 0.078125 0.4765625 0.05859375 0.578125 0.111328125 0.58203125 0.119140625 0.48046875
0 0.15625 0.447265625 0.349609375 0.474609375 0.357421875 0.419921875 0.1640625 0.392578125
0 0.880859375 0.5234375 0.875 0.587890625 1 0.599609375 1 0.53515625
0 0.763671875 0.8125 0.755859375 0.896484375 1 0.919921875 1 0.8359375
0 0.734375 0.974609375 0.73046875 1 0.99609375 1 0.748046875 0.974609375
0 0.755859375 0.896484375 0.748046875 0.974609375 1 0.998046875 1 0.919921875
0 0.59375 1 0.658203125 1 0.6640625 0.93359375 0.474609375 0.9140625 0.46875 0.98828125
0 0.46875 0.98828125 0.466796875 1 0.59375 1
0 0.408203125 0.794921875 0.3984375 0.8984375 0.4375 0.90234375 0.44140625 0.865234375 0.65625 0.88671875 0.662109375 0.8203125
0 0.39453125 0.908203125 0.384765625 1 0.466796875 1 0.46875 0.98828125 0.42578125 0.982421875 0.427734375 0.958984375 0.46875 0.962890625 0.474609375 0.916015625
0 0.046875 0.62109375 0 0.630859375 0 0.6953125 0.04296875 0.685546875
0 0.3828125 0.546875 0.33203125 0.544921875 0.326171875 0.685546875 0.376953125 0.6875 0.3828125 0.56640625
0 0.326171875 0.685546875 0.32421875 0.748046875 0.375 0.75 0.376953125 0.6875
0 0.390625 0.486328125 0.595703125 0.509765625 0.6015625 0.453125 0.396484375 0.4296875
0 0.572265625 0.73828125 0.619140625 0.74609375 0.65625 0.4921875 0.607421875 0.486328125
0 0.65234375 0.19921875 0.75 0.208984375 0.75390625 0.169921875 0.65625 0.16015625
0 0.865234375 0.27734375 0.861328125 0.306640625 0.93359375 0.3125 0.931640625 0.330078125 0.978515625 0.333984375 0.978515625 0.318359375 1 0.318359375 1 0.291015625
0 0.076171875 0.93359375 0.076171875 0.990234375 0.306640625 0.990234375 0.306640625 0.93359375
0 0.076171875 0.93359375 0.015625 0.931640625 0.013671875 1 0.076171875 1 0.076171875 0.990234375
0 0.369140625 0.791015625 0.01171875 0.791015625 0.01171875 0.857421875 0.306640625 0.859375 0.3046875 1 0.3671875 1 0.369140625 0.859375
0 0.3828125 0.56640625 0.375 0.75 0.462890625 0.75390625 0.470703125 0.5703125
0 0.748046875 0.73828125 0.76953125 0.6015625 0.671875 0.587890625 0.650390625 0.72265625 0.748046875 0.73828125
0 0.822265625 0.576171875 0.82421875 0.533203125 0.767578125 0.52734375 0.763671875 0.572265625 0.822265625 0.576171875
0 0.8515625 0.1171875 0.8828125 0.04296875 0.8515625 0.03125 0.8203125 0.103515625 0.8515625 0.1171875
0 0.7109375 0.568359375 0.71484375 0.533203125 0.685546875 0.53125 0.681640625 0.564453125 0.7109375 0.568359375
0 0.7109375 0.80859375 0.71484375 0.7578125 0.640625 0.751953125 0.63671875 0.802734375 0.7109375 0.80859375
0 0.642578125 0.806640625 0.64453125 0.76171875 0.595703125 0.7578125 0.591796875 0.802734375 0.642578125 0.806640625
0 0.587890625 0.806640625 0.58984375 0.771484375 0.53125 0.76953125 0.529296875 0.806640625 0.587890625 0.806640625