0 0 0.703125 0 0.767578125 0.2109375 0.767578125 0.2109375 0.75390625 0.224609375 0.75390625 0.224609375 0.734375 0.2109375 0.734375 0.2109375 0.705078125
0 0.263671875 0.7734375 0.263671875 0.794921875 0.248046875 0.794921875 0.248046875 0.810546875 0.263671875 0.810546875 0.26171875 0.82421875 0.52734375 0.826171875 0.52734375 0.810546875 0.54296875 0.810546875 0.54296875 0.794921875 0.52734375 0.794921875 0.52734375 0.7734375
0 0.24609375 0.947265625 0 0.9453125 0 1 0.24609375 1
0 0.45703125 0.955078125 0.458984375 0.896484375 0.29296875 0.896484375 0.29296875 1 0.326171875 1 0.326171875 0.998046875 0.37890625 0.998046875 0.37890625 1 0.4140625 1 0.4140625 0.998046875 0.45703125 0.998046875 0.45703125 1 0.482421875 1 0.482421875 0.955078125
0 0.6640625 0.833984375 0.65234375 0.83203125 0.6484375 0.8515625 0.66015625 0.853515625 0.65625 0.87109375 0.9140625 0.916015625 0.916015625 0.900390625 0.931640625 0.90234375 0.935546875 0.880859375 0.919921875 0.87890625 0.92578125 0.853515625 0.66796875 0.806640625
0 1 0.029296875 1 0 0.861328125 0 0.998046875 0.037109375
0 0.98046875 0.3671875 1 0.296875 1 0.2578125 0.978515625 0.25390625 0.94921875 0.357421875
0 0.94140625 0.2265625 0.84375 0.19921875 0.818359375 0.29296875 0.916015625 0.318359375 0.92578125 0.28125
0 0.927734375 0.3515625 0.9453125 0.287109375 0.92578125 0.28125 0.900390625 0.375 0.97265625 0.39453125 0.98046875 0.3671875
0 0.67578125 0.3125 0.634765625 0.302734375 0.62890625 0.32421875 0.669921875 0.333984375
0 0.212890625 0.021484375 0.189453125 0.099609375 0.212890625 0.10546875 0.234375 0.02734375
0 0.279296875 0 0.216796875 0 0.212890625 0.021484375 0.3125 0.048828125 0.322265625 0.01171875
0 0.18359375 0.154296875 0.298828125 0.185546875 0.310546875 0.14453125 0.1953125 0.11328125
0 0.51953125 0.0390625 0.529296875 0 0.376953125 0
0 0.373046875 0.017578125 0.361328125 0.056640625 0.50390625 0.095703125 0.515625 0.056640625
0 0.359375 0.068359375 0.349609375 0.099609375 0.4921875 0.138671875 0.5 0.109375
0 0.345703125 0.1171875 0.3359375 0.15234375 0.4765625 0.19140625 0.48828125 0.15625
0 0.33203125 0.16796875 0.322265625 0.19921875 0.46484375 0.23828125 0.47265625 0.20703125
0 0.572265625 0.00390625 0.5625 0.04296875 0.708984375 0.08203125 0.720703125 0.044921875
0 0.556640625 0.060546875 0.548828125 0.09375 0.6953125 0.1328125 0.705078125 0.1015625
0 0.54296875 0.11328125 0.533203125 0.146484375 0.681640625 0.1875 0.689453125 0.154296875
0 0.529296875 0.1640625 0.51953125 0.1953125 0.66796875 0.236328125 0.67578125 0.205078125
0 0.513671875 0.220703125 0.5078125 0.244140625 0.654296875 0.283203125 0.66015625 0.26171875
0 0.849609375 0.177734375 0.857421875 0.138671875 0.80859375 0.12890625 0.80078125 0.16796875 0.849609375 0.177734375