0 0.66796875 0 0.599609375 0 0.4921875 0.03515625 0.509765625 0.103515625 0.68359375 0.046875
0 0.482421875 0 0.451171875 0 0.482421875 0.12109375 0.51171875 0.115234375 0.486328125 0.0078125
0 0.75390625 0.849609375 0.697265625 0.61328125 0.572265625 0.642578125 0.630859375 0.880859375
0 0.58984375 0.947265625 0.59765625 0.98046875 0.650390625 0.966796875 0.642578125 0.93359375
0 0.833984375 0.607421875 0.798828125 0.615234375 0.8046875 0.640625 0.7734375 0.6484375 0.7890625 0.708984375 0.85546875 0.693359375
0 0.814453125 0.8203125 0.84765625 0.8125 0.8359375 0.765625 0.802734375 0.7734375
0 0.966796875 0.970703125 0.92578125 0.98046875 0.9296875 1 0.97265625 1
0 0.935546875 0.88671875 0.87890625 0.900390625 0.90234375 1 0.9296875 1 0.92578125 0.98046875 0.955078125 0.97265625
0 0.572265625 0.642578125 0.5 0.66015625 0.560546875 0.912109375 0.580078125 0.908203125 0.58984375 0.947265625 0.642578125 0.93359375 0.630859375 0.880859375
0 0.888671875 0.943359375 0.86328125 0.94921875 0.875 1 0.90234375 1
0 0.75390625 0.849609375 0.630859375 0.880859375 0.658203125 1 0.791015625 1 0.76171875 0.87890625
0 0.8203125 0.9140625 0.80859375 0.8671875 0.76171875 0.87890625 0.791015625 1 0.875 1 0.86328125 0.94921875 0.888671875 0.943359375 0.87890625 0.900390625
0 0.072265625 0.9609375 0.07421875 0.96875 0.046875 0.974609375 0.044921875 0.96875 0.001953125 0.98046875 0.00390625 0.986328125 0 0.986328125 0 1 0.146484375 1 0.134765625 0.953125 0.1171875 0.95703125 0.115234375 0.951171875
0 0.17578125 0.998046875 0.205078125 0.990234375 0.20703125 1 0.234375 0.994140625 0.232421875 0.986328125 0.2578125 0.978515625 0.259765625 0.986328125 0.291015625 0.978515625 0.28515625 0.9609375 0.287109375 0.9609375 0.275390625 0.916015625 0.26171875 0.91796875 0.259765625 0.912109375 0.21484375 0.923828125 0.216796875 0.931640625 0.189453125 0.9375 0.1875 0.931640625 0.150390625 0.94140625 0.15234375 0.947265625 0.134765625 0.953125 0.146484375 1 0.17578125 1
0 0.111328125 0.7734375 0.109375 0.763671875 0.06640625 0.775390625 0.068359375 0.78515625 0.033203125 0.79296875 0.029296875 0.78515625 0 0.791015625 0 0.85546875 0.0078125 0.853515625 0.01171875 0.865234375 0.02734375 0.861328125 0.025390625 0.849609375 0.046875 0.84375 0.048828125 0.85546875 0.0859375 0.845703125 0.083984375 0.8359375 0.10546875 0.830078125 0.109375 0.83984375 0.130859375 0.833984375 0.126953125 0.822265625 0.142578125 0.818359375 0.125 0.76953125
0 0.14453125 0.830078125 0.16015625 0.826171875 0.158203125 0.81640625 0.16796875 0.814453125 0.169921875 0.82421875 0.19140625 0.818359375 0.1875 0.806640625 0.205078125 0.80078125 0.19140625 0.751953125 0.16796875 0.7578125 0.166015625 0.75 0.12890625 0.7578125 0.1328125 0.767578125 0.125 0.76953125 0.142578125 0.818359375
0 0.759765625 0.59765625 0.697265625 0.61328125 0.76171875 0.87890625 0.826171875 0.86328125 0.7734375 0.6484375
0 0.990234375 0.626953125 0.978515625 0.580078125 0.9453125 0.58984375 0.95703125 0.63671875 0.990234375 0.626953125
0 1 0.044921875 1 0 0.90234375 0 0.90234375 0.044921875 1 0.044921875
0 0.560546875 0.453125 0.552734375 0.412109375 0.49609375 0.423828125 0.50390625 0.46484375 0.560546875 0.453125