0 0.0234375 0.595703125 0.009765625 0.63671875 0.140625 0.6796875 0.154296875 0.638671875 0.052734375 0.60546875
0 0.068359375 0.560546875 0.052734375 0.60546875 0.263671875 0.67578125 0.27734375 0.630859375
0 0.544921875 0.837890625 0.53125 0.833984375 0.513671875 0.88671875 0.52734375 0.890625 0.521484375 0.90625 0.6171875 0.939453125 0.623046875 0.923828125 0.6328125 0.92578125 0.650390625 0.873046875 0.640625 0.87109375 0.646484375 0.853515625 0.55078125 0.822265625
0 0.33984375 0.767578125 0.330078125 0.763671875 0.3125 0.81640625 0.322265625 0.8203125 0.31640625 0.8359375 0.416015625 0.87109375 0.421875 0.853515625 0.4296875 0.857421875 0.447265625 0.8046875 0.439453125 0.80078125 0.4453125 0.787109375 0.34375 0.75390625
0 0.73046875 0.953125 0.72265625 0.951171875 0.705078125 1 0.833984375 1 0.837890625 0.990234375 0.830078125 0.98828125 0.8359375 0.97265625 0.734375 0.9375
0 0.15625 0.833984375 0.14453125 0.8671875 0.154296875 0.87109375 0.138671875 0.916015625 0.232421875 0.94921875 0.248046875 0.90234375 0.251953125 0.904296875 0.263671875 0.87109375
0 0 0.783203125 0 0.857421875 0.03515625 0.869140625 0.048828125 0.83203125 0.060546875 0.8359375 0.0703125 0.806640625
0 0.93359375 0.763671875 1 0.78125 1 0.740234375 0.943359375 0.724609375
0 0.91796875 0.759765625 0.93359375 0.763671875 0.943359375 0.724609375 1 0.740234375 1 0.720703125 0.93359375 0.703125
0 0.796875 0.693359375 0.80859375 0.65625 0.689453125 0.619140625 0.677734375 0.654296875
0 0.4765625 0.59765625 0.490234375 0.55859375 0.439453125 0.541015625 0.42578125 0.580078125
0 0.8203125 0 0.671875 0 0.900390625 0.076171875 0.9140625 0.03125
0 0.568359375 0.03125 0.55078125 0.080078125 0.73828125 0.142578125 0.75390625 0.09375
0 0.529296875 0.138671875 0.515625 0.181640625 0.728515625 0.248046875 0.7421875 0.205078125
0 0.51171875 0.0625 0.52734375 0.013671875 0.486328125 0 0.322265625 0
0 0.28515625 0.041015625 0.267578125 0.091796875 0.484375 0.166015625 0.501953125 0.115234375
0 0.103515625 0 0 0 0 0.00390625 0.09375 0.033203125 0.1015625 0.013671875
0 0.8359375 0.20703125 0.86328125 0.123046875 0.76953125 0.091796875 0.740234375 0.17578125 0.83203125 0.20703125
0 0.744140625 0.201171875 0.728515625 0.248046875 0.8125 0.275390625 0.828125 0.228515625
0 0.28515625 0.029296875 0.197265625 0 0.189453125 0 0.171875 0.05859375 0.263671875 0.08984375 0.283203125 0.033203125
0 0.142578125 0.025390625 0.1484375 0 0.10546875 0 0.1015625 0.013671875