0 0.041015625 0.892578125 0 0.90234375 0 1 0.0390625 1 0.064453125 0.994140625
0 0.142578125 0.64453125 0.123046875 0.6484375 0.142578125 0.73046875 0.162109375 0.724609375
0 0.171875 0.72265625 0.064453125 0.75 0.123046875 0.98828125 0.23046875 0.9609375
0 0.513671875 0.87109375 0.4609375 0.884765625 0.470703125 0.92578125 0.423828125 0.9375 0.4296875 0.962890625 0.4765625 0.951171875 0.48046875 0.96484375 0.533203125 0.951171875
0 0.5 0.7109375 0.810546875 0.634765625 0.79296875 0.560546875 0.48828125 0.634765625 0.494140625 0.662109375 0.474609375 0.66796875 0.443359375 0.69921875 0.44921875 0.72265625 0.43359375 0.7265625 0.4609375 0.837890625 0.52734375 0.822265625
0 0.498046875 0.244140625 0.419921875 0.263671875 0.46875 0.462890625 0.548828125 0.443359375
0 0.685546875 0.197265625 0.6015625 0.21875 0.654296875 0.435546875 0.73828125 0.4140625
0 0.66796875 0.123046875 0.40234375 0.189453125 0.419921875 0.263671875 0.685546875 0.197265625
0 0.33984375 0.005859375 0.361328125 0.017578125 0.384765625 0.025390625 0.408203125 0.033203125 0.431640625 0.0390625 0.451171875 0.04296875 0.46875 0.044921875 0.494140625 0.046875 0.51953125 0.046875 0.54296875 0.046875 0.568359375 0.04296875 0.591796875 0.0390625 0.6171875 0.033203125 0.640625 0.025390625 0.6328125 0 0.328125 0
0 0.572265625 0.04296875 0.568359375 0.04296875 0.56640625 0.04296875 0.5625 0.044921875 0.54296875 0.046875 0.525390625 0.046875 0.521484375 0.046875 0.51953125 0.046875 0.513671875 0.046875 0.505859375 0.046875 0.533203125 0.15625 0.603515625 0.138671875 0.580078125 0.041015625
0 0.9296875 0.751953125 0.91796875 0.71875 0.876953125 0.734375 0.890625 0.767578125
0 0.21875 0.4296875 0.236328125 0.404296875 0.193359375 0.375 0.17578125 0.400390625
0 0.10032577220077221 0.5806889478764479 0 0.6035834942084942 0 0.7012397442084942 0.04150579150579148 0.6892796814671814 0.12294884169884168 0.6704271235521235