0 0.060546875 0.18359375 0.060546875 0.12890625 0 0.125 0 0.1796875
0 0 0.001953125 0 0.064453125 0.09765625 0.103515625 0.138671875 0 0 0
0 0.197265625 0.27734375 0.60546875 0.29296875 0.607421875 0.23828125 0.19921875 0.22265625
0 0.64453125 0.3046875 0.953125 0.31640625 0.955078125 0.255859375 0.6484375 0.244140625
0 0.640625 0.466796875 0.95703125 0.478515625 0.958984375 0.41796875 0.642578125 0.40625
0 0.6015625 0.33203125 0.359375 0.3203125 0.357421875 0.390625 0.59765625 0.40234375
0 0.2734375 0.38671875 0.271484375 0.439453125 0.607421875 0.455078125 0.609375 0.40234375
0 0.564453125 0.5 0.55859375 0.640625 0.61328125 0.642578125 0.619140625 0.501953125
0 0.626953125 0.806640625 0.623046875 0.859375 0.787109375 0.8671875 0.7890625 0.814453125 0.654296875 0.806640625
0 0.7265625 0.630859375 0.9375 0.630859375 0.9375 0.578125 0.7265625 0.578125
0 0.8359375 0.884765625 1 0.890625 1 0.833984375 0.837890625 0.828125
0 0.05078125 0.654296875 0.046875 0.716796875 0 0.71484375 0 0.7734375 0.044921875 0.77734375 0.046875 0.75 0.103515625 0.75390625 0.109375 0.65625
0 0.052734375 0.8203125 0.05078125 0.884765625 0 0.880859375 0 0.935546875 0.099609375 0.939453125 0.103515625 0.822265625
0 0.423828125 0.482421875 0.421875 0.54296875 0.52734375 0.548828125 0.529296875 0.48828125
0 0.275390625 0.525390625 0.345703125 0.529296875 0.349609375 0.478515625 0.27734375 0.474609375
0 0.228515625 0.587890625 0.220703125 0.650390625 0.52734375 0.66796875 0.53125 0.60546875
0 0.619140625 0.501953125 0.61328125 0.623046875 0.666015625 0.625 0.669921875 0.50390625
0 0.669921875 0.65625 0.666015625 0.755859375 0.765625 0.76171875 0.76953125 0.66015625
0 0.671875 0.625 0.61328125 0.623046875 0.611328125 0.662109375 0.572265625 0.66015625 0.5703125 0.72265625 0.609375 0.724609375 0.666015625 0.7265625 0.669921875 0.65625
0 0.65625 0.755859375 0.654296875 0.806640625 0.763671875 0.8125 0.765625 0.76171875 0.666015625 0.755859375
0 0.15625 0.576171875 0.23828125 0.3828125 0.16015625 0.349609375 0.13671875 0.408203125 0.154296875 0.416015625 0.078125 0.599609375 0.201171875 0.650390625 0.20703125 0.59765625
0 0.154296875 0.416015625 0.13671875 0.408203125 0.05859375 0.591796875 0.078125 0.599609375 0.09765625 0.55078125
0 0.1875 0.5546875 0.22265625 0.572265625 0.251953125 0.505859375 0.216796875 0.490234375
0 0.986328125 0 0.955078125 0 0.951171875 0.09765625 0.71484375 0.083984375 0.7109375 0.1328125 1 0.1484375 1 0
0 0.275390625 0.1171875 0.6484375 0.140625 0.65234375 0.087890625 0.279296875 0.064453125
0 1 0.71484375 1 0.625 0.955078125 0.623046875 0.953125 0.71484375 1 0.71484375
0 0.751953125 0.970703125 0.75390625 0.919921875 0.66015625 0.916015625 0.658203125 0.966796875 0.751953125 0.970703125
0 0.169921875 0.98046875 0.169921875 0.9140625 0.1328125 0.9140625 0.1328125 0.982421875 0.169921875 0.98046875