0 0.98828125 0.296875 1 0.296875 1 0.2734375 0.990234375 0.2734375
0 0.17578125 0.96875 0.21875 0.9921875 0.236328125 0.9609375 0.19140625 0.9375
0 0.392578125 0.958984375 0.38671875 0.98828125 0.408203125 0.994140625 0.40625 1 0.455078125 1 0.4609375 0.974609375
0 0.38671875 0.98828125 0.3828125 1 0.40625 1 0.408203125 0.994140625
0 0.27734375 0.935546875 0.2734375 0.953125 0.267578125 0.951171875 0.26171875 0.974609375 0.302734375 0.986328125 0.3125 0.9453125
0 0.1640625 1 0.203125 1 0.205078125 0.998046875 0.173828125 0.982421875
0 0.98046875 0.40234375 1 0.404296875 1 0.30859375 0.99609375 0.30859375
0 0.958984375 0.310546875 0.9453125 0.37890625 0.974609375 0.384765625 0.98828125 0.31640625
0 0.560546875 0.896484375 0.6171875 0.98046875 0.6328125 0.96875 0.576171875 0.88671875
0 0.1875 0.927734375 0.23828125 0.953125 0.248046875 0.935546875 0.197265625 0.908203125
0 0.19140625 0.9375 0.1796875 0.931640625 0.1640625 0.9609375 0.17578125 0.96875
0 0.376953125 0.779296875 0.33984375 0.798828125 0.3515625 0.822265625 0.388671875 0.80078125
0 0.365234375 0.755859375 0.328125 0.775390625 0.33984375 0.798828125 0.376953125 0.779296875
0 0.12109375 0.947265625 0.103515625 0.98046875 0.12109375 0.98828125 0.138671875 0.95703125
0 0.015625 0.541015625 0.025390625 0.5234375 0 0.5078125 0 0.53125
0 0.033203125 0.431640625 0.0546875 0.419921875 0.04296875 0.396484375 0.021484375 0.408203125
0 0.111328125 0.41015625 0.123046875 0.390625 0.095703125 0.375 0.083984375 0.39453125
0 0.76171875 0.16015625 0.78125 0.162109375 0.78125 0.15234375 0.76171875 0.15234375
0 1 0.822265625 1 0.755859375 0.900390625 0.767578125 0.908203125 0.833984375 1 0.822265625