0 0.6875 0.53515625 1 0.53515625 1 0.48046875 0.6875 0.48046875
0 0.6953125 0.638671875 0.658203125 0.638671875 0.658203125 0.69140625 0.6953125 0.69140625 0.6953125 0.640625
0 0.6953125 0.640625 0.6953125 0.69140625 1 0.69140625 1 0.640625
0 0.6640625 0.869140625 1 0.8671875 1 0.80859375 0.6640625 0.80859375
0 0.958984375 0.14453125 0.958984375 0.083984375 0.638671875 0.083984375 0.638671875 0.14453125
0 0.94921875 0.34375 0.94921875 0.27734375 0.6328125 0.27734375 0.6328125 0.345703125
0 0.546875 0.673828125 0.546875 0.70703125 0.271484375 0.705078125 0.271484375 0.759765625 0.544921875 0.763671875 0.546875 0.74609375 0.59375 0.748046875 0.59375 0.673828125
0 0.5859375 0.59765625 0.587890625 0.54296875 0.275390625 0.53515625 0.2734375 0.591796875
0 0.580078125 0.306640625 0.580078125 0.251953125 0.2734375 0.25 0.271484375 0.3046875
0 0.583984375 0.15625 0.583984375 0.09765625 0.26953125 0.103515625 0.26953125 0.16015625
0 0.283203125 0.79296875 0.232421875 0.79296875 0.232421875 1 0.283203125 1 0.283203125 0.833984375
0 0.35546875 0.79296875 0.283203125 0.79296875 0.283203125 0.833984375 0.35546875 0.833984375 0.35546875 0.798828125
0 0.306640625 0.908203125 0.306640625 0.970703125 0.326171875 0.970703125 0.326171875 1 0.3515625 1 0.3515625 0.908203125
0 0.298828125 0.849609375 0.298828125 0.888671875 0.3515625 0.888671875 0.3515625 0.849609375
0 0.39453125 0.923828125 0.39453125 0.849609375 0.3515625 0.849609375 0.3515625 1 0.431640625 1 0.431640625 0.923828125
0 0.53515625 0.88671875 0.5546875 0.88671875 0.5546875 0.798828125 0.482421875 0.798828125 0.482421875 0.923828125 0.53515625 0.923828125
0 0.482421875 0.798828125 0.35546875 0.798828125 0.35546875 0.849609375 0.39453125 0.849609375 0.39453125 0.923828125 0.482421875 0.923828125 0.482421875 0.849609375
0 0 0.666015625 0 1 0.01953125 1 0.021484375 0.666015625
0 0.955078125 1 0.955078125 0.9765625 0.673828125 0.974609375 0.673828125 1 0.955078125 1
0 0.53515625 0.025390625 0.53515625 0 0.310546875 0 0.310546875 0.025390625 0.53515625 0.025390625
0 0.998046875 0.376953125 0.998046875 0.330078125 0.951171875 0.330078125 0.951171875 0.376953125 0.998046875 0.376953125
0 0.556640625 1 0.546875 0.939453125 0.5 0.94921875 0.51171875 1 0.556640625 1