0 0.861328125 0.041015625 0.884765625 0 0.787109375 0
0 0.880859375 0.046875 1 0.11328125 1 0.056640625 0.904296875 0.00390625
0 0.82421875 0.138671875 0.9765625 0.22265625 1 0.181640625 1 0.16796875 0.8515625 0.0859375
0 0.669921875 0.052734375 0.806640625 0.12890625 0.833984375 0.08203125 0.697265625 0.005859375
0 0.646484375 0.037109375 0.666015625 0 0.578125 0
0 0.416015625 0.12109375 0.439453125 0.080078125 0.408203125 0.0625 0.416015625 0.048828125 0.38671875 0.03125 0.37890625 0.044921875 0.296875 0 0.201171875 0
0 0.03125 0.111328125 0.3359375 0.283203125 0.361328125 0.23828125 0.326171875 0.21875 0.333984375 0.208984375 0.306640625 0.193359375 0.30078125 0.205078125 0.123046875 0.103515625 0.12890625 0.09375 0.09375 0.07421875 0.087890625 0.083984375 0.056640625 0.06640625
0 0 0.201171875 0 0.251953125 0.203125 0.3671875 0.224609375 0.326171875 0.18359375 0.302734375 0.189453125 0.291015625 0.16796875 0.279296875 0.162109375 0.291015625 0.078125 0.2421875 0.08203125 0.234375 0.05078125 0.21484375 0.046875 0.224609375 0.001953125 0.19921875
0 0.884765625 0.50390625 1 0.564453125 1 0.47265625 0.9609375 0.453125 0.955078125 0.46484375 0.916015625 0.443359375
0 0.634765625 0.49609375 0.796875 0.587890625 0.822265625 0.541015625 0.66015625 0.44921875
0 0.611328125 0.138671875 0.7578125 0.220703125 0.78515625 0.171875 0.638671875 0.08984375
0 0.568359375 0.2265625 0.712890625 0.30859375 0.73828125 0.26171875 0.59375 0.1796875
0 0.23046875 0.396484375 0.3046875 0.4375 0.33203125 0.390625 0.255859375 0.349609375
0 0.390625 0.24609375 0.490234375 0.302734375 0.513671875 0.26171875 0.4140625 0.205078125
0 0.7265625 0.314453125 0.896484375 0.41015625 0.921875 0.361328125 0.75390625 0.267578125
0 0.455078125 0.517578125 0.55859375 0.57421875 0.5859375 0.52734375 0.482421875 0.46875
0 0.345703125 0.341796875 0.4375 0.39453125 0.4609375 0.349609375 0.369140625 0.298828125
0 0.466796875 0.40625 0.60546875 0.484375 0.630859375 0.439453125 0.4921875 0.361328125
0 0.517578125 0.31640625 0.658203125 0.396484375 0.685546875 0.3515625 0.54296875 0.271484375
0 0.5859375 0.587890625 0.73046875 0.66796875 0.755859375 0.623046875 0.61328125 0.541015625
0 0.48828125 0.068359375 0.591796875 0.12890625 0.619140625 0.08203125 0.513671875 0.021484375
0 0.783203125 0.234375 0.9453125 0.326171875 0.97265625 0.27734375 0.810546875 0.1875
0 0.328125 0.451171875 0.421875 0.50390625 0.44921875 0.453125 0.35546875 0.400390625
0 0.44140625 0.158203125 0.54296875 0.21484375 0.5703125 0.16796875 0.466796875 0.111328125
0 0.705078125 0.419921875 0.806640625 0.478515625 0.8359375 0.427734375 0.732421875 0.369140625
0 0.416015625 0.580078125 0.30859375 0.521484375 0.2578125 0.6171875 0.365234375 0.67578125
0 0.2578125 0.6171875 0.095703125 0.91796875 0.19921875 0.974609375 0.361328125 0.673828125
0 0.361328125 0.673828125 0.19921875 0.974609375 0.24609375 1 0.38671875 1 0.517578125 0.7578125 0.365234375 0.67578125
0 0.404296875 0.65234375 0.583984375 0.75 0.62890625 0.66796875 0.44921875 0.5703125
0 0.802734375 0.869140625 0.8984375 0.919921875 0.939453125 0.841796875 0.845703125 0.7890625
0 0.55078125 0.77734375 0.455078125 0.955078125 0.484375 0.970703125 0.466796875 1 0.75 1 0.798828125 0.912109375
0 0.806640625 0.634765625 0.951171875 0.712890625 0.998046875 0.625 0.853515625 0.546875
0 0.97265625 0.89453125 0.91796875 0.986328125 0.94140625 1 1 1 1 0.91015625
0 0.068359375 0.853515625 0.111328125 0.7734375 0 0.712890625 0 0.81640625
0 0.1171875 0.44140625 0.140625 0.400390625 0 0.32421875 0 0.376953125
0 0.087890625 0.52734375 0.111328125 0.484375 0 0.423828125 0 0.48046875
0 0.720703125 0.806640625 0.73828125 0.76953125 0.69140625 0.74609375 0.671875 0.783203125 0.720703125 0.806640625