0 0.021484375 0.375 0.134765625 0.375 0.134765625 0.291015625 0.021484375 0.291015625
0 0.041015625 0.56640625 0.041015625 0.541015625 0 0.541015625 0 0.56640625
0 0.017578125 0.666015625 0.017578125 0.6171875 0 0.6171875 0 0.666015625
0 0.06640625 0.654296875 0.154296875 0.654296875 0.154296875 0.587890625 0.06640625 0.587890625
0 0.154296875 0.54296875 0.068359375 0.54296875 0.068359375 0.57421875 0.154296875 0.57421875
0 0.18359375 0.57421875 0.18359375 0.546875 0.154296875 0.546875 0.154296875 0.57421875 0.173828125 0.57421875
0 0.21484375 0.57421875 0.21484375 0.546875 0.18359375 0.546875 0.18359375 0.57421875 0.205078125 0.57421875
0 0.173828125 0.57421875 0.173828125 0.732421875 0.205078125 0.732421875 0.205078125 0.57421875
0 0.064453125 0.728515625 0.064453125 0.76171875 0.169921875 0.76171875 0.169921875 0.728515625
0 0.146484375 0.14453125 0.1484375 0.001953125 0 0 0 0.142578125 0.146484375 0.14453125
0 0.02734375 0.759765625 0.029296875 0.71484375 0 0.71484375 0 0.759765625 0.02734375 0.759765625
0 0.041015625 0.5078125 0.04296875 0.46875 0 0.466796875 0 0.5078125 0.041015625 0.5078125
0 0.146484375 0.287109375 0.1484375 0.23828125 0.00390625 0.236328125 0.00390625 0.28515625 0.146484375 0.287109375