0 0.025390625 0.763671875 0 0.830078125 0 0.84765625 0.046875 0.8671875 0.078125 0.783203125
0 0.08203125 0.919921875 0 0.88671875 0 1 0.033203125 1 0.052734375 0.953125 0.06640625 0.958984375 0.07421875 0.94140625
0 0.048828125 0.701171875 0.025390625 0.763671875 0.27734375 0.857421875 0.30078125 0.796875
0 0.078125 0.783203125 0.041015625 0.880859375 0.08984375 0.900390625 0.126953125 0.80078125
0 0.677734375 0.935546875 0.345703125 0.80859375 0.3203125 0.875 0.65234375 1 0.67578125 0.939453125
0 0.67578125 0.939453125 0.65234375 1 0.8359375 1
0 0.126953125 0.80078125 0.06640625 0.958984375 0.052734375 0.953125 0.033203125 1 0.6484375 1 0.3203125 0.875
0 1 0.265625 1 0.228515625 0.921875 0.19921875 0.91015625 0.232421875
0 0.53125 0.0859375 0.5390625 0.0625 0.474609375 0.037109375 0.46484375 0.060546875
0 0.6875 0.146484375 0.701171875 0.111328125 0.572265625 0.060546875 0.55859375 0.09765625
0 0.732421875 0.8671875 0.873046875 0.921875 0.888671875 0.87890625 0.748046875 0.82421875
0 0.255859375 0.025390625 0.15234375 0.296875 0.263671875 0.33984375 0.3671875 0.068359375
0 0.3828125 0.029296875 0.1640625 0.599609375 0.916015625 0.888671875 1 0.66796875 1 0.265625
0 0.0703125 0.47265625 0.125 0.33203125 0.0625 0.306640625 0 0.46875 0 0.513671875 0.1015625 0.552734375 0.125 0.4921875
0 0.125 0.4921875 0.16796875 0.380859375 0.11328125 0.359375 0.0703125 0.47265625
0 0.861328125 0 0.73828125 0 0.71484375 0.05859375 0.837890625 0.10546875 0.876953125 0.005859375
0 0.912109375 0.01953125 0.875 0.109375 1 0.158203125 1 0.0546875
0 0.662109375 0.005859375 0.68359375 0.013671875 0.6875 0 0.6640625 0