0 0.095703125 0.708984375 0.12890625 0.716796875 0.1484375 0.6328125 0.115234375 0.625
0 0.345703125 0.337890625 0.3671875 0.341796875 0.37109375 0.318359375 0.3515625 0.314453125
0 0.21875 0.46484375 0.18359375 0.58203125 0.263671875 0.60546875 0.296875 0.48828125 0.248046875 0.47265625
0 0.21875 0.59375 0.162109375 0.7890625 0.205078125 0.80078125 0.263671875 0.60546875
0 0.291015625 0.310546875 0.248046875 0.47265625 0.2890625 0.486328125 0.33203125 0.322265625
0 0.837890625 0.4609375 0.826171875 0.513671875 0.86328125 0.521484375 0.875 0.46875
0 0.767578125 0.61328125 0.828125 0.630859375 0.857421875 0.53125 0.794921875 0.515625
0 0.861328125 0.40234375 0.869140625 0.40625 0.94140625 0.26953125 0.931640625 0.265625
0 0.93359375 0.296875 0.95703125 0.310546875 0.9609375 0.302734375 0.939453125 0.2890625
0 0.9296875 0.306640625 0.966796875 0.330078125 0.97265625 0.322265625 0.93359375 0.298828125
0 0.92578125 0.314453125 0.962890625 0.337890625 0.966796875 0.330078125 0.9296875 0.306640625
0 0.978515625 0.34765625 0.923828125 0.318359375 0.919921875 0.32421875 0.974609375 0.35546875
0 0.919921875 0.32421875 0.916015625 0.33203125 0.9765625 0.365234375 0.98046875 0.357421875 0.974609375 0.35546875
0 0.91015625 0.341796875 0.970703125 0.375 0.974609375 0.3671875 0.9140625 0.3359375
0 0.91015625 0.341796875 0.90625 0.349609375 0.96875 0.3828125 0.97265625 0.375 0.970703125 0.375
0 0.90234375 0.361328125 0.9609375 0.392578125 0.966796875 0.384765625 0.90625 0.353515625
0 0.8984375 0.3671875 0.95703125 0.400390625 0.9609375 0.392578125 0.90234375 0.361328125
0 0.892578125 0.376953125 0.951171875 0.408203125 0.955078125 0.400390625 0.896484375 0.37109375
0 0.892578125 0.376953125 0.890625 0.384765625 0.947265625 0.4140625 0.951171875 0.408203125
0 0.884765625 0.39453125 0.9453125 0.427734375 0.94921875 0.419921875 0.888671875 0.38671875
0 0.880859375 0.40234375 0.94140625 0.435546875 0.9453125 0.427734375 0.884765625 0.39453125
0 0.875 0.41015625 0.935546875 0.4453125 0.939453125 0.4375 0.87890625 0.404296875
0 0.732421875 0.619140625 0.744140625 0.62109375 0.751953125 0.58984375 0.740234375 0.5859375
0 0.767578125 0.486328125 0.740234375 0.478515625 0.689453125 0.66796875 0.716796875 0.67578125 0.732421875 0.619140625
0 0.75390625 0.703125 0.76953125 0.708984375 0.77734375 0.689453125 0.76171875 0.68359375
0 0.634765625 0.8671875 0.6640625 0.875 0.712890625 0.69140625 0.685546875 0.68359375
0 0.974609375 0.8828125 1 0.8828125 1 0.830078125 0.974609375 0.830078125
0 0.86328125 0.845703125 0.8515625 0.869140625 0.876953125 0.87890625 0.88671875 0.857421875
0 0.8515625 0.869140625 0.802734375 0.974609375 0.8359375 0.990234375 0.884765625 0.884765625 0.876953125 0.87890625
0 0.88671875 0.857421875 0.9296875 0.765625 0.904296875 0.75390625 0.86328125 0.845703125
0 0.796875 0.970703125 0.787109375 0.994140625 0.798828125 1 0.830078125 1 0.8359375 0.990234375 0.802734375 0.974609375
0 0.876953125 1 1 1 1 0.927734375 0.95703125 0.927734375 0.955078125 0.916015625 0.900390625 0.91796875 0.900390625 0.9609375 0.876953125 0.9609375
0 0.005859375 0.345703125 0.005859375 0.3125 0.07421875 0.314453125 0.0703125 0.2265625 0 0.2265625 0 0.34375
0 0.359375 1 0.359375 0.94140625 0.19140625 0.94140625 0.19140625 1 0.359375 1