0 0.341796875 0.1328125 0.3515625 0 0.435546875 0 0.427734375 0.138671875
0 0.001953125 0.13671875 0.171875 0.046875 0.197265625 0.0859375 0.02734375 0.173828125
0 0.1608527131782946 0.4685834544573643 0.2448825096899225 0.42543301841085274 0.3152858527131783 0.5321735707364339 0.23201308139534885 0.576081031976744
0 0.005859375 0.30078125 0.05078125 0.271484375 0.0703125 0.3046875 0.025390625 0.3359375
0 0 0.8700657894736842 0.140625 0.771484375 0.201171875 0.849609375 0.04975328947368424 0.9317434210526315
0 0.3359375 0.81640625 0.373046875 0.779296875 0.44921875 0.85546875 0.412109375 0.892578125
0 0.435546875 0.55078125 0.626953125 0.4453125 0.689453125 0.5234375 0.5 0.6328125
0 0.31640625 0.650390625 0.3359375 0.5859375 0.43359375 0.615234375 0.4140625 0.677734375
0 0.8792696220930233 0.5601835029069767 0.9973655523255814 0.5018925629844961 0.998046875 0.5844083091085271 0.9769258720930233 0.5518562257751938 0.9345324612403102 0.5753240067829457 0.998046875 0.6858496850775193 0.9693556201550387 0.7078034156976744
0 0.3828125 0.703125 0.42578125 0.66015625 0.48828125 0.73828125 0.447265625 0.78125
0 0.7578125 0.03515625 0.861328125 0 0.890625 0.0078125 0.78515625 0.078125
0 0.001953125 0.537109375 0.052734375 0.494140625 0.068359375 0.529296875 0 0.5828942587209303
0 0 0.673828125 0.126953125 0.587890625 0.1484375 0.62890625 0.01953125 0.71484375
0 0.017578125 0.75 0.1640625 0.65625 0.193359375 0.697265625 0.04296875 0.791015625
0 0.25390625 0.904296875 0.369140625 0.83984375 0.392578125 0.880859375 0.28125 0.947265625
0 0.201171875 0.8203125 0.3203125 0.751953125 0.34765625 0.794921875 0.2265625 0.86328125
0 0.5703125 0.580078125 0.603515625 0.560546875 0.66015625 0.66015625 0.626953125 0.6796875
0 0.6007401315789473 0.7734374999999999 0.5432771381578947 0.7046669407894737 0.7131990131578947 0.6284950657894737 0.7621299342105263 0.685032894736842
0 0.814453125 0.40234375 0.833984375 0.392578125 0.8671875 0.435546875 0.845703125 0.447265625
0 0.771484375 0.34765625 0.81640625 0.3125 0.84375 0.369140625 0.798828125 0.404296875
0 0 0.6188322368421052 0.08984375 0.5641447368421052 0.111328125 0.5993009868421052 0.01953125 0.6559416118421052
0 0.5299327761627907 0.39232073643410853 0.5729015261627907 0.36693011143410853 0.5982921511627907 0.41185198643410853 0.5553234011627907 0.43724261143410853
0 0.5885265261627907 0.39818011143410853 0.6334484011627907 0.37669573643410853 0.6451671511627907 0.40208636143410853 0.6021984011627907 0.42552386143410853
0 0.810546875 0.873046875 0.888671875 0.82421875 0.96875 0.943359375 0.888671875 0.99609375
0 0.66015625 0.9296875 0.79296875 0.861328125 0.84375 0.923828125 0.708984375 0.994140625
0 0.09087171052631582 0.30365953947368424 0.24609375000000003 0.20805921052631582 0.21319901315789477 0.17516447368421056 0.06106085526315791 0.265625
0 0.5606496710526316 0.8967927631578947 0.6058799342105263 0.8824013157894736 0.6685855263157895 0.9954769736842104 0.627467105263158 0.997532894736842
0 0.25699491279069764 0.9421632751937984 0.2395833333333333 0.9035549903100775 0.08060804263565888 1 0.1600956879844961 1
0 0.095703125 0.447265625 0.0703125 0.408203125 0.0234375 0.44140625 0.048828125 0.478515625
0 0.3030523255813954 0.3859465843023256 0.3870821220930233 0.342796148255814 0.4574854651162791 0.4495367005813952 0.37421269379844957 0.49344416182170536
0 0.4376816860465117 0.29346838662790703 0.5217114825581396 0.25031795058139544 0.5921148255813954 0.35705850290697666 0.5088420542635659 0.4009659641472868