0 0.08203125 0.091796875 0.26171875 0 0.1171875 0 0.052734375 0.033203125
0 0.15625 0.25 0.455078125 0.099609375 0.42578125 0.041015625 0.126953125 0.193359375
0 0.244140625 0.390625 0.556640625 0.232421875 0.52734375 0.171875 0.212890625 0.330078125
0 0.01953125 0.126953125 0 0.13671875 0 0.267578125 0.001953125 0.271484375 0.07421875 0.234375
0 0.171875 0.671875 0.2734375 0.611328125 0.240234375 0.55859375 0.140625 0.619140625
0 0.0859375 0.486328125 0.185546875 0.42578125 0.154296875 0.373046875 0.052734375 0.43359375
0 0.30859375 0.564453125 0.482421875 0.4609375 0.451171875 0.40625 0.275390625 0.509765625
0 0.498046875 0.4609375 0.669921875 0.357421875 0.634765625 0.296875 0.4609375 0.40234375
0 0.58203125 0.69921875 0.818359375 0.5625 0.787109375 0.505859375 0.548828125 0.642578125
0 0.224609375 0.787109375 0.234375 0.802734375 0.197265625 0.82421875 0.23046875 0.884765625 0.337890625 0.82421875 0.302734375 0.763671875 0.28125 0.775390625 0.271484375 0.759765625
0 0.3828125 0.810546875 0.5390625 0.720703125 0.505859375 0.666015625 0.3515625 0.755859375
0 0.177734375 0.923828125 0.14453125 0.869140625 0 0.953125 0 1 0.044921875 1
0 0.10546875 0.767578125 0.07421875 0.70703125 0 0.74609375 0 0.822265625
0 0.54296875 1 0.638671875 1 0.80859375 0.900390625 0.775390625 0.845703125 0.537109375 0.98828125
0 0.8984375 0.8828125 1 0.814453125 1 0.775390625 0.974609375 0.736328125 0.853515625 0.814453125
0 0.998046875 0.93359375 1 0.861328125 0.966796875 0.861328125 0.966796875 0.93359375 0.998046875 0.93359375