0 0.935546875 0.001953125 0.826171875 0.19921875 0.94140625 0.263671875 1 0.158203125 1 0.037109375
0 0.923828125 0.025390625 0.876953125 0 0.46875 0 0.826171875 0.19921875 0.916015625 0.0390625
0 0.50390625 0.349609375 0.796875 0.51171875 0.859375 0.3984375 0.568359375 0.234375
0 0.458984375 0.728515625 0.537109375 0.7734375 0.689453125 0.5 0.611328125 0.45703125 0.580078125 0.513671875
0 0.3828125 0.328125 0.3515625 0.384765625 0.580078125 0.513671875 0.611328125 0.45703125
0 0.705078125 0.59765625 0.736328125 0.615234375 0.771484375 0.55078125 0.740234375 0.533203125
0 0.669921875 0.78515625 0.744140625 0.646484375 0.720703125 0.634765625 0.64453125 0.76953125
0 0.20703125 0.37109375 0.140625 0.486328125 0.431640625 0.6484375 0.49609375 0.533203125
0 0.28125 0.3359375 0.31640625 0.2734375 0.2734375 0.25 0.23828125 0.3125
0 0.326171875 0.15625 0.2734375 0.25 0.31640625 0.2734375 0.369140625 0.1796875
0 0.982421875 0.44921875 0.91015625 0.578125 0.935546875 0.591796875 0.9140625 0.6328125 1 0.6796875 1 0.458984375
0 1 0.8984375 1 0.818359375 0.990234375 0.814453125 1 0.794921875 1 0.779296875 0.943359375 0.748046875 0.92578125 0.779296875 0.83203125 0.7265625 0.798828125 0.787109375 0.994140625 0.896484375
0 0.900390625 0.84375 0.849609375 0.81640625 0.8359375 0.83984375 0.861328125 0.85546875 0.84375 0.884765625 0.943359375 0.939453125 0.9609375 0.91015625 0.98046875 0.921875 0.994140625 0.896484375 0.943359375 0.8671875 0.923828125 0.90234375 0.880859375 0.876953125
0 0.0859375 0.642578125 0.111328125 0.65625 0.08203125 0.708984375 0.076171875 0.705078125 0.001953125 0.71484375 0 0.716796875 0 0.7890625 0.029296875 0.806640625 0.283203125 0.775390625 0.291015625 0.826171875 0.501953125 0.943359375 0.501953125 0.96875 0.486328125 0.970703125 0.484375 0.970703125 0.4609375 0.970703125 0.4609375 0.95703125 0.44921875 0.951171875 0.4296875 0.986328125 0.427734375 1 0.5390625 1 0.5703125 0.9375 0.541015625 0.919921875 0.5546875 0.896484375 0.58984375 0.916015625 0.6015625 0.892578125 0.099609375 0.6171875
0 0.166015625 0.072265625 0.166015625 0 0 0 0 0.072265625 0.166015625 0.072265625
0 0.86328125 0.716796875 0.892578125 0.671875 0.8515625 0.646484375 0.82421875 0.69140625 0.86328125 0.716796875