0 0.751953125 0.841796875 0.900390625 0.826171875 0.916015625 0.87890625 0.763671875 0.89453125
0 0.1761628951149425 0.08804777298850576 0.2742456896551724 0.08066181752873562 0.2801050646551724 0.12363056752873564 0.17953035201149423 0.13070222701149425
0 0.8090049342105263 0.5629111842105263 0.9750205592105263 0.5570518092105263 0.9886924342105263 0.6195518092105263 0.8168174342105263 0.6273643092105263
0 0.0703125 0.884765625 0.3125 0.841796875 0.322265625 0.890625 0.078125 0.93359375
0 0.45265591916212955 0.3380265048396855 0.6342965441621295 0.3204483798396855 0.6421090441621295 0.3712296298396855 0.45851529416212955 0.3927140048396855
0 0.4340049342105262 0.5959087171052632 0.5316611842105262 0.5959087171052632 0.5316611842105262 0.6662212171052632 0.4340049342105262 0.6662212171052632
0 0 0.765625 0.154296875 0.7578125 0.158203125 0.8046875 0.005859375 0.814453125
0 0.17578125 0.7265625 0.396484375 0.705078125 0.400390625 0.74609375 0.1796875 0.767578125
0 0.634765625 0.208984375 0.791015625 0.193359375 0.796875 0.234375 0.640625 0.25390625
0 0 0.052734375 0.107421875 0.041015625 0.115234375 0.09375 0.0078125 0.103515625
0 0.5042146381578948 0.41385690789473684 0.6311677631578948 0.40409128289473684 0.6409333881578948 0.47440378289473684 0.5139802631578948 0.4822162828947367
0 0.361328125 0.845703125 0.52734375 0.822265625 0.53515625 0.865234375 0.369140625 0.888671875
0 0.5510896381578947 0.7183388157894737 0.8147615131578947 0.6949013157894737 0.8245271381578947 0.7613075657894737 0.5608552631578947 0.7847450657894737
0 0.44531249999999994 0.7216282894736843 0.54296875 0.7216282894736843 0.54296875 0.7763157894736843 0.44531249999999994 0.7763157894736843
0 0.189453125 0.59765625 0.392578125 0.580078125 0.3984375 0.62890625 0.1953125 0.650390625
0 0.1940328663793104 0.46958063936781613 0.3873922413793104 0.45395563936781613 0.3932516163793104 0.5086431393678161 0.1998922413793104 0.5242681393678161
0 0.16796875 0.3515625 0.3671875 0.3359375 0.373046875 0.384765625 0.171875 0.40234375
0 0 0.669921875 0.158203125 0.662109375 0.162109375 0.703125 0.001953125 0.71484375
0 0.00390625 0.361328125 0.142578125 0.353515625 0.146484375 0.396484375 0.005859375 0.40625
0 0.001953125 0.568359375 0.162109375 0.560546875 0.1640625 0.60546875 0.00390625 0.61328125
0 0.001953125 0.46484375 0.146484375 0.453125 0.150390625 0.498046875 0.00390625 0.509765625
0 0.595703125 0.0072737068965517265 0.640625 0.0033674568965517265 0.650390625 0.10492995689655173 0.603515625 0.11078933189655173
0 0 0.263671875 0.130859375 0.251953125 0.13671875 0.29296875 0.00390625 0.3046875
0 0.001953125 0.16718301005747127 0.107421875 0.15546426005747127 0.111328125 0.20038613505747127 0.001953125 0.21015176005747127
0 0.6479436063218391 0.11298940373563215 0.8022404813218391 0.09736440373563215 0.8080998563218391 0.13447377873563215 0.6557561063218391 0.15009877873563215
0 0.65234375 0.0390625 0.65234375 0 0.798828125 0 0.798828125 0.0390625
0 0.337890625 0.94921875 0.5390625 0.94921875 0.5390625 1 0.337890625 1
0 0.8194818606321839 0.2768049568965517 0.8702631106321839 0.2631330818965517 0.8800287356321839 0.3002424568965517 0.8292474856321839 0.3139143318965517
0 0.15625 0.2421875 0.33984375 0.224609375 0.34375 0.271484375 0.162109375 0.291015625
0 0.802734375 0.189453125 0.9765625 0.189453125 0.9765625 0.244140625 0.802734375 0.244140625
0 0.8203125 0.36328125 0.9921875 0.349609375 0.99609375 0.388671875 0.826171875 0.40234375
0 0.82421875 0.4453125 0.994140625 0.435546875 0.998046875 0.4765625 0.828125 0.490234375
0 0.287109375 0.064453125 0.31640625 0.064453125 0.31640625 0.123046875 0.287109375 0.123046875
0 0.403668283045977 0.32949443247126436 0.456402658045977 0.32949443247126436 0.456402658045977 0.38222880747126436 0.403668283045977 0.38222880747126436
0 0.8911389802631579 0.6788651315789473 0.875719572368421 0.7210115131578947 0.998046875 0.7147383181511471 0.998046875 0.665501644736842
0 0.8575116738505747 0.09590517241379311 0.8620016163793104 0.1542744252873563 0.998046875 0.15029649374873966 0.998046875 0.08019037356321838
0 0.5690328663793104 0.5202047413793104 0.5881151221264368 0.5819414511494253 0.7654678520114943 0.5617367097701149 0.7643453663793104 0.49775502873563215
0 0.35912805316091956 0.22948096264367818 0.36249551005747127 0.28448275862068967 0.5780127514367817 0.28448275862068967 0.585870150862069 0.23509339080459773
0 0.04370959051724138 0.890625 0.044832076149425276 0.9377693965517242 0.005545079022988508 0.9456267959770115 0.001055136494252873 0.890625
0 0.998046875 0.029296875 0.998046875 0 0.845703125 0 0.845703125 0.029296875 0.998046875 0.029296875
0 1 0.853515625 0.998046875 0.8046875 0.92578125 0.810546875 0.9296875 0.859375 1 0.853515625
0 0.33203125 0.0234375 0.33203125 0 0.1171875 0 0.1171875 0.021484375 0.33203125 0.0234375
0 0.8515625 0.119140625 0.84765625 0 0.810546875 0 0.814453125 0.119140625 0.8515625 0.119140625
0 0.470703125 0.142578125 0.4609375 0.037109375 0.359375 0.044921875 0.369140625 0.150390625 0.470703125 0.142578125