0 0.7421875 1 0.814453125 1 1 0.962890625 1 0.87109375 0.728515625 0.92578125
0 0.724609375 0.78125 0.740234375 0.859375 1 0.806640625 1 0.724609375
0 0.162109375 0.88671875 0.18359375 1 0.455078125 1 0.626953125 0.966796875 0.59375 0.802734375
0 0.15625 0.61328125 0.146484375 0.5703125 0 0.59765625 0 0.642578125
0 0.6875 0.666015625 1 0.603515625 1 0.517578125 0.671875 0.58203125
0 0.41015625 0.265625 0.66015625 0.216796875 0.650390625 0.1640625 0.400390625 0.212890625
0 0.369140625 0.033203125 0.541015625 0 0.361328125 0
0 0.095703125 0.01171875 0.0390625 0.0234375 0.0546875 0.099609375 0.111328125 0.087890625
0 0.10546875 0.009765625 0.095703125 0.01171875 0.111328125 0.087890625 0.302734375 0.05078125 0.291015625 0 0.1015625 0
0 0.78125 0.47265625 0.88671875 0.453125 0.880859375 0.423828125 0.775390625 0.443359375
0 0.072265625 0.99609375 0.06640625 0.90625 0 0.91015625 0 1 0.072265625 0.99609375
0 0.91015625 0.259765625 0.90234375 0.2265625 0.853515625 0.23828125 0.86328125 0.271484375 0.91015625 0.259765625
0 1 0.4765625 0.99609375 0.431640625 0.857421875 0.46484375 0.8671875 0.509765625 1 0.4765625
0 0.16796875 0.822265625 0.138671875 0.673828125 0.068359375 0.6875 0.09765625 0.8359375 0.16796875 0.822265625