0 0.345703125 0.84375 0.38671875 0.80078125 0.384765625 0.775390625 0.16015625 0.796875 0.166015625 0.859375 0.2890625 0.84765625
0 0.19921875 0.857421875 0.166015625 0.859375 0.1484375 0.880859375 0.205078125 0.927734375 0.23828125 0.890625
0 0.119140625 0.81640625 0.111328125 0.80859375 0.091796875 0.83203125 0.1484375 0.880859375 0.166015625 0.859375 0.162109375 0.8125
0 0.2890625 0.84765625 0.2734375 0.849609375 0.205078125 0.927734375 0.244140625 0.962890625 0.3203125 0.875
0 0.248046875 0.96484375 0.091796875 0.83203125 0.037109375 0.89453125 0.16015625 1 0.216796875 1
0 0.71875 0.912109375 0.68359375 0.947265625 0.71875 0.982421875 0.75390625 0.9453125
0 0.794921875 0.984375 0.779296875 1 0.810546875 1
0 0.626953125 0.9921875 0.662109375 0.953125 0.626953125 0.921875 0.591796875 0.958984375
0 0.55078125 1 0.623046875 1 0.57421875 0.94921875 0.537109375 0.986328125
0 0.869140625 0.826171875 0.91796875 0.87109375 0.94921875 0.837890625 0.900390625 0.791015625
0 0.658203125 0.853515625 0.623046875 0.890625 0.68359375 0.947265625 0.71875 0.912109375
0 0.69140625 0.974609375 0.66796875 1 0.716796875 1
0 0.84375 0.740234375 0.8125 0.7734375 0.869140625 0.826171875 0.900390625 0.791015625
0 0.94921875 0.837890625 0.91796875 0.87109375 0.984375 0.93359375 1 0.916015625 1 0.884765625
0 0.76953125 0.9609375 0.736328125 0.998046875 0.73828125 1 0.779296875 1 0.794921875 0.984375
0 0.0859375 0.1484375 0.14453125 0.1484375 0.14453125 0 0 0 0 0.037109375
0 0.01953125 0.220703125 0 0.220703125 0 0.28515625 0.015625 0.28515625 0.060546875 0.251953125
0 0.3046875 0.26171875 0.166015625 0.283203125 0.173828125 0.333984375 0.310546875 0.314453125 0.310546875 0.310546875
0 0.505859375 0.228515625 0.345703125 0.25390625 0.353515625 0.3046875 0.515625 0.279296875
0 0.607421875 0.26171875 0.7734375 0.234375 0.765625 0.185546875 0.599609375 0.212890625
0 0.345703125 0.255859375 0.3046875 0.26171875 0.310546875 0.310546875 0.353515625 0.3046875
0 0.515625 0.287109375 0.591796875 0.275390625 0.583984375 0.216796875 0.505859375 0.228515625 0.515625 0.279296875
0 0.51171875 0.029296875 0.5078125 0 0.41015625 0 0.392578125 0.001953125 0.3984375 0.044921875 0.41796875 0.041015625 0.41796875 0.04296875 0.44140625 0.041015625 0.44140625 0.0546875 0.419921875 0.056640625 0.423828125 0.099609375 0.505859375 0.091796875 0.5 0.048828125 0.484375 0.05078125 0.482421875 0.03515625
0 0.693359375 0.0234375 0.697265625 0.0390625 0.7890625 0.015625 0.78515625 0 0.685546875 0
0 0.556640625 0.013671875 0.591796875 0.009765625 0.591796875 0.0234375 0.55859375 0.02734375 0.5625 0.0703125 0.66015625 0.05859375 0.6484375 0.015625 0.669921875 0.009765625 0.66796875 0 0.5546875 0
0 0.234375 0.015625 0.23828125 0.037109375 0.216796875 0.041015625 0.21484375 0.041015625 0.234375 0.130859375 0.318359375 0.119140625 0.333984375 0.115234375 0.330078125 0.09765625 0.30859375 0.1015625 0.302734375 0.064453125 0.3203125 0.060546875 0.3125 0.0234375 0.28125 0.029296875 0.27734375 0.005859375
0 0.900390625 0.20703125 0.908203125 0.26171875 1 0.2421875 1 0.1875
0 0.935546875 0.029296875 0.9296875 0.0859375 0.986328125 0.083984375 0.986328125 0.076171875 1 0.076171875 1 0.029296875
0 0.994140625 0.7734375 0.921875 0.70703125 0.87890625 0.751953125 0.951171875 0.818359375 0.990234375 0.77734375
0 0.990234375 0.77734375 0.951171875 0.818359375 0.982421875 0.849609375 1 0.830078125 1 0.78515625
0 0.982421875 0.849609375 1 0.865234375 1 0.830078125
0 0.0546875 0.9375 0 0.984375 0 1 0.107421875 1
0 0.25390625 0.95703125 0.216796875 1 0.267578125 1 0.283203125 0.982421875
0 0.38671875 0.966796875 0.373046875 0.955078125 0.484375 0.826171875 0.447265625 0.79296875 0.275390625 0.9921875 0.283203125 1 0.361328125 1
0 0.509765625 0.912109375 0.47265625 0.9609375 0.494140625 0.978515625 0.53125 0.9296875
0 0.642578125 0.7421875 0.61328125 0.779296875 0.638671875 0.80078125 0.66796875 0.76171875
0 0.630859375 0.755859375 0.609375 0.73828125 0.537109375 0.75 0.533203125 0.755859375 0.548828125 0.767578125 0.390625 0.96875 0.38671875 0.966796875 0.361328125 1 0.474609375 1 0.494140625 0.9765625 0.47265625 0.9609375
0 0.544921875 0.8671875 0.513671875 0.90625 0.541015625 0.927734375 0.572265625 0.88671875
0 0.607421875 0.78515625 0.576171875 0.826171875 0.607421875 0.8515625 0.640625 0.810546875
0 0.140625 0.380859375 0.12890625 0.330078125 0.01171875 0.357421875 0.0234375 0.408203125 0.140625 0.380859375
0 0.44140625 0.39453125 0.4375 0.357421875 0.30859375 0.375 0.314453125 0.412109375 0.44140625 0.39453125
0 0.546875 0.380859375 0.5390625 0.341796875 0.439453125 0.357421875 0.447265625 0.396484375 0.546875 0.380859375
0 0.3046875 0.4140625 0.30078125 0.376953125 0.208984375 0.390625 0.212890625 0.427734375 0.3046875 0.4140625
0 0.810546875 0.2578125 0.7890625 0.23046875 0.740234375 0.26953125 0.76171875 0.294921875 0.810546875 0.2578125
0 0.615234375 0.353515625 0.60546875 0.314453125 0.5625 0.326171875 0.572265625 0.365234375 0.615234375 0.353515625
0 0.755859375 0.30078125 0.736328125 0.259765625 0.693359375 0.279296875 0.7109375 0.3203125 0.755859375 0.30078125