0 0.2890625 0.63671875 0.412109375 0.677734375 0.435546875 0.609375 0.310546875 0.568359375
0 0.203125 0.859375 0.486328125 0.951171875 0.505859375 0.890625 0.22265625 0.798828125
0 0.2421875 0.73046875 0.37109375 0.7734375 0.390625 0.7109375 0.26171875 0.669921875
0 0.453125 0.685546875 0.57421875 0.724609375 0.595703125 0.66015625 0.474609375 0.62109375
0 0.42578125 0.798828125 0.5625 0.84375 0.583984375 0.779296875 0.447265625 0.734375
0 0.611328125 0.8046875 0.65234375 0.818359375 0.681640625 0.732421875 0.966796875 0.826171875 0.96875 0.822265625 0.640625 0.712890625
0 0.65234375 0.818359375 0.939453125 0.912109375 0.966796875 0.826171875 0.681640625 0.732421875
0 0.822265625 1 0.9140625 1 0.9375 0.93359375 0.853515625 0.90625
0 0 0.734375 0 0.791015625 0.091796875 0.818359375 0.107421875 0.767578125
0 0 0.55078125 0 0.61328125 0.041015625 0.626953125 0.05859375 0.568359375
0 0.05859375 0.568359375 0.041015625 0.626953125 0.1953125 0.671875 0.2109375 0.615234375
0 0.15625 0.35546875 0.150390625 0.3828125 0.1640625 0.38671875 0.154296875 0.4296875 0.171875 0.435546875 0.1640625 0.470703125 0.228515625 0.48828125 0.236328125 0.451171875 0.267578125 0.458984375 0.279296875 0.416015625 0.298828125 0.421875 0.306640625 0.39453125
0 0.302734375 0.40625 0.298828125 0.421875 0.279296875 0.416015625 0.267578125 0.458984375 0.236328125 0.451171875 0.232421875 0.47265625 0.3046875 0.494140625 0.330078125 0.416015625
0 0.025390625 0.3359375 0.001953125 0.330078125 0 0.3359375 0 0.396484375 0.16796875 0.451171875 0.171875 0.435546875 0.154296875 0.4296875 0.1640625 0.38671875 0.150390625 0.3828125 0.15625 0.361328125 0.03125 0.3203125
0 0.642578125 0.291015625 0.62890625 0.287109375 0.61328125 0.3359375 0.62890625 0.33984375 0.623046875 0.357421875 0.724609375 0.388671875 0.73046875 0.37109375 0.740234375 0.373046875 0.75390625 0.32421875 0.744140625 0.322265625 0.75 0.30078125 0.6484375 0.271484375
0 0.435546875 0.228515625 0.427734375 0.2265625 0.412109375 0.28125 0.419921875 0.283203125 0.4140625 0.298828125 0.51171875 0.330078125 0.517578125 0.310546875 0.53125 0.314453125 0.546875 0.259765625 0.53515625 0.255859375 0.5390625 0.240234375 0.44140625 0.2109375
0 0.970703125 0.662109375 0.94921875 0.728515625 1 0.744140625 1 0.671875
0 0.470703125 0.439453125 0.453125 0.490234375 1 0.671875 1 0.615234375
0 0.42578125 0.44140625 0.396484375 0.52734375 0.4375 0.541015625 0.46484375 0.455078125
0 0.5234375 0.541015625 0.51171875 0.580078125 0.70703125 0.64453125 0.720703125 0.60546875
0 0.720703125 0.60546875 0.703125 0.658203125 0.826171875 0.697265625 0.841796875 0.64453125
0 0.78125 0.4296875 1 0.501953125 1 0.458984375 0.794921875 0.388671875