0 1 0.45703125 1 0.41015625 0.791015625 0.416015625 0.7421875 0.60546875 0.779296875 0.615234375 0.818359375 0.4609375
0 0.720703125 0.4921875 0.71875 0.4453125 0.498046875 0.451171875 0.462890625 0.591796875 0.5 0.6015625 0.52734375 0.49609375
0 0.46875 0.67578125 0.435546875 0.703125 0.423828125 0.75390625 0.447265625 0.7578125 0.662109375 0.78125 0.66796875 0.74609375 0.6875 0.75 0.69921875 0.693359375
0 0.40234375 0.75 0.33203125 1 0.4765625 1 0.484375 0.94140625 0.42578125 0.935546875 0.447265625 0.7578125 0.423828125 0.75390625
0 0.294921875 0.384765625 0.021484375 0.390625 0.0234375 0.4453125 0.251953125 0.44140625 0.25390625 0.455078125 0.294921875 0.453125 0.294921875 0.44140625
0 0.9453125 0.95703125 1 0.9765625 1 0.9140625 0.96484375 0.90234375
0 0.783203125 0.837890625 0.76171875 0.892578125 0.9453125 0.95703125 0.96484375 0.90234375
0 0.9375 0.787109375 1 0.80859375 1 0.75390625 0.955078125 0.73828125
0 0.82421875 0.69140625 0.806640625 0.73828125 0.9375 0.787109375 0.955078125 0.73828125
0 0.82421875 0.619140625 1 0.681640625 1 0.62890625 0.841796875 0.572265625
0 0.666015625 0.009765625 0.673828125 0.033203125 0.69140625 0.041015625 0.8046875 0.068359375 0.8203125 0 0.66796875 0
0 0.8046875 0.068359375 0.78515625 0.0625 0.78515625 0.064453125 0.740234375 0.052734375 0.69140625 0.041015625 0.673828125 0.033203125 0.666015625 0.009765625 0.6640625 0.009765625 0.658203125 0.033203125 0.650390625 0.06640625 0.849609375 0.1171875 0.857421875 0.08203125 1 0.1171875 1 0 0.8203125 0
0 0.03515625 0.091796875 0.03515625 0.041015625 0 0.041015625 0 0.1484375 0.013671875 0.1484375 0.01171875 0.091796875
0 0.29296875 0.087890625 0.291015625 0.033203125 0.142578125 0.037109375 0.14453125 0.091796875 0.169921875 0.091796875 0.171875 0.150390625 0.271484375 0.1484375 0.271484375 0.08984375 0.291015625 0.087890625
0 0.291015625 0.087890625 0.271484375 0.08984375 0.271484375 0.119140625 0.29296875 0.119140625
0 0.03515625 0.041015625 0.03515625 0.091796875 0.01171875 0.091796875 0.01171875 0.126953125 0.171875 0.123046875 0.169921875 0.091796875 0.14453125 0.091796875 0.142578125 0.037109375
0 0.302734375 0.103515625 0.302734375 0.109375 0.306640625 0.11328125 0.30859375 0.119140625 0.3125 0.123046875 0.31640625 0.126953125 0.322265625 0.12890625 0.328125 0.130859375 0.333984375 0.1328125 0.33984375 0.1328125 0.34375 0.1328125 0.359375 0.1171875 0.37109375 0.099609375 0.380859375 0.0859375 0.38671875 0.07421875 0.40234375 0 0.318359375 0
0 0.1640625 0.8828125 0.16796875 0.8671875 0.052734375 0.83203125 0.04296875 0.861328125 0.185546875 0.904296875 0.18359375 0.908203125 0.203125 0.9140625 0.208984375 0.896484375
0 0.109375 0.943359375 0.056640625 0.927734375 0.046875 0.958984375 0.05859375 0.962890625 0.046875 1 0.08984375 1
0 0.046875 0.958984375 0.056640625 0.927734375 0.04296875 0.921875 0.017578125 1 0.046875 1 0.05859375 0.962890625
0 0.31640625 0.470703125 0.3125 0.470703125 0.3125 0.453125 0.25390625 0.455078125 0.201171875 0.642578125 0.263671875 0.66015625 0.3125 0.48046875
0 0.134765625 0.443359375 0.046875 0.4453125 0.017578125 0.529296875 0.09375 0.556640625 0.12890625 0.45703125
0 0.095703125 0.607421875 0.076171875 0.6640625 0.146484375 0.689453125 0.166015625 0.630859375
0 0.09375 0.556640625 0 0.5234375 0 0.638671875 0.05859375 0.66015625 0.060546875 0.654296875
0 0 0.783203125 0 0.845703125 0.013671875 0.8515625 0.03125 0.79296875
0 0.185546875 0.904296875 0.037109375 0.859375 0.025390625 0.896484375 0.173828125 0.94140625 0.18359375 0.908203125
0 0.1953125 0.734375 0.19921875 0.724609375 0 0.6640625 0 0.716796875 0.16015625 0.765625 0.138671875 0.833984375 0.18359375 0.84765625 0.216796875 0.7421875