0 0.42578125 0.255859375 0.4296875 0.26953125 0.36328125 0.28125 0.390625 0.419921875 0.45703125 0.40625 0.46484375 0.44140625 0.875 0.357421875 0.869140625 0.322265625 0.908203125 0.314453125 0.880859375 0.18359375 0.841796875 0.19140625 0.837890625 0.171875
0 0.443359375 0 0.40234375 0 0.41015625 0.068359375 0.44921875 0.06640625
0 0.45703125 0.064453125 0.384765625 0.0703125 0.392578125 0.173828125 0.46484375 0.16796875
0 0.970703125 0.021484375 1 0.158203125 1 0.015625
0 0.912109375 0.205078125 0.92578125 0.2734375 1 0.2578125 1 0.185546875
0 0.947265625 0.45703125 0.94921875 0.505859375 1 0.50390625 1 0.455078125
0 0.927734375 0.45703125 0.92578125 0.43359375 0.822265625 0.435546875 0.822265625 0.4609375 0.865234375 0.458984375
0 0.95703125 0.568359375 0.826171875 0.572265625 0.828125 0.6171875 0.958984375 0.61328125 0.95703125 0.578125
0 0.95703125 0.578125 0.958984375 0.626953125 1 0.625 1 0.576171875
0 0.947265625 0.45703125 0.90234375 0.458984375 0.90234375 0.5 0.865234375 0.5 0.865234375 0.458984375 0.822265625 0.4609375 0.826171875 0.572265625 0.94921875 0.568359375 0.94921875 0.505859375
0 0.71484375 0.591796875 0.71484375 0.63671875 0.8125 0.634765625 0.810546875 0.58984375
0 0.369140625 0.736328125 0.404296875 0.734375 0.40234375 0.654296875 0.3671875 0.654296875
0 0.423828125 0.6640625 0.486328125 0.662109375 0.486328125 0.638671875 0.423828125 0.640625
0 0.37109375 0.83984375 0.45703125 0.837890625 0.45703125 0.7890625 0.37109375 0.79296875
0 0.416015625 0.734375 0.369140625 0.736328125 0.37109375 0.79296875 0.41796875 0.791015625
0 0.197265625 1 0.345703125 1 0.345703125 0.986328125 0.197265625 0.990234375
0 0.41015625 0.953125 0.357421875 0.953125 0.357421875 1 0.41015625 1
0 0.314453125 0.341796875 0.30078125 0.275390625 0.103515625 0.3125 0.1171875 0.380859375
0 0.40234375 0.041015625 0.400390625 0 0.21484375 0 0.216796875 0.044921875 0.28515625 0.04296875
0 0.34765625 0.107421875 0.34765625 0.06640625 0.287109375 0.068359375 0.287109375 0.109375
0 0.228515625 0.18359375 0.279296875 0.181640625 0.27734375 0.109375 0.2265625 0.111328125
0 0.150390625 0.11328125 0.15234375 0.181640625 0.203125 0.1796875 0.201171875 0.111328125 0.15625 0.11328125
0 0.28515625 0.04296875 0.154296875 0.046875 0.15625 0.11328125 0.287109375 0.109375 0.287109375 0.068359375
0 1 0.9140625 1 0.873046875 0.953125 0.873046875 0.953125 0.9140625 1 0.9140625
0 0.03125 0.3359375 0.03125 0.16796875 0 0.16796875 0 0.3359375 0.03125 0.3359375
0 1 0.970703125 1 0.93359375 0.953125 0.931640625 0.951171875 0.970703125 1 0.970703125
0 0.244140625 0.2421875 0.251953125 0.205078125 0.162109375 0.189453125 0.154296875 0.224609375 0.244140625 0.2421875
0 0.078125 0.58984375 0.09375 0.552734375 0.05078125 0.53515625 0.03515625 0.57421875 0.078125 0.58984375
0 0.03125 0.552734375 0.03125 0.49609375 0 0.49609375 0 0.552734375 0.03125 0.552734375
0 0.1484375 0.642578125 0.1640625 0.6015625 0.10546875 0.578125 0.087890625 0.619140625 0.1484375 0.642578125