0 0.63671875 0.78125 0.330078125 0.681640625 0.2265625 1 0.564453125 1
0 0.654296875 0.880859375 0.8671875 0.951171875 0.88671875 0.88671875 0.673828125 0.818359375
0 0 0.302734375 0 0.349609375 0.009765625 0.353515625 0.005859375 0.365234375 0.03125 0.373046875 0.03515625 0.361328125 0.052734375 0.3671875 0.048828125 0.37890625 0.080078125 0.388671875 0.083984375 0.376953125 0.099609375 0.3828125 0.095703125 0.39453125 0.13671875 0.408203125 0.140625 0.39453125 0.1640625 0.40234375 0.16015625 0.416015625 0.193359375 0.42578125 0.197265625 0.4140625 0.220703125 0.421875 0.216796875 0.43359375 0.25 0.4453125 0.25390625 0.431640625 0.275390625 0.439453125 0.271484375 0.451171875 0.302734375 0.4609375 0.306640625 0.44921875 0.326171875 0.455078125 0.322265625 0.46875 0.34765625 0.4765625 0.3515625 0.46484375 0.373046875 0.470703125 0.390625 0.416015625 0.00390625 0.291015625
0 0.16796875 0.037109375 0.1796875 0 0.052734375 0
0 0.552734375 0.5 0.50390625 0.484375 0.478515625 0.5625 0.52734375 0.578125
0 0.365234375 0.52734375 0.349609375 0.578125 0.51171875 0.630859375 0.52734375 0.578125
0 0.43359375 0.498046875 0.4609375 0.505859375 0.4765625 0.4609375 0.44921875 0.451171875
0 0.65625 0.21484375 0.673828125 0.162109375 0.609375 0.140625 0.59375 0.1953125
0 0.3984375 0.091796875 0.38671875 0.12890625 0.59375 0.1953125 0.60546875 0.158203125
0 0.3359375 0.033203125 0.32421875 0.068359375 0.244140625 0.083984375 0.220703125 0.076171875 0.193359375 0.15625 0.236328125 0.16796875 0.244140625 0.14453125 0.271484375 0.15234375 0.279296875 0.130859375 0.3203125 0.14453125 0.326171875 0.123046875 0.353515625 0.1328125 0.380859375 0.046875
0 0.2890625 0.01171875 0.400390625 0.046875 0.41015625 0.015625 0.359375 0 0.291015625 0
0 0.55859375 0.466796875 0.57421875 0.43359375 0.4375 0.37109375 0.423828125 0.404296875
0 0.197265625 0.251953125 0.181640625 0.283203125 0.208984375 0.298828125 0.19921875 0.318359375 0.283203125 0.365234375 0.294921875 0.34375 0.345703125 0.37109375 0.361328125 0.341796875
0 0.677734375 0.0234375 0.927734375 0.109375 0.9453125 0.056640625 0.775390625 0 0.685546875 0
0 0.6875 0.751953125 0.67578125 0.78515625 0.89453125 0.85546875 0.904296875 0.82421875 0.869140625 0.8125
0 0.7265625 0.330078125 0.681640625 0.31640625 0.658203125 0.384765625 0.703125 0.400390625 0.716796875 0.357421875 0.876953125 0.41015625 0.892578125 0.361328125 0.732421875 0.30859375
0 0.77734375 0.203125 0.736328125 0.189453125 0.7109375 0.263671875 0.751953125 0.27734375 0.767578125 0.232421875 0.98828125 0.3046875 1 0.267578125 1 0.25390625 0.783203125 0.18359375
0 0.578125 0.671875 0.84765625 0.759765625 0.8671875 0.701171875 0.595703125 0.615234375
0 0.685546875 0.501953125 0.638671875 0.486328125 0.615234375 0.55859375 0.662109375 0.57421875 0.677734375 0.52734375 0.890625 0.595703125 0.90625 0.544921875 0.693359375 0.4765625
0 0.923828125 0.390625 0.88671875 0.501953125 0.939453125 0.51953125 0.974609375 0.40625
0 0.98046875 0.337890625 0.958984375 0.40234375 1 0.4140625 1 0.34375
0 0.96875 0.759765625 0.95703125 0.796875 1 0.810546875 1 0.76953125
0 0.96875 0.7578125 1 0.767578125 1 0.658203125
0 0.9453125 0.830078125 0.96875 0.759765625 0.96875 0.7578125 1 0.658203125 1 0.4140625 0.974609375 0.40625 0.888671875 0.673828125 0.912109375 0.681640625 0.87109375 0.806640625
0 0 0.52734375 0.3125 0.63671875 0.333984375 0.5703125 0 0.455078125
0 0 0.732421875 0.26953125 0.830078125 0.2890625 0.75390625 0 0.66015625
0 0 0.890625 0.21875 0.96484375 0.232421875 0.880859375 0 0.806640625
0 0.677734375 0.029296875 0.67578125 0 0.5625 0 0.5625 0.029296875 0.677734375 0.029296875
0 0.099609375 1 0.099609375 0.966796875 0 0.966796875 0 1 0.099609375 1
0 0.912109375 0.361328125 0.9296875 0.3125 0.78125 0.259765625 0.763671875 0.306640625 0.912109375 0.361328125