0 0.19140625 0.2265625 0.33203125 0.2265625 0.33203125 0.28515625 0.19140625 0.28515625
0 0 0.279296875 0.09375 0.279296875 0.09375 0.345703125 0 0.345703125
0 0.171875 0.1171875 0.318359375 0.1171875 0.318359375 0.171875 0.171875 0.171875
0 0.171875 0 0.3046875 0 0.3046875 0.052734375 0.171875 0.052734375
0 0.208984375 0.9375 0.35546875 0.9375 0.35546875 0.994140625 0.208984375 0.994140625
0 0.212890625 0.828125 0.34765625 0.828125 0.34765625 0.876953125 0.212890625 0.876953125
0 0.001953125 0.158203125 0.076171875 0.158203125 0.076171875 0.21875 0.001953125 0.21875
0 0.19921875 0.3671875 0.3359375 0.357421875 0.341796875 0.40625 0.203125 0.4140625
0 0.197265625 0.603515625 0.337890625 0.59765625 0.34375 0.650390625 0.203125 0.65625
0 0.197265625 0.546875 0.197265625 0.5 0.333984375 0.5 0.333984375 0.546875
0 0.205078125 0.7734375 0.205078125 0.712890625 0.349609375 0.712890625 0.349609375 0.7734375
0 0.509765625 0.84765625 0.525390625 0.806640625 0.603515625 0.818359375 0.587890625 0.861328125
0 0.484375 0.62109375 0.4921875 0.5625 0.65234375 0.57421875 0.64453125 0.6328125
0 0.6171875 0.7190583881578947 0.720703125 0.7190583881578947 0.720703125 0.7796052631578947 0.6171875 0.7796052631578947
0 0.6121504934210527 0.17763157894736842 0.6219161184210527 0.12685032894736842 0.7195723684210527 0.14442845394736842 0.7098067434210527 0.19911595394736842
0 0.5164473684210527 0.11122532894736842 0.5965254934210527 0.11122532894736842 0.5965254934210527 0.17958470394736842 0.5164473684210527 0.17958470394736842
0 0.5086348684210527 0.2928659539473684 0.5164473684210527 0.23036595394736842 0.5789473684210527 0.24013157894736842 0.5730879934210527 0.3026315789473684
0 0.6062911184210527 0.3006784539473684 0.6121504934210527 0.2518503289473684 0.7000411184210527 0.2596628289473684 0.6941817434210527 0.3104440789473684
0 0.5047286184210527 0.4178659539473684 0.5105879934210527 0.3573190789473684 0.5809004934210527 0.3631784539473684 0.5750411184210527 0.4256784539473684
0 0.5686677631578947 0.4148848684210526 0.5803865131578947 0.3601973684210526 0.6565583881578947 0.3738692434210526 0.6487458881578947 0.4266036184210526
0 0.817125822368421 0.782689144736842 0.982627467105263 0.7857730263157894 0.9867393092105263 0.841282894736842 0.8253495065789473 0.8392269736842104
0 0.6813322368421053 0.8244243421052632 0.7243009868421053 0.8107524671052632 0.7360197368421053 0.8517680921052632 0.6950041118421053 0.8634868421052632
0 0.6854440789473684 0.8753083881578947 0.7323190789473684 0.8596833881578947 0.7498972039473684 0.9124177631578947 0.7049753289473684 0.9280427631578947
0 0.5267578125 0.9759765625 0.5263671875 0.99765625 0.6669921875 0.9978515625 0.66640625 0.9880859375
0 1 0.271484375 1 0.21875 0.8125 0.244140625 0.8203125 0.298828125 1 0.271484375
0 1 0.419921875 1 0.345703125 0.849609375 0.34765625 0.8515625 0.423828125 1 0.419921875
0 1 0.140625 1 0.087890625 0.8359375 0.10546875 0.841796875 0.158203125 1 0.140625
0 0.99609375 0.677734375 0.998046875 0.62109375 0.80078125 0.6171875 0.80078125 0.673828125 0.99609375 0.677734375
0 0.779296875 0.998046875 0.779296875 0.970703125 0.681640625 0.970703125 0.681640625 1 0.779296875 0.998046875
0 0.7421875 0.04296875 0.7421875 0 0.6171875 0 0.615234375 0.0390625 0.7421875 0.04296875
0 0.06640625 0.0546875 0.06640625 0 0 0 0 0.0546875 0.06640625 0.0546875
0 0.998046875 0.0234375 0.998046875 0 0.8515625 0 0.8515625 0.021484375 0.998046875 0.0234375
0 1 0.96875 0.998046875 0.921875 0.939453125 0.923828125 0.94140625 0.970703125 1 0.96875
0 0.08984375 0.123046875 0.0859375 0.052734375 0.0234375 0.056640625 0.029296875 0.126953125 0.08984375 0.123046875