0 0.01953125 0.271484375 0 0.28125 0 0.34375 0.044921875 0.322265625
0 0.115234375 0.44921875 0.091796875 0.40234375 0 0.44921875 0 0.5078125
0 0.2109375 0.052734375 0.208984375 0.046875 0.228515625 0.03515625 0.22265625 0.0234375 0.263671875 0.001953125 0.26171875 0 0.201171875 0 0.17578125 0.013671875 0.146484375 0.029296875 0.13671875 0.01171875 0.087890625 0.037109375 0.10546875 0.068359375 0.11328125 0.0625 0.125 0.083984375 0.134765625 0.078125 0.1328125 0.07421875 0.158203125 0.060546875 0.1640625 0.0703125 0.1875 0.05859375 0.189453125 0.0625 0.19921875 0.05859375
0 0.25 0.333984375 0.2578125 0.328125 0.26953125 0.349609375 0.279296875 0.34375 0.27734375 0.337890625 0.302734375 0.326171875 0.30859375 0.3359375 0.33203125 0.32421875 0.333984375 0.328125 0.35546875 0.318359375 0.353515625 0.3125 0.373046875 0.30078125 0.3671875 0.2890625 0.408203125 0.267578125 0.384765625 0.224609375 0.34375 0.244140625 0.353515625 0.26171875 0.3125 0.283203125 0.291015625 0.294921875 0.28125 0.27734375 0.232421875 0.302734375
0 0.81640625 0.013671875 0.794921875 0.025390625 0.78515625 0.0078125 0.75 0.025390625 0.759765625 0.04296875 0.7421875 0.052734375 0.732421875 0.03515625 0.693359375 0.0546875 0.701171875 0.0703125 0.69140625 0.076171875 0.708984375 0.111328125 0.720703125 0.10546875 0.7265625 0.1171875 0.763671875 0.095703125 0.7578125 0.0859375 0.775390625 0.076171875 0.78125 0.087890625 0.818359375 0.068359375 0.8125 0.056640625 0.83203125 0.046875 0.83984375 0.056640625 0.873046875 0.0390625 0.8671875 0.029296875 0.8828125 0.01953125 0.87109375 0 0.80859375 0
0 0.576171875 0.09765625 0.58203125 0.109375 0.552734375 0.125 0.544921875 0.11328125 0.50390625 0.134765625 0.509765625 0.146484375 0.498046875 0.15234375 0.4921875 0.140625 0.458984375 0.158203125 0.46484375 0.169921875 0.44921875 0.177734375 0.466796875 0.2109375 0.482421875 0.203125 0.490234375 0.216796875 0.5234375 0.201171875 0.515625 0.185546875 0.52734375 0.1796875 0.53515625 0.1953125 0.576171875 0.173828125 0.568359375 0.158203125 0.599609375 0.142578125 0.60546875 0.158203125 0.63671875 0.142578125 0.62890625 0.12890625 0.64453125 0.119140625 0.626953125 0.0859375 0.611328125 0.09375 0.60546875 0.08203125
0 0.19921875 0.95703125 0.19140625 0.943359375 0.169921875 0.955078125 0.17578125 0.96875 0.158203125 0.978515625 0.15234375 0.962890625 0.1328125 0.97265625 0.140625 0.98828125 0.1171875 1 0.21875 1 0.23046875 0.994140625 0.224609375 0.982421875 0.24609375 0.970703125 0.23046875 0.94140625
0 0.443359375 0.798828125 0.455078125 0.822265625 0.44140625 0.828125 0.4296875 0.806640625 0.396484375 0.82421875 0.408203125 0.845703125 0.3828125 0.859375 0.396484375 0.890625 0.423828125 0.876953125 0.431640625 0.892578125 0.513671875 0.849609375 0.505859375 0.833984375 0.53125 0.8203125 0.515625 0.791015625 0.48046875 0.80859375 0.46875 0.78515625
0 0.5546875 0.552734375 0.60546875 0.52734375 0.580078125 0.478515625 0.4375 0.552734375 0.462890625 0.6015625 0.517578125 0.57421875 0.525390625 0.587890625 0.5625 0.568359375
0 0.931640625 0.296875 0.78515625 0.37109375 0.80859375 0.4140625 0.853515625 0.390625 0.865234375 0.4140625 0.919921875 0.38671875 0.90625 0.36328125 0.953125 0.33984375 0.94921875 0.330078125
0 0.76953125 0.341796875 0.78515625 0.37109375 0.931640625 0.296875 0.94921875 0.330078125 1 0.302734375 1 0.220703125
0 0.740234375 0.3671875 0.625 0.427734375 0.658203125 0.4921875 0.775390625 0.431640625
0 0.236328125 0.71875 0.28125 0.6953125 0.259765625 0.65234375 0.115234375 0.7265625 0.13671875 0.771484375 0.18359375 0.74609375 0.1953125 0.76953125 0.248046875 0.7421875
0 0 0.75390625 0 0.841796875 0.11328125 0.78515625 0.11328125 0.783203125 0.13671875 0.771484375 0.115234375 0.7265625 0.259765625 0.65234375 0.28125 0.6953125 0.294921875 0.689453125 0.259765625 0.62109375
0 0.875 0.833984375 0.919921875 0.810546875 0.89453125 0.763671875 0.744140625 0.841796875 0.76953125 0.888671875 0.822265625 0.861328125 0.833984375 0.8828125 0.88671875 0.85546875
0 0.189453125 0.0625 0.1875 0.05859375 0.1640625 0.0703125 0.158203125 0.060546875 0.1328125 0.07421875 0.134765625 0.078125 0.125 0.083984375 0.11328125 0.0625 0.10546875 0.068359375 0.232421875 0.302734375 0.28125 0.27734375 0.291015625 0.294921875 0.3125 0.283203125 0.19921875 0.05859375
0 0.998046875 0.025390625 0.998046875 0 0.931640625 0 0.931640625 0.025390625 0.998046875 0.025390625