0 0.30078125 0.8828125 0.48046875 0.951171875 0.501953125 0.892578125 0.3203125 0.826171875
0 0.54296875 0.994140625 0.564453125 1 0.787109375 1 0.55859375 0.9375
0 0.71484375 0.845703125 0.87109375 0.892578125 0.888671875 0.833984375 0.732421875 0.787109375
0 0.9453125 0.87109375 0.927734375 0.92578125 1 0.947265625 1 0.88671875
0 0.7421875 0.681640625 0.74609375 0.640625 0.615234375 0.62890625 0.611328125 0.669921875
0 0.44921875 0.4453125 0.451171875 0.419921875 0.37109375 0.4140625 0.3671875 0.458984375 0.44921875 0.46484375 0.447265625 0.48828125 0.61328125 0.5 0.6171875 0.45703125
0 0.65625 0.513671875 0.88671875 0.541015625 0.89453125 0.486328125 0.662109375 0.458984375
0 0.029296875 0.513671875 0.05859375 0.458984375 0 0.42578125 0 0.49609375
0 0.02734375 0.927734375 0.052734375 0.87890625 0 0.849609375 0 0.912109375
0 0.01953125 0.734375 0.189453125 0.81640625 0.21484375 0.763671875 0.044921875 0.681640625
0 0.08203125 0.30078125 0.306640625 0.3203125 0.3125 0.25390625 0.087890625 0.234375
0 0.396484375 0.326171875 0.634765625 0.345703125 0.640625 0.283203125 0.40234375 0.263671875
0 0.970703125 0.470703125 1 0.474609375 1 0.423828125 0.978515625 0.421875
0 0.6875 0.35546875 0.904296875 0.3828125 0.912109375 0.3203125 0.6953125 0.294921875
0 0.96484375 0.27734375 1 0.28125 1 0.2265625 0.970703125 0.224609375
0 0.759765625 0.068359375 0.96484375 0.09375 0.97265625 0.03125 0.767578125 0.00390625
0 0.458984375 0.03125 0.666015625 0.060546875 0.67578125 0.00390625 0.6484375 0 0.462890625 0
0 0.916015625 0.66015625 1 0.662109375 1 0.59375 0.91796875 0.591796875
0 0.13671875 0.587890625 0.251953125 0.640625 0.279296875 0.580078125 0.1640625 0.529296875
0 0 0.001953125 0 0.044921875 0.025390625 0.00390625
0 0.060546875 0.869140625 0.037109375 0.9296875 0.072265625 0.947265625 0.095703125 0.921875 0.138671875 0.91015625 0.171875 0.83984375 0.09765625 0.806640625
0 0.39453125 0.736328125 0.52734375 0.75 0.533203125 0.6796875 0.40234375 0.666015625
0 0.40234375 0.666015625 0.41796875 0.6328125 0.32421875 0.58203125 0.306640625 0.623046875 0.259765625 0.6640625 0.265625 0.671875 0.283203125 0.689453125 0.306640625 0.705078125 0.33203125 0.720703125 0.37109375 0.73046875 0.39453125 0.736328125
0 0.30078125 0.8828125 0.291015625 0.900390625 0.47265625 0.970703125 0.48046875 0.951171875
0 0.3046875 0.90625 0.291015625 0.939453125 0.267578125 0.931640625 0.25390625 0.96484375 0.251953125 0.974609375 0.26953125 0.986328125 0.275390625 1 0.361328125 1 0.38671875 0.9375