0 1 0.966796875 1 0.896484375 0.890625 0.904296875 0.89453125 0.974609375 0.927734375 0.97265625
0 0.90625 0.77734375 0.990234375 0.771484375 0.986328125 0.703125 0.90234375 0.708984375
0 0.63671875 0.70703125 0.634765625 0.681640625 0.64453125 0.681640625 0.640625 0.640625 0.54296875 0.6484375 0.533203125 0.662109375 0.537109375 0.71484375 0.607421875 0.708984375
0 0.748046875 0.830078125 0.69140625 0.833984375 0.693359375 0.865234375 0.75 0.861328125
0 0.68359375 0.734375 0.662109375 0.734375 0.669921875 0.8359375 0.69140625 0.833984375
0 0.751953125 0.765625 0.685546875 0.76953125 0.69140625 0.833984375 0.7578125 0.828125
0 0.84375 0.935546875 0.82421875 0.69140625 0.796875 0.693359375 0.81640625 0.91796875 0.806640625 0.919921875 0.806640625 0.923828125 0.80859375 0.9375 0.81640625 0.9375
0 0.748046875 0.63671875 0.673828125 0.642578125 0.677734375 0.70703125 0.751953125 0.701171875
0 0.751953125 0.701171875 0.681640625 0.70703125 0.685546875 0.76953125 0.7578125 0.763671875
0 0.79296875 0.625 0.748046875 0.62890625 0.76953125 0.921875 0.81640625 0.91796875 0.796875 0.693359375
0 0.80859375 0.9375 0.806640625 0.923828125 0.744140625 0.927734375 0.748046875 1 0.81640625 1 0.8125 0.9375
0 0.5703125 0.94140625 0.55078125 0.943359375 0.5546875 1 0.57421875 1
0 0.744140625 0.927734375 0.5703125 0.94140625 0.57421875 1 0.75 1
0 0.62109375 0.87109375 0.607421875 0.708984375 0.537109375 0.71484375 0.5546875 0.943359375 0.7421875 0.927734375 0.736328125 0.861328125 0.693359375 0.865234375
0 0.154296875 0.931640625 0.072265625 0.93359375 0.07421875 0.982421875 0.15625 0.978515625
0 0.205078125 0.923828125 0.197265625 0.697265625 0.14453125 0.69921875 0.154296875 0.92578125
0 0.517578125 0.923828125 0.38671875 0.927734375 0.38671875 0.9609375 0.51953125 0.955078125
0 0.408203125 0.650390625 0.40625 0.619140625 0.228515625 0.634765625 0.232421875 0.666015625 0.337890625 0.65625
0 0.306640625 0.931640625 0.21875 0.935546875 0.220703125 0.98828125 0.30859375 0.984375 0.30859375 0.978515625
0 0.38671875 0.927734375 0.306640625 0.931640625 0.30859375 0.978515625 0.388671875 0.9765625 0.38671875 0.9609375
0 0.21875 0.921875 0.154296875 0.92578125 0.15625 0.978515625 0.220703125 0.9765625
0 0.38671875 0.9765625 0.30859375 0.978515625 0.30859375 0.984375 0.28515625 0.984375 0.26953125 1 0.38671875 1
0 0.33203125 0.873046875 0.314453125 0.875 0.3203125 0.923828125 0.3359375 0.921875
0 0.501953125 0.67578125 0.4453125 0.6796875 0.4609375 0.86328125 0.33203125 0.873046875 0.3359375 0.9296875 0.521484375 0.9140625
0 0.298828125 0.69140625 0.232421875 0.697265625 0.24609375 0.8671875 0.314453125 0.861328125
0 0.34375 0.6875 0.298828125 0.69140625 0.30859375 0.791015625 0.3515625 0.787109375
0 0.3203125 0.931640625 0.314453125 0.861328125 0.24609375 0.8671875 0.251953125 0.93359375 0.306640625 0.931640625
0 0.19921875 0.64453125 0.224609375 0.935546875 0.251953125 0.93359375 0.232421875 0.697265625 0.33984375 0.6875 0.337890625 0.65625 0.232421875 0.666015625 0.23046875 0.640625
0 0.4609375 0.86328125 0.453125 0.77734375 0.30859375 0.791015625 0.314453125 0.875 0.33203125 0.873046875
0 0.001953125 0.75 0.111328125 0.748046875 0.111328125 0.703125 0.001953125 0.705078125
0 0.037109375 0.943359375 0.03515625 0.87890625 0 0.87890625 0 0.9453125 0.037109375 0.943359375
0 0.04296875 0.998046875 0.04296875 0.951171875 0 0.951171875 0 0.998046875 0.04296875 0.998046875
0 0.064453125 0.564453125 0.06640625 0.24609375 0 0.24609375 0 0.564453125 0.064453125 0.564453125