0 0.28926809210526316 0.839329769736842 0.31856496710526316 0.794407894736842 0.47481496710526316 0.876439144736842 0.44747121710526316 0.921361019736842
0 0.02734375 0.8984375 0.03515625 0.841796875 0.111328125 0.859375 0.1015625 0.916015625
0 0.11060855263157895 0.8644120065789475 0.13013980263157895 0.8312088815789475 0.19849917763157895 0.8722245065789475 0.17896792763157895 0.9054276315789473
0 0.015111019736842105 0.7992393092105263 0.044407894736842105 0.7523643092105263 0.0951891447368421 0.7797080592105263 0.061986019736842105 0.8265830592105263
0 0.947265625 0.05078125 0.962890625 0.01171875 1 0.044921875 0.986328125 0.08203125
0 0.87109375 0.9375 0.892578125 0.8515625 1 0.875 0.9765625 0.958984375
0 0.958984375 0.80859375 0.96875 0.7109375 1 0.720703125 0.998046875 0.8186677631578947
0 0.19531250000000006 0.4901966698841698 0.19531250000000006 0.35693924951737455 0.2624577702702703 0.29639237451737455 0.3295728764478765 0.29790057915057916 0.42448419401544407 0.32429416023166024 0.4410744449806951 0.3959338803088803 0.4472128378378379 0.47285231660231664 0.411770028957529 0.5354428088803087 0.3491795366795367 0.5588199806949805 0.28885135135135137 0.5610822876447874 0.23380188223938225 0.5361969111969109
0 0.052734375 0.626747532894737 0.083984375 0.574013157894737 0.1640625 0.605263157894737 0.1328125 0.659950657894737
0 0.9532154922779923 0.6063284266409267 0.9796090733590734 0.5731479247104247 0.998046875 0.5889840733590733 1 0.69140625 0.969051640926641 0.6885255791505791 0.9283301158301158 0.6757058397683398
0 0.609375 0.916015625 0.63671875 0.86328125 0.44921875 0.763671875 0.421875 0.81640625
0 0.400390625 0.80078125 0.42578125 0.75390625 0.25390625 0.66015625 0.228515625 0.70703125
0 0.69140625 0.97265625 0.724609375 0.908203125 0.626953125 0.859375 0.59375 0.923828125
0 0.5873099662162162 0.6816029198841699 0.5873099662162162 0.5483454995173745 0.6544552364864865 0.48779862451737455 0.7215703426640927 0.48930682915057916 0.8164816602316602 0.5157004102316602 0.8330719111969113 0.5873401303088803 0.8392103040540541 0.6642585666023167 0.8037674951737452 0.7268490588803086 0.741177002895753 0.7502262306949804 0.6808488175675677 0.7524885376447873 0.6257993484555985 0.7276031611969108