0 0.912109375 0.103515625 0.912109375 0.05078125 0.65625 0.05078125 0.65625 0.103515625
0 1 0.3203125 1 0.265625 0.671875 0.265625 0.671875 0.3203125
0 0.671875 0.580078125 1 0.58203125 1 0.521484375 0.671875 0.521484375
0 0.607421875 0.314453125 0.609375 0.255859375 0.306640625 0.251953125 0.3046875 0.310546875 0.375 0.310546875
0 0.30078125 0.515625 0.298828125 0.544921875 0.314453125 0.544921875 0.314453125 0.564453125 0.40234375 0.56640625 0.40234375 0.546875 0.416015625 0.546875 0.416015625 0.515625 0.302734375 0.515625
0 0.296875 0.734375 0.296875 0.763671875 0.3125 0.763671875 0.3125 0.7890625 0.318359375 0.7890625 0.318359375 0.82421875 0.330078125 0.82421875 0.330078125 0.849609375 0.384765625 0.8515625 0.384765625 0.82421875 0.392578125 0.82421875 0.392578125 0.7890625 0.40234375 0.7890625 0.404296875 0.763671875 0.4140625 0.763671875 0.4140625 0.736328125 0.376953125 0.736328125
0 0.3046875 0.310546875 0.302734375 0.515625 0.37109375 0.515625 0.375 0.310546875
0 0.314453125 0.564453125 0.314453125 0.544921875 0.298828125 0.544921875 0.296875 0.734375 0.376953125 0.736328125 0.37890625 0.564453125
0 0.46484375 0.494140625 0.46484375 0.521484375 0.4765625 0.521484375 0.4765625 0.55078125 0.48828125 0.55078125 0.48828125 0.578125 0.501953125 0.578125 0.501953125 0.603515625 0.515625 0.603515625 0.515625 0.611328125 0.53515625 0.611328125 0.53515625 0.603515625 0.548828125 0.603515625 0.548828125 0.580078125 0.552734375 0.580078125 0.552734375 0.55078125 0.56640625 0.552734375 0.568359375 0.521484375 0.578125 0.521484375 0.578125 0.49609375
0 1 0.83203125 1 0.779296875 0.802734375 0.783203125 0.802734375 0.8359375
0 0.80078125 0.783203125 0.798828125 0.732421875 0.76171875 0.732421875 0.76171875 0.748046875 0.732421875 0.748046875 0.734375 0.90625 0.8046875 0.90625 0.802734375 0.783203125
0 0.12890625 0.73046875 0.12890625 0.6640625 0 0.662109375 0 0.728515625
0 0.490234375 0.892578125 0.564453125 0.892578125 0.564453125 0.81640625 0.48828125 0.818359375
0 0.427734375 0.72265625 0.59765625 0.72265625 0.59765625 0.654296875 0.427734375 0.654296875
0 0.13671875 0.48046875 0 0.4765625 0 0.54296875 0.134765625 0.546875
0 0.080078125 0.544921875 0.078125 0.5703125 0.05078125 0.5703125 0.05078125 0.59375 0.126953125 0.59375 0.126953125 0.572265625 0.134765625 0.572265625 0.134765625 0.546875
0 0.119140625 0.068359375 0 0.06640625 0 0.1171875 0.162109375 0.12109375 0.162109375 0 0.119140625 0
0 0.3046875 0.099609375 0.60546875 0.103515625 0.60546875 0.044921875 0.3046875 0.04296875
0 0.142578125 0.83984375 0.14453125 0.7890625 0 0.78515625 0 0.8359375
0 0.1484375 0.9921875 0.150390625 0.943359375 0 0.94140625 0 0.98828125