0 0.619140625 0.021484375 0.7734375 0.109375 0.798828125 0.0625 0.6875 0 0.630859375 0
0 0.984375 0.076171875 0.9375 0.05078125 0.91015625 0.09765625 1 0.1484375 1 0.0625
0 0.96484375 0 0.876953125 0 0.833984375 0.076171875 0.900390625 0.11328125 0.91015625 0.09765625
0 0.21875 0.833984375 0.2578125 0.765625 0.107421875 0.6796875 0.06640625 0.748046875
0 0.138671875 0.953125 0.11328125 1 0.224609375 1
0 0.52734375 1 0.662109375 1 0.5234375 0.91015625 0.484375 0.970703125
0 0.765625 0.408203125 0.71875 0.490234375 0.921875 0.607421875 0.96875 0.52734375
0 0.921875 0.607421875 0.857421875 0.5703125 0.79296875 0.681640625 0.857421875 0.71875
0 0.634765625 0.58984375 0.59765625 0.654296875 0.8203125 0.783203125 0.857421875 0.71875
0 0.990234375 0.62890625 0.943359375 0.71875 1 0.748046875 1 0.6796875 1 0.6328125
0 0.720703125 0.4140625 0.60546875 0.345703125 0.568359375 0.41015625 0.68359375 0.4765625 0.69140625 0.4609375
0 0.349609375 0.28125 0.294921875 0.376953125 0.353515625 0.41015625 0.41015625 0.31640625
0 0.294921875 0.376953125 0.25 0.451171875 0.47265625 0.58203125 0.517578125 0.505859375 0.353515625 0.41015625
0 0.529296875 0.484375 0.47265625 0.58203125 0.59765625 0.654296875 0.654296875 0.556640625
0 0.6015625 0.3046875 0.404296875 0.189453125 0.349609375 0.28125 0.548828125 0.396484375 0.556640625 0.3828125
0 0.916015625 0.8046875 0.873046875 0.87890625 0.943359375 0.919921875 0.986328125 0.845703125
0 0.896484375 0.9140625 0.8984375 0.912109375 0.876953125 0.900390625 0.837890625 0.970703125 0.88671875 1 1 1 1 0.97265625