0 0.953125 0.107421875 1 0.130859375 1 0.08203125 0.97265625 0.0703125
0 0.927734375 0.10546875 0.94921875 0.064453125 0.818359375 0 0.71484375 0
0 0.1171875 0.068359375 0.138671875 0.01953125 0.091796875 0 0 0 0 0.017578125
0 0.06640625 0.16015625 0.087890625 0.111328125 0 0.0703125 0 0.12890625
0 0.97265625 0.2421875 0.990234375 0.20703125 0.841796875 0.130859375 0.82421875 0.166015625
0 0.779296875 0.146484375 0.796875 0.11328125 0.62890625 0.03125 0.61328125 0.064453125
0 0.576171875 0.048828125 0.591796875 0.013671875 0.5625 0 0.474609375 0
0 0.3828125 0.072265625 0.3984375 0.037109375 0.314453125 0 0.224609375 0
0 0.525390625 0.14453125 0.54296875 0.109375 0.42578125 0.0546875 0.41015625 0.087890625
0 0.568359375 0.162109375 0.736328125 0.248046875 0.75390625 0.2109375 0.5859375 0.126953125
0 0.896484375 0.330078125 0.916015625 0.29296875 0.794921875 0.234375 0.77734375 0.271484375
0 0.697265625 0.349609375 0.71875 0.310546875 0.552734375 0.22265625 0.53125 0.263671875
0 0.48046875 0.24609375 0.501953125 0.205078125 0.376953125 0.142578125 0.35546875 0.18359375
0 0.337890625 0.169921875 0.35546875 0.1328125 0.173828125 0.048828125 0.158203125 0.0859375
0 0.283203125 0.2734375 0.302734375 0.232421875 0.123046875 0.1484375 0.103515625 0.19140625
0 0.087890625 0.29296875 0.10546875 0.25390625 0.015625 0.212890625 0 0.244140625 0 0.25
0 0.1015625 0.3984375 0.09765625 0.357421875 0 0.36328125 0 0.404296875
0 0.01953125 0.45703125 0.021484375 0.47265625 0 0.47265625 0 0.515625 0.103515625 0.505859375 0.099609375 0.46484375 0.060546875 0.46875 0.05859375 0.453125
0 0 0.57421875 0 0.625 0.126953125 0.61328125 0.123046875 0.57421875 0.072265625 0.578125 0.0703125 0.568359375
0 0.16015625 0.609375 0.291015625 0.59765625 0.287109375 0.5546875 0.15625 0.568359375
0 0.330078125 0.595703125 0.5 0.578125 0.494140625 0.53125 0.32421875 0.55078125
0 0.30078125 0.423828125 0.14453125 0.44140625 0.150390625 0.48828125 0.3046875 0.470703125
0 0.478515625 0.40234375 0.314453125 0.421875 0.3203125 0.46875 0.482421875 0.44921875
0 0.42578125 0.296875 0.42578125 0.306640625 0.392578125 0.310546875 0.390625 0.30078125 0.36328125 0.302734375 0.365234375 0.314453125 0.337890625 0.31640625 0.3359375 0.306640625 0.306640625 0.30859375 0.310546875 0.357421875 0.451171875 0.34375 0.447265625 0.294921875
0 0.259765625 0.314453125 0.26171875 0.32421875 0.234375 0.326171875 0.232421875 0.31640625 0.197265625 0.3203125 0.197265625 0.330078125 0.173828125 0.33203125 0.171875 0.322265625 0.146484375 0.326171875 0.15234375 0.376953125 0.291015625 0.36328125 0.28515625 0.3125
0 0.603515625 0.427734375 0.623046875 0.38671875 0.501953125 0.330078125 0.482421875 0.37109375
0 0.58984375 0.53125 0.734375 0.46875 0.712890625 0.421875 0.5703125 0.484375
0 0.78125 0.4375 0.90234375 0.396484375 0.884765625 0.34765625 0.763671875 0.388671875
0 0.9296875 0.390625 1 0.38671875 1 0.341796875 0.927734375 0.345703125
0 0.40625 0.951171875 0.34375 0.958984375 0.34765625 1 0.41015625 1
0 0.38671875 0.783203125 0.322265625 0.7890625 0.337890625 0.904296875 0.400390625 0.8984375
0 0.697265625 0.75 0.693359375 0.697265625 0.31640625 0.736328125 0.322265625 0.7890625 0.38671875 0.783203125
0 0.693359375 0.919921875 0.6875 0.8671875 0.33203125 0.90625 0.337890625 0.958984375 0.40625 0.951171875
0 0.779296875 0.740234375 1 0.71875 1 0.6640625 0.775390625 0.685546875
0 0.826171875 0.908203125 1 0.890625 1 0.83203125 0.8203125 0.849609375
0 0.279296875 0.953125 0 0.98046875 0 1 0.283203125 1
0 0.259765625 0.8359375 0.25390625 0.7890625 0 0.81640625 0 0.86328125
0 1 0.63671875 0.998046875 0.5546875 0.80859375 0.576171875 0.818359375 0.66015625 1 0.63671875