0 0.634765625 0.98046875 0.685546875 1 0.87109375 1 0.658203125 0.919921875
0 0.708984375 0.8125 1 0.912109375 1 0.845703125 0.728515625 0.751953125
0 0.283203125 0.6796875 0.666015625 0.82421875 0.68359375 0.7734375 0.302734375 0.62890625
0 0.34765625 0.833984375 0.326171875 0.892578125 0.396484375 0.91796875 0.3984375 0.912109375 0.591796875 0.982421875 0.611328125 0.9296875 0.41796875 0.859375
0 0.154296875 0.763671875 0.1328125 0.8203125 0.328125 0.890625 0.34765625 0.833984375
0 0.15625 0.759765625 0.05859375 0.724609375 0.03515625 0.78515625 0.1328125 0.8203125 0.154296875 0.763671875
0 0.080078125 0.6328125 0.244140625 0.69140625 0.26171875 0.640625 0.09765625 0.58203125
0 0.146484375 0.470703125 0.296875 0.52734375 0.314453125 0.478515625 0.166015625 0.421875
0 0.33203125 0.52734375 0.71484375 0.671875 0.73828125 0.61328125 0.35546875 0.46875
0 0.76171875 0.640625 0.955078125 0.716796875 0.974609375 0.66796875 0.78125 0.591796875
0 0.517578125 0.400390625 0.796875 0.5 0.81640625 0.44921875 0.537109375 0.34765625
0 0.345703125 0.36328125 0.490234375 0.396484375 0.501953125 0.349609375 0.357421875 0.31640625
0 0.16796875 0.392578125 0.2109375 0.41015625 0.279296875 0.220703125 0.236328125 0.205078125
0 0.2890625 0.248046875 0.564453125 0.234375 0.5625 0.173828125 0.287109375 0.189453125
0 0.66796875 0.296875 0.875 0.37890625 0.8984375 0.318359375 0.69140625 0.236328125
0 0.62109375 0.185546875 0.953125 0.166015625 0.94921875 0.119140625 0.619140625 0.138671875
0 0.97265625 0.1953125 1 0.203125 1 0.138671875 0.9921875 0.13671875
0 0.8828125 0.47265625 0.87109375 0.501953125 0.96484375 0.537109375 0.974609375 0.505859375 0.904296875 0.48046875
0 0.029296875 0.6015625 0.052734375 0.533203125 0.0078125 0.515625 0 0.53515625 0 0.58984375
0 0.064453125 0.490234375 0.0859375 0.435546875 0 0.40234375 0 0.46484375
0 0.1484375 0.26953125 0.146484375 0.173828125 0.0078125 0.1796875 0.009765625 0.275390625 0.119140625 0.271484375
0 0.04296875 0.326171875 0.12109375 0.322265625 0.119140625 0.271484375 0.041015625 0.2734375
0 0.1875 0.025390625 0.1875 0 0 0 0 0.025390625 0.1875 0.025390625
0 1 0.333984375 1 0.2578125 0.962890625 0.259765625 0.962890625 0.333984375 1 0.333984375
0 0.029296875 0.76171875 0.02734375 0.66796875 0 0.66796875 0 0.76171875 0.029296875 0.76171875
0 0.9453125 0.802734375 0.96484375 0.73828125 0.919921875 0.7265625 0.90234375 0.791015625 0.9453125 0.802734375
0 0.62109375 0.91796875 0.63671875 0.873046875 0.576171875 0.853515625 0.560546875 0.8984375 0.62109375 0.91796875