0 0 0.5859375 0 0.654296875 0.125 0.646484375 0.12109375 0.578125
0 0.130859375 0.763671875 0.12890625 0.712890625 0 0.720703125 0 0.771484375
0 0.140625 0.95703125 0.13671875 0.91015625 0 0.91796875 0 0.96484375
0 0.095703125 0.453125 0.09375 0.40625 0 0.412109375 0 0.482421875 0.0859375 0.4765625 0.083984375 0.455078125
0 0.86328125 0.3992096656976744 1 0.3913971656976744 1 0.2644440406976744 0.857421875 0.2722565406976744
0 0.9921875 0.640625 0.90234375 0.64453125 0.919921875 1 1 1 1 0.794921875 0.99609375 0.71875
0 0.154296875 0.271484375 0.083984375 0.275390625 0.09375 0.4296875 0.1640625 0.42578125
0 0.244140625 0.265625 0.154296875 0.271484375 0.169921875 0.517578125 0.259765625 0.51171875
0 0.283203125 0.595703125 0.193359375 0.6015625 0.19921875 0.712890625 0.2890625 0.70703125
0 0.2890625 0.70703125 0.19921875 0.712890625 0.205078125 0.796875 0.294921875 0.791015625
0 0.302734375 0.91015625 0.212890625 0.916015625 0.21875 0.994140625 0.306640625 0.98828125
0 0.294921875 0.791015625 0.205078125 0.796875 0.212890625 0.916015625 0.302734375 0.91015625
0 0.19013444767441862 0.14761991279069786 0.19037669573643415 0 0.05259811046511628 0.004527010658914743 0.051462572674418644 0.15152616279069786
0 0.9375605620155038 0.08098655523255816 0.9474018895348836 0 0.6514050387596897 0 0.6438347868217053 0.09764110949612405
0 0.9999999999999999 0.17864280523255813 0.9999999999999999 0.0862857315891473 0.6184138808139532 0.11873183139534885 0.6264232073643411 0.20816678779069767