0 0.03291545542635657 0.7237009447674418 0.08590721899224804 0.7237009447674418 0.08742126937984498 0.8274133963178294 0.13284278100775196 0.8304414970930233 0.13121398153814773 0.9999999999999998 0.0223171027131783 0.998046875
0 0.10958059210526316 0.7378700657894737 0.24434621710526316 0.7241981907894737 0.24629934210526316 0.7847450657894737 0.11543996710526316 0.7984169407894737
0 0.18698601973684215 0.8838404605263158 0.39011101973684215 0.8545435855263158 0.39792351973684215 0.9092310855263158 0.19479851973684215 0.9385279605263158
0 0.515625 0.708984375 0.51953125 0.650390625 0.697265625 0.666015625 0.693359375 0.724609375
0 0.737544943390453 0.945296562627499 0.7460331879844961 0.8834332606589147 0.919185568390453 0.900374687627499 0.899654318390453 0.966780937627499
0 0.5945723684210527 0.9045024671052632 0.6023848684210527 0.8537212171052632 0.6922286184210527 0.8673930921052632 0.6863692434210527 0.9181743421052632
0 0.9625423934108527 0.6336149467054264 0.9795435855263157 0.6829769736842105 0.998046875 0.6805331429990069 0.998046875 0.6184744428294574
0 0.5916000484496123 0.9330789728682171 0.49015867248062006 0.9398921996124031 0.4992933752925962 0.9999999999999998 0.710453003875969 0.9980468750000001 0.7059108527131782 0.9383781492248062
0 0.32138626011429866 0.7065573632801445 0.28859657033327674 0.7578803559808744 0.30014534883720934 0.7910761870155039 0.48031734496124034 0.7411125242248061 0.45254501923838625 0.6894496990465678 0.4040733039099191 0.6808958669297795
0 0.777187261288406 0.6553227822808804 0.7443975715073841 0.7066457749816103 0.813408430232558 0.7017472141472869 0.9254481589147286 0.678279433139535 0.9083460204124936 0.6382151180473037 0.8598743050840263 0.6296612859305154
0 0.43359375 1 0.43359375 0.955078125 0.357421875 0.95703125 0.357421875 1
0 0.941345687984496 0.8364976986434108 0.9511870155038761 0.8841902858527132 1 0.8825377457121852 0.998046875 0.8304414970930233