0 0.259765625 0.953125 0.2734375 0.904296875 0 0.822265625 0 0.873046875
0 0.3046875 0.7890625 0.3203125 0.73828125 0 0.640625 0 0.697265625
0 0.03125 0.51953125 0.37109375 0.625 0.38671875 0.57421875 0.046875 0.46875
0 0.015625 0.27734375 0 0.2734375 0 0.341796875
0 0.072265625 0.357421875 0.40234375 0.45703125 0.41796875 0.404296875 0.087890625 0.3046875
0 0.2734375 0.244140625 0.599609375 0.3515625 0.615234375 0.302734375 0.2890625 0.1953125
0 0.458984375 0.43359375 0.509765625 0.455078125 0.52734375 0.412109375 0.4765625 0.392578125
0 0.146484375 0.181640625 0.185546875 0.154296875 0.1953125 0.109375 0.154296875 0.099609375 0.146484375 0.1328125 0.1171875 0.125 0.1171875 0.126953125 0 0.099609375 0 0.1484375
0 0.560546875 0.42578125 0.65234375 0.48046875 0.66796875 0.453125 0.576171875 0.400390625
0 0.517578125 0.470703125 0.62109375 0.537109375 0.638671875 0.509765625 0.533203125 0.4453125
0 0.478515625 0.5234375 0.58203125 0.58984375 0.599609375 0.560546875 0.49609375 0.494140625
0 0.6953125 0.5078125 0.67578125 0.5390625 0.759765625 0.5859375 0.77734375 0.5546875
0 0.65625 0.52734375 0.5703125 0.673828125 0.673828125 0.732421875 0.759765625 0.5859375 0.67578125 0.5390625
0 0.548828125 0.6953125 0.53125 0.7265625 0.630859375 0.78515625 0.6484375 0.755859375 0.61328125 0.734375
0 0.62890625 0.70703125 0.61328125 0.734375 0.6484375 0.755859375 0.666015625 0.728515625
0 0.67578125 0.3828125 0.73046875 0.419921875 0.787109375 0.3359375 0.73046875 0.298828125
0 0.318359375 0.173828125 0.5703125 0.2734375 0.580078125 0.248046875 0.326171875 0.150390625
0 0.595703125 0.244140625 0.646484375 0.265625 0.6875 0.16796875 0.638671875 0.146484375
0 0.541015625 0.126953125 0.572265625 0.138671875 0.611328125 0.03125 0.578125 0.021484375
0 0.443359375 0.1015625 0.42578125 0.150390625 0.4921875 0.17578125 0.509765625 0.126953125 0.470703125 0.11328125
0 0.361328125 0.08203125 0.34375 0.126953125 0.421875 0.15625 0.439453125 0.111328125
0 0.830078125 0.20703125 0.84765625 0.16015625 0.736328125 0.11328125 0.716796875 0.16015625 0.830078125 0.20703125
0 0.08203125 1 0.08203125 0.970703125 0 0.970703125 0 1 0.08203125 1
0 0.8046875 0.263671875 0.83203125 0.22265625 0.791015625 0.1953125 0.763671875 0.23828125 0.8046875 0.263671875
0 0.9609375 0.130859375 0.970703125 0.09375 0.9140625 0.076171875 0.90234375 0.11328125 0.9609375 0.130859375
0 0.2421875 0.025390625 0.2421875 0 0.091796875 0 0.091796875 0.0234375 0.2421875 0.025390625
0 0.873046875 0.744140625 0.88671875 0.716796875 0.841796875 0.693359375 0.826171875 0.720703125 0.873046875 0.744140625
0 0.892578125 0.69921875 0.90625 0.671875 0.865234375 0.650390625 0.849609375 0.677734375 0.892578125 0.69921875
0 0.48828125 0.630859375 0.509765625 0.580078125 0.4453125 0.552734375 0.423828125 0.603515625 0.48828125 0.630859375