0 0.234375 0.947265625 0.48828125 0.861328125 0.5078125 0.912109375 0.25390625 0.99609375
0 0.7176192434210525 0.94921875 0.8445723684210525 0.896484375 0.8699629934210525 0.939453125 0.7430098684210525 0.9921875
0 0.5849095394736842 0.8450863486842105 0.8290501644736842 0.7493832236842105 0.8505345394736842 0.7962582236842105 0.6063939144736842 0.8939144736842105
0 0.4959909539473685 0.7302631578947368 0.6795847039473685 0.6716694078947368 0.7010690789473685 0.7322162828947368 0.5213815789473685 0.7908100328947368
0 0.193359375 0.83203125 0.44140625 0.740234375 0.45703125 0.7890625 0.2109375 0.8828125
0 0.158203125 0.705078125 0.396484375 0.615234375 0.416015625 0.6640625 0.17578125 0.755859375
0 0.083984375 0.96875 0.205078125 0.96875 0.205078125 1 0.083984375 1
0 0 0.876953125 0.162109375 0.841796875 0.171875 0.896484375 0.009765625 0.931640625
0 0.650390625 0.560546875 0.763671875 0.521484375 0.783203125 0.56640625 0.671875 0.60546875
0 0.5592105263157894 0.3262746710526316 0.6881167763157894 0.2793996710526316 0.7096011513157894 0.3262746710526316 0.5787417763157894 0.3711965460526316
0 0 0.40625 0.232421875 0.341796875 0.248046875 0.392578125 0.015625 0.45703125
0 0 0.685546875 0.029296875 0.685546875 0.029296875 0.73828125 0 0.73828125
0 0.5994037828947368 0.4468544407894737 0.7322162828947368 0.3980263157894737 0.7537006578947368 0.4449013157894737 0.6189350328947368 0.4917763157894737
0 0.005859375 0.5546875 0.072265625 0.5546875 0.072265625 0.6171875 0.005859375 0.6171875
0 0.12109375 0.58203125 0.353515625 0.494140625 0.37109375 0.54296875 0.138671875 0.630859375
0 0.494140625 0.6153371710526315 0.62890625 0.5665090460526315 0.6484375 0.6114309210526315 0.513671875 0.6602590460526315
0 0.39668996710526316 0.38805509868421056 0.5314555921052632 0.34118009868421056 0.5529399671052632 0.38414884868421056 0.41817434210526316 0.43102384868421056
0 0.4442845394736842 0.5003083881578947 0.5731907894736842 0.45343338815789475 0.5927220394736842 0.5022615131578947 0.4618626644736842 0.5471833881578949
0 0.74609375 0 0.8984375 0 0.8984375 0.048828125 0.74609375 0.048828125
0 0.6875 0.67578125 0.80078125 0.6328125 0.818359375 0.677734375 0.705078125 0.720703125
0 0.406969572368421 0.25740131578947373 0.6567639802631579 0.17516447368421056 0.675267269736842 0.21217105263157898 0.4182771381578947 0.2974917763157895
0 0 6.938893903907228e-18 0.08203125 6.938893903907228e-18 0.08203125 0.0605468750000001 0 0.0605468750000001
0 0.28762335526315785 0.030530427631578948 0.35793585526315785 0.005139802631578948 0.41067023026315785 0.10865542763157895 0.34231085526315785 0.13404605263157895
0 0.028371710526315763 0.20805921052631576 0.10783305921052636 0.17619243421052636 0.10844983552631576 0.07915296052631576 0.15614720394736845 0.08059210526315792 0.16334292763157895 0.20497532894736845 0.04512746710526319 0.2584292763157895
0 0.04296875 0.78125 0.068359375 0.595703125 0.10546875 0.6015625 0.080078125 0.78515625
0 0.6422697368421052 0.9330797697368421 0.7145353618421052 0.9037828947368421 0.7282072368421052 0.9350328947368421 0.6539884868421052 0.9643297697368421
0 0.6516241776315789 0.9677220394736841 0.7019942434210525 0.9502467105263157 0.7204975328947368 0.998046875 0.6742393092105263 0.9999999999999999
0 0.875 0.12736430921052633 0.984375 0.10002055921052633 1 0.15470805921052633 0.89453125 0.18009868421052633
0 0.595703125 0.3046875 0.576171875 0.248046875 0.546875 0.259765625 0.56640625 0.31640625 0.595703125 0.3046875
0 0.330078125 0.427734375 0.28515625 0.314453125 0.23046875 0.3359375 0.275390625 0.44921875 0.330078125 0.427734375
0 0.7421875 0.04296875 0.73828125 0 0.67578125 0 0.6796875 0.046875 0.7421875 0.04296875