0 0.75 0.033203125 0.86328125 0.00390625 0.861328125 0 0.740234375 0
0 0.861328125 0.2890625 0.990234375 0.255859375 0.978515625 0.2109375 0.849609375 0.244140625
0 0.671875 0.33984375 0.775390625 0.314453125 0.759765625 0.2578125 0.658203125 0.28515625
0 0.525390625 0.2265625 0.701171875 0.181640625 0.689453125 0.1328125 0.513671875 0.177734375
0 0.595703125 0.072265625 0.71875 0.041015625 0.70703125 0 0.68359375 0 0.583984375 0.025390625
0 0.365234375 0.150390625 0.4765625 0.123046875 0.46484375 0.072265625 0.353515625 0.099609375
0 0.296875 0.302734375 0.419921875 0.271484375 0.408203125 0.224609375 0.283203125 0.255859375
0 0.568359375 0.30859375 0.5625 0.28515625 0.521484375 0.296875 0.52734375 0.318359375
0 0.60546875 0.298828125 0.4375 0.341796875 0.451171875 0.396484375 0.619140625 0.353515625
0 0.224609375 0.45703125 0.365234375 0.421875 0.3515625 0.37109375 0.212890625 0.40625
0 0.3046875 0.6484375 0.43359375 0.6171875 0.419921875 0.564453125 0.291015625 0.595703125
0 0.482421875 0.59375 0.6171875 0.560546875 0.6015625 0.498046875 0.46484375 0.53125
0 0.650390625 0.5546875 0.826171875 0.509765625 0.8125 0.455078125 0.63671875 0.5
0 0.904296875 0.5 1 0.474609375 1 0.4140625 0.888671875 0.443359375
0 0.9921875 0.60546875 1 0.6015625 1 0.546875 0.98046875 0.552734375
0 0.798828125 0.916015625 0.978515625 0.87109375 0.96484375 0.818359375 0.78515625 0.86328125
0 0.650390625 0.826171875 0.83203125 0.779296875 0.81640625 0.724609375 0.63671875 0.76953125
0 0.677734375 0.681640625 0.796875 0.65234375 0.78125 0.59375 0.662109375 0.623046875
0 0.513671875 0.724609375 0.6328125 0.693359375 0.619140625 0.638671875 0.5 0.66796875
0 0.32421875 0.857421875 0.451171875 0.826171875 0.439453125 0.775390625 0.310546875 0.80859375
0 0.4765625 0.83984375 0.48046875 0.859375 0.47265625 0.861328125 0.478515625 0.884765625 0.45703125 0.890625 0.4765625 0.962890625 0.498046875 0.95703125 0.501953125 0.970703125 0.5546875 0.95703125 0.552734375 0.943359375 0.568359375 0.939453125 0.55078125 0.8671875 0.541015625 0.869140625 0.53515625 0.845703125 0.515625 0.8515625 0.509765625 0.83203125
0 0.599609375 0.998046875 0.689453125 0.974609375 0.677734375 0.92578125 0.587890625 0.94921875
0 0.796875 0.98046875 0.720703125 1 0.80078125 1
0 0.97265625 1 1 1 1 0.9765625 0.970703125 0.984375
0 0.07421875 0.98046875 0.201171875 0.94921875 0.1875 0.896484375 0.060546875 0.927734375
0 0.166015625 0.798828125 0.28125 0.76953125 0.267578125 0.716796875 0.15234375 0.74609375
0 0.9453125 0.1171875 1 0.1015625 1 0.044921875 0.931640625 0.0625
0 0.517578125 0.03515625 0.515625 0 0.388671875 0 0.388671875 0.03515625 0.517578125 0.03515625