0 0.615234375 0.888671875 0.744140625 0.978515625 0.775390625 0.93359375 0.646484375 0.841796875 0.619140625 0.8828125
0 0.654296875 0.83203125 0.48046875 0.708984375 0.4453125 0.759765625 0.619140625 0.8828125 0.646484375 0.841796875
0 0.353515625 0.91015625 0.4921875 1 0.61328125 1 0.388671875 0.85546875
0 0.23828125 0.978515625 0.18359375 0.947265625 0.150390625 1 0.224609375 1
0 0.744140625 0.341796875 0.716796875 0.384765625 0.884765625 0.48828125 0.912109375 0.4453125
0 0.58203125 0.298828125 0.59375 0.279296875 0.5625 0.259765625 0.515625 0.3359375 0.552734375 0.359375 0.587890625 0.302734375
0 0.59765625 0.203125 0.560546875 0.259765625 0.59375 0.279296875 0.609375 0.25390625 0.6171875 0.2578125 0.63671875 0.2265625
0 0.74609375 0.337890625 0.609375 0.25390625 0.58203125 0.298828125 0.71875 0.3828125 0.744140625 0.341796875
0 0.962890625 0.154296875 1 0.17578125 1 0.1171875 0.98828125 0.111328125
0 0.890625 0 0.80078125 0 0.958984375 0.1015625 0.986328125 0.060546875
0 0.0703125 0.818359375 0.11328125 0.84375 0.25390625 0.59765625 0.2109375 0.57421875
0 0.08203125 0.517578125 0.142578125 0.46875 0.083984375 0.396484375 0.0234375 0.447265625
0 0.412109375 0.12890625 0.36328125 0.16796875 0.380859375 0.189453125 0.23828125 0.302734375 0.220703125 0.279296875 0.181640625 0.3125 0.244140625 0.390625 0.47265625 0.20703125
0 0.072265625 0 0 0 0 0.0546875
0 0.80078125 1 0.904296875 1 0.83203125 0.953125
0 0.33984375 0.7890625 0.310546875 0.748046875 0.25 0.791015625 0.28125 0.83203125
0 0.263671875 0.810546875 0.1953125 0.859375 0.228515625 0.90625 0.298828125 0.85546875
0 0.365234375 0.6640625 0.302734375 0.708984375 0.33203125 0.74609375 0.392578125 0.703125
0 0.404296875 0.6015625 0.34765625 0.642578125 0.376953125 0.681640625 0.431640625 0.642578125 0.416015625 0.619140625
0 0.4765625 0.57421875 0.4453125 0.53125 0.384765625 0.578125 0.416015625 0.619140625
0 0.806640625 0.720703125 0.63671875 0.615234375 0.615234375 0.650390625 0.783203125 0.755859375 0.79296875 0.740234375
0 0.650390625 0.591796875 0.5859375 0.552734375 0.560546875 0.595703125 0.625 0.634765625 0.63671875 0.615234375
0 0.740234375 0.828125 0.78125 0.853515625 0.8359375 0.765625 0.79296875 0.740234375 0.783203125 0.755859375
0 0.86328125 0.607421875 0.80859375 0.697265625 0.845703125 0.720703125 0.900390625 0.62890625
0 0.908203125 0.615234375 0.8828125 0.65625 1 0.7265625 1 0.669921875
0 0.94921875 0.46875 0.8984375 0.552734375 0.94140625 0.578125 0.9921875 0.494140625
0 0.9765625 0.421875 1 0.43359375 1 0.37890625
0 0.990234375 0.8203125 0.96484375 0.8046875 0.931640625 0.865234375 0.91796875 0.857421875 0.892578125 0.90234375 0.966796875 0.943359375 1 0.880859375 1 0.873046875 0.96875 0.857421875
0 0.96484375 0.9453125 1 0.96484375 1 0.880859375
0 0.892578125 0.7734375 0.875 0.8046875 0.943359375 0.841796875 0.962890625 0.810546875
0 0.90234375 0.8203125 0.87109375 0.87890625 0.8984375 0.89453125 0.91796875 0.857421875 0.931640625 0.865234375 0.943359375 0.841796875
0 0.677734375 0.45703125 0.541015625 0.376953125 0.515625 0.421875 0.65234375 0.501953125 0.671875 0.466796875
0 0.646484375 0.509765625 0.81640625 0.611328125 0.841796875 0.568359375 0.671875 0.466796875 0.65234375 0.501953125
0 0.482421875 0.48828125 0.544921875 0.525390625 0.56640625 0.490234375 0.505859375 0.451171875
0 0.671875 0.248046875 0.78125 0.314453125 0.80859375 0.26953125 0.69921875 0.203125
0 0.8203125 0.208984375 0.794921875 0.24609375 0.962890625 0.3515625 0.986328125 0.3125
0 0.697265625 0.103515625 0.662109375 0.083984375 0.638671875 0.12109375 0.673828125 0.140625 0.69140625 0.11328125
0 0.826171875 0.197265625 0.69140625 0.11328125 0.662109375 0.158203125 0.796875 0.244140625 0.8203125 0.208984375
0 0.673828125 0.140625 0.638671875 0.12109375 0.58984375 0.197265625 0.623046875 0.21875 0.662109375 0.158203125
0 0.037109375 0.88671875 0.037109375 0.796875 0 0.798828125 0 0.88671875 0.037109375 0.88671875
0 0.39453125 1 0.396484375 0.962890625 0.294921875 0.962890625 0.294921875 0.998046875 0.39453125 1
0 0.115234375 0.3203125 0.083984375 0.28515625 0.00390625 0.35546875 0.03515625 0.390625 0.115234375 0.3203125
0 0.287109375 0.564453125 0.328125 0.505859375 0.2734375 0.46875 0.234375 0.52734375 0.287109375 0.564453125
0 0.728515625 0.787109375 0.75 0.75 0.650390625 0.69140625 0.62890625 0.728515625 0.728515625 0.787109375