0 0.765625 0 0.66796875 0 0.650390625 0.009765625 0.677734375 0.0625 0.7734375 0.013671875
0 0.529296875 0.05078125 0.50390625 0.0625 0.498046875 0.052734375 0.470703125 0.068359375 0.498046875 0.12109375 0.55078125 0.09375 0.53125 0.0546875
0 0.126953125 0.216796875 0.072265625 0.24609375 0.111328125 0.322265625 0.166015625 0.29296875
0 0.1875 0.185546875 0.142578125 0.208984375 0.181640625 0.28515625 0.2265625 0.26171875
0 0.2578125 0.1484375 0.20703125 0.17578125 0.24609375 0.251953125 0.296875 0.224609375
0 0.318359375 0.1171875 0.2734375 0.140625 0.3125 0.216796875 0.357421875 0.193359375
0 0.45703125 0.07421875 0.419921875 0.09375 0.447265625 0.146484375 0.484375 0.126953125
0 0.599609375 0.068359375 0.6171875 0.05859375 0.59765625 0.01953125 0.53125 0.0546875 0.55078125 0.09375 0.572265625 0.08203125 0.578125 0.09375 0.603515625 0.080078125
0 0.076171875 0.1015625 0.009765625 0.13671875 0.025390625 0.16796875 0.09375 0.134765625
0 0.09375 0.134765625 0.025390625 0.16796875 0.048828125 0.212890625 0.115234375 0.177734375
0 0.19140625 0 0.14453125 0 0.162109375 0.033203125 0.19921875 0.013671875
0 0.12109375 0 0.078125 0 0.068359375 0.005859375 0.099609375 0.06640625 0.14453125 0.04296875
0 0.03125 0.025390625 0 0.0390625 0 0.08203125 0.013671875 0.109375 0.0625 0.083984375
0 0.431640625 0.029296875 0.484375 0 0.416015625 0
0 0.41015625 0 0.35546875 0 0.3828125 0.0546875 0.42578125 0.03125
0 0.3359375 0 0.33203125 0 0.29296875 0.021484375 0.326171875 0.083984375 0.369140625 0.060546875
0 0.27734375 0.029296875 0.234375 0.05078125 0.267578125 0.11328125 0.30859375 0.091796875
0 0.21875 0.060546875 0.181640625 0.080078125 0.212890625 0.142578125 0.25 0.123046875
0 0.16796875 0.0859375 0.115234375 0.11328125 0.1484375 0.17578125 0.201171875 0.1484375
0 0.818359375 0.408203125 0.833984375 0.3984375 0.8125 0.35546875 0.6015625 0.458984375 0.623046875 0.50390625 0.638671875 0.49609375 0.642578125 0.505859375 0.673828125 0.490234375 0.669921875 0.48046875 0.712890625 0.4609375 0.716796875 0.46875 0.74609375 0.453125 0.7421875 0.4453125 0.775390625 0.427734375 0.779296875 0.4375 0.822265625 0.416015625
0 0.9375 0.568359375 0.962890625 0.62109375 1 0.6015625 1 0.537109375
0 0.9375 0.298828125 0.9609375 0.341796875 0.974609375 0.3359375 0.978515625 0.34375 1 0.33203125 1 0.267578125
0 0.828125 0.623046875 0.71875 0.677734375 0.740234375 0.720703125 0.849609375 0.666015625
0 0.958984375 0.7421875 0.98828125 0.80078125 1 0.794921875 1 0.720703125
0 0.951171875 0.748046875 0.763671875 0.841796875 0.79296875 0.900390625 0.98046875 0.806640625
0 0.578125 0.578125 0.421875 0.65625 0.4453125 0.70703125 0.603515625 0.62890625
0 0.654296875 0.734375 0.498046875 0.810546875 0.52734375 0.87109375 0.68359375 0.79296875
0 0.732421875 0.888671875 0.57421875 0.966796875 0.591796875 1 0.626953125 1 0.755859375 0.935546875
0 0.859375 1 0.994140625 1 1 0.99609375 1 0.9296875