0 0.90234375 0.744140625 0.93359375 0.810546875 1 0.779296875 1 0.697265625
0 0.826171875 0 0.599609375 0.10546875 0.857421875 0.666015625 1 0.599609375 1 0.376953125
0 0.8984375 0 0.826171875 0 0.998046875 0.375 1 0.373046875 1 0.216796875 0.90234375 0.005859375
0 0.90234375 0.005859375 1 0.216796875 1 0 0.9140625 0
0 0.71875 0.814453125 0.681640625 0.830078125 0.712890625 0.900390625 0.75 0.8828125
0 0.751953125 0.85546875 0.791015625 0.837890625 0.767578125 0.787109375 0.728515625 0.8046875
0 0.64453125 0.509765625 0.6328125 0.515625 0.66015625 0.572265625 0.646484375 0.578125 0.71875 0.73828125 0.744140625 0.7265625
0 0.3046875 0.826171875 0.11328125 0.9140625 0.138671875 0.970703125 0.330078125 0.8828125
0 0.54296875 0.787109375 0.07421875 1 0.607421875 1 0.634765625 0.98828125
0 0.11328125 0.9140625 0 0.96484375 0 1 0.07421875 1 0.138671875 0.970703125
0 0.44921875 0.736328125 0.498046875 0.712890625 0.41015625 0.517578125 0.359375 0.541015625
0 0.359375 0.541015625 0 0.703125 0 0.94140625 0.44921875 0.736328125
0 0.630859375 0.455078125 0.626953125 0.408203125 0.580078125 0.412109375 0.5859375 0.458984375 0.630859375 0.455078125
0 0.05859375 0.189453125 0.056640625 0.08203125 0 0.083984375 0 0.19140625 0.05859375 0.189453125
0 0.130859375 0.14453125 0.1171875 0.119140625 0.080078125 0.138671875 0.09375 0.1640625 0.130859375 0.14453125
0 0.1484375 0.560546875 0.134765625 0.53125 0.103515625 0.544921875 0.1171875 0.57421875 0.1484375 0.560546875