0 0.009765625 0.771484375 0.078125 0.75390625 0.068359375 0.712890625 0 0.73046875
0 0.16796875 0.68359375 0.177734375 0.689453125 0.189453125 0.673828125 0.181640625 0.666015625
0 0.15625 0.70703125 0.16796875 0.7109375 0.17578125 0.693359375 0.166015625 0.689453125
0 0.125 0.73828125 0.140625 0.751953125 0.1640625 0.728515625 0.150390625 0.712890625
0 0.09765625 0.466796875 0.11328125 0.458984375 0.10546875 0.443359375 0.087890625 0.451171875
0 0.04296875 0.486328125 0.0859375 0.46484375 0.080078125 0.451171875 0.037109375 0.47265625 0.041015625 0.48046875
0 0.01953125 0.482421875 0.0234375 0.490234375 0.041015625 0.48046875 0.037109375 0.47265625
0 0.09765625 0.498046875 0.0859375 0.48046875 0.06640625 0.494140625 0.078125 0.51171875
0 0.06640625 0.494140625 0.029296875 0.51953125 0.041015625 0.537109375 0.078125 0.51171875
0 0.015625 0.560546875 0.005859375 0.541015625 0 0.54296875 0 0.568359375
0 0.14453125 0.5078125 0.15625 0.505859375 0.15234375 0.4921875 0.140625 0.494140625
0 0.068359375 0.6796875 0.060546875 0.646484375 0.005859375 0.66015625 0.01171875 0.693359375 0.068359375 0.6796875
0 0.873046875 0.708984375 0.85546875 0.67578125 0.8046875 0.70703125 0.822265625 0.73828125 0.873046875 0.708984375
0 0.037109375 0.09375 0.041015625 0.015625 0 0.013671875 0 0.091796875 0.037109375 0.09375