0 0.40625 0.0390625 0.419921875 0 0.357421875 0 0.3515625 0.01953125
0 0.484375 0.025390625 0.55078125 0.048828125 0.568359375 0 0.4921875 0
0 0.4296875 0.197265625 0.466796875 0.2109375 0.4921875 0.138671875 0.630859375 0.189453125 0.603515625 0.259765625 0.6328125 0.26953125 0.671875 0.1640625 0.46875 0.08984375
0 0.880859375 0.646484375 0.966796875 0.392578125 0.84375 0.3515625 0.7578125 0.603515625
0 0.869140625 0.263671875 0.96484375 0.296875 0.9921875 0.212890625 0.8984375 0.1796875
0 0.8515625 0.759765625 0.712890625 0.708984375 0.677734375 0.806640625 0.81640625 0.857421875
0 0.341796875 0.5234375 0.306640625 0.513671875 0.279296875 0.603515625 0.3125 0.61328125 0.3046875 0.63671875 0.349609375 0.650390625 0.35546875 0.626953125 0.390625 0.638671875 0.416015625 0.55859375 0.380859375 0.546875 0.359375 0.6171875 0.31640625 0.603515625
0 0.333984375 0.4296875 0.302734375 0.419921875 0.263671875 0.544921875 0.294921875 0.5546875 0.3046875 0.5234375
0 0.0859375 0.45703125 0.1796875 0.490234375 0.193359375 0.455078125 0.09765625 0.419921875
0 0.1640625 0.37109375 0.154296875 0.400390625 0.205078125 0.41796875 0.21484375 0.390625
0 0.6328125 0.287109375 0.611328125 0.279296875 0.6015625 0.3046875 0.623046875 0.314453125
0 0.32421875 0.05859375 0.333984375 0.033203125 0.294921875 0.017578125 0.28515625 0.044921875
0 0.455078125 0.826171875 0.490234375 0.732421875 0.373046875 0.6875 0.337890625 0.78125
0 0.26953125 0.6484375 0.234375 0.7421875 0.2578125 0.751953125 0.275390625 0.701171875 0.318359375 0.716796875 0.298828125 0.767578125 0.337890625 0.78125 0.373046875 0.6875
0 0.08203125 0.759765625 0.09375 0.73046875 0 0.6953125 0 0.73046875
0 0.357421875 0.279296875 0.3984375 0.189453125 0.2578125 0.126953125 0.21875 0.21875 0.357421875 0.279296875