0 0.0703125 0.396484375 0.072265625 0.404296875 0 0.41796875 0 0.46875 0.181640625 0.43359375 0.171875 0.384765625 0.115234375 0.396484375 0.11328125 0.38671875 0.099609375 0.390625
0 0.12890625 0.21484375 0.06640625 0.2265625 0.078125 0.279296875 0.140625 0.267578125
0 0.1484375 0.265625 0.078125 0.279296875 0.099609375 0.390625 0.11328125 0.38671875 0.115234375 0.396484375 0.171875 0.384765625
0 0.123046875 0.70703125 0.15234375 0.701171875 0.16796875 0.6953125 0.181640625 0.6875 0.193359375 0.67578125 0.205078125 0.666015625 0.21484375 0.65234375 0.19921875 0.576171875 0.115234375 0.591796875 0.126953125 0.650390625 0 0.67578125 0 0.740234375 0.125 0.716796875
0 0.697265625 0.478515625 1 0.41796875 1 0.365234375 0.6875 0.427734375
0 0.732421875 0.6328125 1 0.578125 1 0.521484375 0.720703125 0.580078125
0 0.302734375 0.21875 0.607421875 0.15625 0.599609375 0.111328125 0.29296875 0.171875
0 0.640625 0.15234375 0.98828125 0.08203125 0.978515625 0.029296875 0.62890625 0.1015625
0 0.8359375 0.228515625 0.837890625 0.240234375 0.810546875 0.24609375 0.80859375 0.234375 0.751953125 0.24609375 0.751953125 0.25390625 0.732421875 0.2578125 0.73046875 0.25 0.67578125 0.26171875 0.6875 0.322265625 1 0.2578125 1 0.1953125
0 0.650390625 0.3125 0.640625 0.265625 0.333984375 0.326171875 0.34375 0.375 0.396484375 0.36328125
0 0.642578125 0.53515625 0.611328125 0.375 0.568359375 0.384765625 0.6015625 0.54296875 0.62890625 0.537109375
0 0.591796875 0.544921875 0.587890625 0.53125 0.5546875 0.5390625 0.556640625 0.552734375 0.498046875 0.564453125 0.49609375 0.55078125 0.46484375 0.556640625 0.466796875 0.5703125 0.41015625 0.58203125 0.421875 0.638671875 0.640625 0.59375 0.62890625 0.537109375 0.6015625 0.54296875
0 0.38671875 0.31640625 0.3671875 0.224609375 0.3125 0.236328125 0.345703125 0.39453125 0.400390625 0.384765625 0.396484375 0.36328125 0.34375 0.375 0.333984375 0.326171875
0 0.453125 0.9921875 0.583984375 0.96484375 0.576171875 0.921875 0.443359375 0.947265625
0 0.966796875 0.962890625 0.96875 0.97265625 0.931640625 0.978515625 0.931640625 0.970703125 0.896484375 0.9765625 0.896484375 0.982421875 0.880859375 0.984375 0.8828125 1 1 1 1 0.95703125
0 0.61328125 0.974609375 0.763671875 0.947265625 0.75390625 0.892578125 0.6015625 0.919921875
0 0.796875 0.947265625 1 0.904296875 1 0.849609375 0.78515625 0.89453125
0 0.0546875 0.08203125 0.115234375 0.0703125 0.1015625 0 0.037109375 0
0 0.04296875 0.09765625 0.033203125 0.044921875 0 0.05078125 0 0.10546875
0 0.439453125 0.4140625 0.365234375 0.4296875 0.404296875 0.62109375 0.41796875 0.619140625 0.41015625 0.58203125 0.466796875 0.5703125 0.46484375 0.556640625 0.46875 0.556640625
0 0.05078125 0.302734375 0.04296875 0.2421875 0 0.25 0 0.30859375 0.05078125 0.302734375