0 0.134765625 0.24609375 0.142578125 0.23046875 0.109375 0.212890625 0.1015625 0.2265625 0.08984375 0.220703125 0.060546875 0.2734375 0.17578125 0.337890625 0.205078125 0.28515625 0.19140625 0.27734375 0.19921875 0.263671875 0.16796875 0.24609375 0.16015625 0.26171875 0.14453125 0.251953125
0 0.052734375 0.5546875 0.087890625 0.490234375 0 0.439453125 0 0.5234375
0 0.2578125 0.033203125 0.263671875 0.0234375 0.234375 0.005859375 0.228515625 0.015625 0.21484375 0.0078125 0.181640625 0.064453125 0.2890625 0.126953125 0.322265625 0.068359375 0.30859375 0.060546875 0.314453125 0.05078125 0.2890625 0.037109375 0.28515625 0.046875 0.275390625 0.04296875
0 0.154296875 0.099609375 0.220703125 0.138671875 0.2421875 0.099609375 0.181640625 0.064453125 0.21484375 0.0078125 0.228515625 0.015625 0.234375 0.005859375 0.263671875 0.0234375 0.2578125 0.033203125 0.275390625 0.04296875 0.298828125 0 0.2109375 0
0 0.064453125 0.275390625 0 0.388671875 0 0.439453125 0.029296875 0.45703125 0.115234375 0.302734375
0 0.123046875 0.171875 0.09375 0.22265625 0.1015625 0.2265625 0.109375 0.212890625 0.142578125 0.23046875 0.134765625 0.24609375 0.14453125 0.251953125 0.173828125 0.201171875
0 0.205078125 0.41796875 0.478515625 0.572265625 0.505859375 0.5234375 0.232421875 0.369140625
0 0.107421875 0.572265625 0.388671875 0.73046875 0.4140625 0.685546875 0.1328125 0.525390625
0 0.326171875 0.8046875 0.1328125 0.6953125 0.107421875 0.740234375 0.255859375 0.82421875 0.201171875 0.921875 0.24609375 0.947265625 0.30078125 0.849609375
0 0.048828125 0.912109375 0.205078125 1 0.21875 1 0.23828125 0.966796875 0.0703125 0.873046875
0 0.009765625 0.90625 0.03515625 0.86328125 0 0.84375 0 0.900390625
0 0 0.619140625 0 0.677734375 0.107421875 0.740234375 0.1328125 0.6953125
0 0.787109375 0.107421875 1 0.2265625 1 0.1640625 0.814453125 0.060546875
0 0.97265625 0.322265625 0.984375 0.30078125 0.755859375 0.171875 0.728515625 0.220703125 0.95703125 0.3515625 0.9453125 0.37109375 1 0.400390625 1 0.3359375
0 0.861328125 0.4453125 0.8359375 0.490234375 1 0.58203125 1 0.5234375
0 0.880859375 0.41015625 0.681640625 0.298828125 0.654296875 0.34765625 0.853515625 0.458984375 0.861328125 0.4453125
0 0.32421875 0.22265625 0.58203125 0.3671875 0.607421875 0.3203125 0.349609375 0.17578125
0 0.390625 0.03515625 0.671875 0.1953125 0.693359375 0.15625 0.41796875 0 0.408203125 0
0 0.734375 0.064453125 0.7578125 0.0234375 0.71484375 0 0.619140625 0
0 0.564453125 0.513671875 0.736328125 0.611328125 0.759765625 0.5703125 0.587890625 0.470703125
0 0.74609375 0.65625 0.873046875 0.728515625 0.89453125 0.689453125 0.767578125 0.619140625
0 0.84765625 0.93359375 0.939453125 0.986328125 0.970703125 0.93359375 0.876953125 0.880859375
0 0.53515625 0.751953125 0.775390625 0.88671875 0.802734375 0.837890625 0.5625 0.703125 0.537109375 0.74609375
0 0.400390625 0.82421875 0.3671875 0.880859375 0.455078125 0.9296875 0.48828125 0.873046875
0 0.576171875 0.67578125 0.49609375 0.630859375 0.45703125 0.69921875 0.537109375 0.74609375 0.5625 0.703125
0 0.48828125 0.873046875 0.455078125 0.9296875 0.578125 1 0.7109375 1
0 0.966796875 0.728515625 0.939453125 0.779296875 0.966796875 0.794921875 0.9609375 0.802734375 0.9921875 0.8203125 0.998046875 0.8125 1 0.8125 1 0.74609375
0 0.869140625 0.837890625 0.919921875 0.8671875 0.94921875 0.814453125 0.8984375 0.787109375
0 0 0.958984375 0 0.990234375 0.015625 1 0.0703125 1
0 1 0.048828125 1 0 0.853515625 0 0.853515625 0.048828125 1 0.048828125
0 0.06640625 0.818359375 0.083984375 0.77734375 0.00390625 0.744140625 0 0.787109375 0.06640625 0.818359375
0 0.146484375 0.865234375 0.18359375 0.8046875 0.103515625 0.7578125 0.06640625 0.818359375 0.146484375 0.865234375