0 0.375 0.0546875 0.345703125 0.119140625 0.47265625 0.17578125 0.501953125 0.111328125
0 0.46875 0.173828125 0.408203125 0.146484375 0.326171875 0.330078125 0.38671875 0.357421875 0.4296875 0.26171875
0 0.287109375 0.314453125 0.26171875 0.376953125 0.373046875 0.423828125 0.3984375 0.361328125 0.326171875 0.330078125
0 0.18359375 0.599609375 0.287109375 0.650390625 0.318359375 0.587890625 0.21484375 0.537109375
0 0.21484375 0.806640625 0.107421875 0.755859375 0.078125 0.814453125 0.1875 0.8671875 0.203125 0.8359375
0 0.18359375 0.599609375 0.1484375 0.671875 0.107421875 0.755859375 0.21484375 0.806640625 0.216796875 0.802734375 0.224609375 0.806640625 0.296875 0.65625 0.287109375 0.650390625
0 0.302734375 0.0859375 0.328125 0.03515625 0.255859375 0 0.12890625 0
0 0.033203125 0.13671875 0.244140625 0.23828125 0.265625 0.19140625 0.056640625 0.08984375
0 0.171875 0.42578125 0.197265625 0.37109375 0 0.2734375 0 0.341796875
0 0.08203125 0.6328125 0.107421875 0.580078125 0 0.52734375 0 0.591796875
0 0.865234375 0.8671875 1 0.91796875 1 0.85546875 0.884765625 0.8125
0 0.94140625 0.580078125 1 0.607421875 1 0.544921875 0.966796875 0.529296875