0 0.384765625 0.99609375 0.51953125 0.951171875 0.49609375 0.8828125 0.361328125 0.927734375
0 0.583984375 1 0.78125 1 0.89453125 0.96875 0.87890625 0.90625 0.58203125 0.98828125
0 0.548828125 0.87890625 0.841796875 0.802734375 0.826171875 0.744140625 0.533203125 0.8203125
0 0.3046875 0.4375 0.23828125 0.4609375 0.341796875 0.775390625 0.40234375 0.75390625 0.390625 0.716796875 0.35546875 0.728515625 0.337890625 0.67578125 0.373046875 0.6640625 0.34375 0.568359375 0.30859375 0.578125 0.291015625 0.5234375 0.328125 0.51171875
0 0.416015625 0.40234375 0.396484375 0.33984375 0.216796875 0.3984375 0.23828125 0.4609375 0.3046875 0.4375
0 0.50390625 0.6796875 0.486328125 0.626953125 0.337890625 0.67578125 0.35546875 0.728515625 0.390625 0.716796875
0 0.455078125 0.533203125 0.439453125 0.478515625 0.291015625 0.5234375 0.30859375 0.578125 0.34375 0.568359375
0 0.884765625 0.533203125 1 0.5703125 1 0.5 0.904296875 0.46875
0 0.896484375 0.66796875 1 0.703125 1 0.640625 0.916015625 0.611328125
0 0.94140625 0.85546875 1 0.873046875 1 0.796875 0.96484375 0.787109375
0 0.927734375 0.287109375 0.908203125 0.341796875 0.98828125 0.373046875 0.98828125 0.37109375 1 0.375 1 0.3125
0 0.927734375 0.287109375 0.826171875 0.248046875 0.8046875 0.302734375 0.90625 0.341796875 0.908203125 0.341796875
0 0.73828125 0.052734375 0.724609375 0.0078125 0.5938711240310077 0.046163396317829467 0.583984375 0.048828125 0.59765625 0.09765625 0.630859375 0.087890625 0.65234375 0.166015625 0.734375 0.142578125 0.7109375 0.060546875
0 0.666015625 0.265625 0.42578125 0.34765625 0.443359375 0.40234375 0.685546875 0.3203125
0 0.55078125 0.44921875 0.498046875 0.466796875 0.52734375 0.56640625 0.580078125 0.55078125
0 0.56640625 0.5 0.82421875 0.423828125 0.810546875 0.373046875 0.55078125 0.44921875
0 0.830078125 0.546875 0.5234375 0.634765625 0.537109375 0.685546875 0.84375 0.59765625
0 0.830078125 0.546875 0.81640625 0.5 0.77734375 0.51171875 0.7890625 0.55859375
0 0.154296875 0.2890625 0.55078125 0.154296875 0.52734375 0.087890625 0.130859375 0.22265625
0 0.701171875 0.365234375 0.75390625 0.34765625 0.720703125 0.24609375 0.666015625 0.265625 0.685546875 0.3203125
0 0 0.259765625 0 0.33984375 0.017578125 0.345703125 0.041015625 0.2734375
0 0.0859375 0.353515625 0.10546875 0.29296875 0.041015625 0.2734375 0.021484375 0.333984375
0 0.111328125 0.486328125 0.1171875 0.501953125 0.09765625 0.509765625 0.091796875 0.494140625 0.046875 0.509765625 0.05078125 0.525390625 0.03515625 0.53125 0.029296875 0.517578125 0 0.52734375 0 0.58984375 0.18359375 0.52734375 0.16796875 0.484375 0.154296875 0.490234375 0.1484375 0.47265625
0 0.150390625 0.66796875 0.15625 0.685546875 0.130859375 0.693359375 0.126953125 0.677734375 0.08203125 0.69140625 0.0859375 0.705078125 0.068359375 0.7109375 0.064453125 0.6953125 0.021484375 0.708984375 0.02734375 0.72265625 0.01171875 0.7265625 0.005859375 0.7109375 0 0.7109375 0 0.771484375 0.21875 0.708984375 0.208984375 0.669921875 0.193359375 0.67578125 0.1875 0.658203125
0 0.197265625 0.826171875 0.201171875 0.841796875 0.185546875 0.845703125 0.181640625 0.83203125 0.1328125 0.84765625 0.138671875 0.861328125 0.115234375 0.869140625 0.111328125 0.853515625 0.07421875 0.865234375 0.078125 0.880859375 0.052734375 0.888671875 0.046875 0.875 0.013671875 0.884765625 0.017578125 0.8984375 0.0078125 0.90234375 0.0234375 0.953125 0.27734375 0.873046875 0.26171875 0.822265625 0.25 0.826171875 0.24609375 0.810546875
0 1 0.966796875 0.994140625 0.91796875 0.962890625 0.92578125 0.9765625 0.974609375
0 0.390625 0.8359375 0.376953125 0.78125 0.333984375 0.79296875 0.34765625 0.84765625
0 0.155689801356589 0.1527374031007752 0.5166545542635659 0.022695615310077532 0.4023437499999999 0 0.132252301356589 0.08633115310077519
0 0.946342054263566 0.044921875 0.932670179263566 0 0.8232497577519381 0 0.7823703972868218 0 0.7937257751937986 0.05827579941860466 0.8247638081395349 0.051462572674418616 0.8459605135658915 0.11959484011627908 0.9307473352713179 0.09764110949612405 0.918998304263566 0.052734375
0 0 0.1327065164728682 0 0.21278464147286824 0.017578125 0.2186440164728683 0.041015625 0.1463783914728682
0 0 0 0 0.044649345930232565 0.07833696705426355 0.06433200096899226 0.08969234496124032 0