0 0.017578125 0.52734375 0.18359375 0.365234375 0 0.17578125 0 0.5078125
0 0.994140625 0.201171875 0.759765625 0.423828125 0.794921875 0.4609375 1 0.267578125 1 0.20703125
0 0.697265625 0.462890625 0.70703125 0.453125 0.671875 0.416015625 0.591796875 0.490234375 0.6328125 0.533203125 0.6484375 0.517578125 0.642578125 0.51171875 0.666015625 0.4921875 0.671875 0.498046875 0.701171875 0.46875
0 0.763671875 0.486328125 0.7265625 0.447265625 0.716796875 0.455078125 0.7109375 0.44921875 0.70703125 0.453125 0.697265625 0.462890625 0.701171875 0.46875 0.671875 0.498046875 0.666015625 0.4921875 0.642578125 0.51171875 0.6484375 0.517578125 0.6328125 0.533203125 0.669921875 0.57421875 0.724609375 0.5234375
0 0.9296875 0.79296875 1 0.7265625 1 0.640625 0.88671875 0.748046875 0.89453125 0.755859375
0 0.0703125 0.552734375 0.00390625 0.61328125 0.01171875 0.623046875 0 0.634765625 0 0.69921875 0.109375 0.595703125
0 0.154296875 0.4765625 0.19140625 0.513671875 0.3359375 0.375 0.298828125 0.337890625
0 0.458984375 0.52734375 0.419921875 0.48828125 0.2578125 0.6484375 0.18359375 0.6796875 0.203125 0.7265625 0.296875 0.6875
0 0.115234375 1 0.19921875 1 0.24609375 0.955078125 0.205078125 0.912109375
0 0 0.875 0 0.951171875 0.125 0.83203125 0.087890625 0.79296875
0 0.599609375 0.662109375 0.55859375 0.703125 0.623046875 0.76953125 0.6640625 0.728515625
0 0.6640625 0.728515625 0.517578125 0.873046875 0.427734375 0.916015625 0.44921875 0.958984375 0.552734375 0.91015625 0.69921875 0.765625
0 0.775390625 0.9375 0.73046875 0.892578125 0.619140625 1 0.708984375 1 0.76171875 0.94921875
0 0.822265625 0.890625 0.69921875 0.765625 0.66015625 0.802734375 0.73828125 0.8828125 0.73046875 0.890625 0.73046875 0.892578125 0.775390625 0.9375 0.783203125 0.9296875
0 0.458984375 0.52734375 0.41796875 0.56640625 0.5078125 0.65625 0.546875 0.6171875
0 0.58203125 0.650390625 0.546875 0.6171875 0.5078125 0.65625 0.40234375 0.763671875 0.31640625 0.798828125 0.333984375 0.84375 0.427734375 0.806640625
0 0.8671875 0.625 1 0.498046875 1 0.494140625 0.962890625 0.45703125 0.779296875 0.62890625 0.8203125 0.671875 0.859375 0.6328125
0 0.724609375 0.5234375 0.669921875 0.57421875 0.830078125 0.748046875 0.904296875 0.6796875 0.859375 0.6328125 0.8203125 0.671875 0.779296875 0.62890625 0.828125 0.58203125 0.78515625 0.53515625 0.7578125 0.55859375 0.751953125 0.552734375
0 0.89453125 0.755859375 0.88671875 0.748046875 1 0.640625 1 0.58984375 0.830078125 0.748046875 0.86328125 0.78515625 0.921875 0.8046875 0.9296875 0.794921875
0 0.533203125 0.27734375 0.646484375 0.16796875 0.599609375 0.1171875 0.484375 0.2265625
0 0.490234375 0.052734375 0.322265625 0.212890625 0.365234375 0.2578125 0.533203125 0.09765625
0 0.60546875 0.111328125 0.564453125 0.06640625 0.37109375 0.25 0.4140625 0.294921875 0.484375 0.2265625
0 0.783203125 0.181640625 0.7265625 0.125 0.548828125 0.298828125 0.60546875 0.35546875 0.72265625 0.2421875
0 0.693359375 0.033203125 0.71484375 0.015625 0.69921875 0 0.6953125 0 0.677734375 0.015625 0.693359375 0.03125
0 0.6640625 0 0.611328125 0 0.6640625 0.056640625 0.693359375 0.03125
0 0.53125 0.470703125 0.548828125 0.48828125 0.6484375 0.396484375 0.62890625 0.376953125
0 0.44921875 0.3359375 0.42578125 0.357421875 0.453125 0.38671875 0.4765625 0.365234375 0.4609375 0.34765625
0 0.4765625 0.365234375 0.453125 0.38671875 0.5078125 0.4453125 0.53125 0.423828125
0 0.88671875 0.16796875 0.775390625 0.0546875 0.716796875 0.11328125 0.783203125 0.181640625 0.72265625 0.2421875 0.765625 0.287109375 0.826171875 0.2265625
0 0.56640625 0.25 0.4609375 0.34765625 0.4765625 0.365234375 0.58203125 0.267578125
0 0.337890625 0.056640625 0.337890625 0 0.130859375 0 0.130859375 0.056640625 0.337890625 0.056640625
0 0.830078125 0.03515625 0.830078125 0 0.736328125 0 0.736328125 0.03515625 0.830078125 0.03515625