0 0.994140625 0.146484375 0.99609375 0.150390625 0.982421875 0.154296875 0.98046875 0.1484375 0.93359375 0.15625 0.93359375 0.16015625 0.91796875 0.162109375 0.91796875 0.158203125 0.869140625 0.166015625 0.876953125 0.2109375 1 0.19140625 1 0.14453125
0 0.775390625 0.279296875 0.77734375 0.291015625 0.8046875 0.306640625 1 0.271484375 1 0.236328125
0 0.796875 0.234375 0.830078125 0.228515625 0.826171875 0.205078125 0.79296875 0.208984375
0 0.8125 0.1796875 0.81640625 0.197265625 0.798828125 0.19921875 0.796875 0.18359375 0.767578125 0.1875 0.771484375 0.212890625 0.845703125 0.201171875 0.841796875 0.17578125
0 0.763671875 0.130859375 0.796875 0.125 0.794921875 0.09765625 0.76171875 0.1015625
0 0.787109375 0.078125 0.787109375 0.08984375 0.7734375 0.091796875 0.771484375 0.080078125 0.740234375 0.083984375 0.7421875 0.103515625 0.8203125 0.09375 0.81640625 0.07421875
0 0.955078125 0.0703125 0.95703125 0.083984375 0.94921875 0.083984375 0.947265625 0.0703125 0.90234375 0.076171875 0.904296875 0.08203125 0.896484375 0.08203125 0.896484375 0.076171875 0.869140625 0.080078125 0.873046875 0.119140625 1 0.103515625 1 0.0625
0 0.748046875 0.029296875 0.796875 0.021484375 0.79296875 0 0.77734375 0 0.74609375 0.00390625
0 0.76171875 0.171875 0.775390625 0.169921875 0.7734375 0.16015625 0.759765625 0.162109375
0 0.767578125 0.154296875 0.78515625 0.15234375 0.783203125 0.14453125 0.765625 0.146484375
0 1 0.63671875 0.990234375 0.55078125 0.8828125 0.564453125 0.88671875 0.59765625 0.90234375 0.595703125 0.908203125 0.6484375 0.9375 0.64453125
0 0.908203125 0.736328125 0.91796875 0.798828125 0.9296875 0.796875 0.931640625 0.8203125 1 0.80859375 1 0.720703125
0 1 0.958984375 1 0.875 0.919921875 0.88671875 0.923828125 0.9140625 0.935546875 0.912109375 0.939453125 0.943359375 0.92578125 0.9453125 0.9296875 0.966796875 0.990234375 0.9609375
0 0.38671875 0.732421875 0.388671875 0.77734375 0.404296875 0.77734375 0.40625 0.81640625 0.65234375 0.81640625 0.65234375 0.78125 0.658203125 0.78125 0.669921875 0.78125 0.669921875 0.728515625
0 0.634765625 0.544921875 0.626953125 0.49609375 0.34375 0.54296875 0.37890625 0.626953125 0.447265625 0.6171875 0.44140625 0.580078125 0.4609375 0.578125 0.466796875 0.61328125 0.537109375 0.6015625 0.53125 0.5625 0.5546875 0.55859375 0.560546875 0.59765625 0.62109375 0.587890625 0.61328125 0.548828125
0 0.3828125 0.92578125 0.380859375 0.970703125 0.666015625 0.97265625 0.666015625 0.931640625
0 0.001953125 0.54296875 0.001953125 0.55859375 0.078125 0.560546875 0.078125 0.544921875 0.072265625 0.544921875
0 0.193359375 0.560546875 0.193359375 0.53515625 0.0703125 0.537109375 0.072265625 0.544921875 0.078125 0.544921875 0.078125 0.560546875
0 0.203125 0.572265625 0.287109375 0.576171875 0.2890625 0.521484375 0.205078125 0.517578125
0 0 0.568359375 0 0.646484375 0.208984375 0.65234375 0.208984375 0.572265625 0.203125 0.572265625
0 0.208984375 0.65234375 0.294921875 0.65625 0.298828125 0.576171875 0.287109375 0.576171875 0.208984375 0.572265625
0 0.095703125 0.734375 0.037109375 0.732421875 0.041015625 0.8203125 0.3125 0.828125 0.314453125 0.802734375 0.349609375 0.802734375 0.3515625 0.74609375 0.26953125 0.7421875 0.267578125 0.771484375 0.203125 0.767578125 0.205078125 0.740234375 0.1640625 0.73828125 0.162109375 0.767578125 0.095703125 0.763671875
0 0.376953125 0.3515625 0.189453125 0.37890625 0.197265625 0.4375 0.384765625 0.41015625
0 0.3671875 0.283203125 0.1796875 0.310546875 0.189453125 0.37890625 0.376953125 0.3515625
0 0.369140625 0.244140625 0.345703125 0.232421875 0.19921875 0.25390625 0.20703125 0.306640625 0.375 0.283203125
0 0.650390625 0.1953125 0.607421875 0.201171875 0.642578125 0.4296875 0.685546875 0.421875
0 0.490234375 0.21875 0.48828125 0.20703125 0.4140625 0.216796875 0.4453125 0.435546875 0.638671875 0.40625 0.607421875 0.201171875
0 0.384765625 0.41015625 0.16796875 0.44140625 0.169921875 0.453125 0.173828125 0.474609375 0.17578125 0.4921875 0.392578125 0.462890625
0 0.1640625 0.38671875 0.150390625 0.29296875 0 0.31640625 0 0.412109375 0.154296875 0.388671875
0 0.154296875 0.388671875 0 0.412109375 0 0.470703125 0.162109375 0.447265625
0 0.138671875 0.2890625 0.134765625 0.2578125 0 0.27734375 0 0.30859375
0 0.603515625 0 0.5703125 0 0.59375 0.15625 0.626953125 0.15234375
0 0.220703125 0 0.154296875 0 0.158203125 0.01953125 0.22265625 0.009765625
0 0.1875 0.212890625 0.353515625 0.189453125 0.349609375 0.162109375 0.18359375 0.185546875
0 0.39453125 0.185546875 0.4609375 0.17578125 0.45703125 0.14453125 0.388671875 0.15625
0 0.587890625 0.126953125 0.45703125 0.14453125 0.4609375 0.17578125 0.59375 0.15625
0 0.587890625 0.126953125 0.568359375 0 0.298828125 0 0.126953125 0.025390625 0.150390625 0.189453125 0.18359375 0.185546875
0 0.072265625 0.12109375 0 0.130859375 0 0.24609375 0.08984375 0.234375 0.0859375 0.201171875 0.083984375 0.201171875 0.072265625 0.123046875
0 0.150390625 0.19140625 0.125 0.025390625 0.060546875 0.03515625 0.083984375 0.201171875 0.0859375 0.201171875
0 0.060546875 0.03515625 0.05859375 0.015625 0 0.0234375 0 0.130859375 0.072265625 0.12109375
0 0.630859375 0.515625 0.634765625 0.544921875 0.61328125 0.548828125 0.62109375 0.587890625 0.615234375 0.587890625 0.634765625 0.728515625 0.669921875 0.728515625 0.669921875 0.78125 0.658203125 0.78125 0.65234375 0.78125 0.65234375 0.81640625 0.6484375 0.81640625 0.6484375 0.826171875 0.72265625 0.814453125 0.677734375 0.5078125
0 0.921875 0.46484375 0.87109375 0.529296875 0.857421875 0.533203125 0.927734375 0.984375 0.9609375 0.978515625 0.958984375 0.962890625 0.9296875 0.966796875 0.92578125 0.9453125 0.939453125 0.943359375 0.935546875 0.912109375 0.923828125 0.9140625 0.919921875 0.88671875 0.974609375 0.880859375 0.96484375 0.814453125 0.931640625 0.8203125 0.9296875 0.796875 0.91796875 0.798828125 0.908203125 0.736328125 0.951171875 0.728515625 0.9375 0.64453125 0.908203125 0.6484375 0.90234375 0.595703125 0.88671875 0.59765625 0.8828125 0.564453125 0.92578125 0.55859375 0.921875 0.537109375 0.94921875 0.5 0.994140625 0.494140625 0.98828125 0.46875 1 0.46484375 1 0.451171875
0 0.0703125 0.958984375 0.291015625 0.9609375 0.291015625 0.91796875 0.0703125 0.916015625
0 0.96484375 0.01953125 0.962890625 0 0.849609375 0 0.849609375 0.01953125 0.96484375 0.01953125