0 0.7197779605263158 0.9319490131578947 0.7991365131578947 0.9111842105263157 0.8166118421052632 0.944078947368421 0.7477384868421052 0.972861842105263
0 0.3416940789473685 0.1587171052631579 0.4352384868421052 0.010690789473684244 0.5071957236842105 0.03638980263157898 0.4065583881578947 0.2124794407894737
0 0.5164473684210527 0.22039473684210528 0.6274671052631579 0.008634868421052665 0.689967105263158 0.02950246710526315 0.578125 0.24095394736842107
0 0.651110197368421 0.1021792763157895 0.6902754934210527 0.027754934210526314 0.7374588815789473 0.04872532894736845 0.7004523026315789 0.1217105263157895
0 0.701171875 0.287109375 0.775390625 0.23046875 0.830078125 0.298828125 0.75390625 0.35546875
0 0.818359375 0.212890625 0.84765625 0.181640625 0.900390625 0.236328125 0.87109375 0.267578125
0 0.04358552631578952 0.1391858552631579 0.09087171052631585 0.12376644736842107 0.17722039473684212 0.17783717105263153 0.02682976973684212 0.21689967105263147
0 0.08470394736842107 0.12376644736842109 0.19356496710526316 0 0.26870888157894735 0.021998355263157927 0.17989309210526316 0.177734375
0 0.037109375 0.27734375 0.154296875 0.27734375 0.154296875 0.412109375 0.037109375 0.412109375
0 0.20682565789473684 0.42043585526315785 0.22831003289473684 0.30129523026315785 0.33768503289473684 0.32473273026315785 0.31620065789473684 0.44387335526315785
0 0.26768092105263164 0.1319901315789474 0.31393914473684215 0.10526315789473688 0.3694490131578948 0.1895559210526316 0.244140625 0.21875
0 0.669921875 0.958984375 0.724609375 0.939453125 0.74609375 0.978515625 0.69140625 0.998046875