0 0 0.494140625 0 0.552734375 0.115234375 0.568359375 0.123046875 0.509765625
0 0 0.607421875 0 0.662109375 0.10546875 0.67578125 0.111328125 0.62109375
0 0 0.662109375 0 0.73046875 0.09765625 0.7421875 0.10546875 0.67578125
0 0 0.861328125 0 0.966796875 0.1015625 0.98046875 0.11328125 0.875
0 0.033203125 0.98828125 0.03125 1 0.08203125 1 0.083984375 0.9921875
0 0.66796875 0.546875 0.640625 0.763671875 0.68359375 0.76953125 0.6875 0.736328125 0.720703125 0.7421875 0.744140625 0.556640625
0 0.9921875 0.587890625 0.96484375 0.8046875 1 0.80859375 1 0.587890625
0 0.830078125 0.787109375 0.865234375 0.79296875 0.880859375 0.65625 0.84765625 0.65234375
0 0.640625 0.763671875 0.626953125 0.884765625 1 0.9296875 1 0.80859375 0.68359375 0.76953125
0 0.9453125 0.650390625 0.951171875 0.59765625 0.76953125 0.576171875 0.763671875 0.626953125
0 0.6171875 1 0.650390625 1 0.658203125 0.953125 0.7109375 0.9609375 0.703125 1 1 1 1 0.955078125 0.62890625 0.91015625
0 0.087890625 0.84765625 0.095703125 0.77734375 0 0.767578125 0 0.837890625 0.087890625 0.84765625
0 0.6484375 0.529296875 0.65234375 0.498046875 0.587890625 0.4921875 0.5859375 0.5234375 0.6484375 0.529296875
0 0.75 0.5390625 0.751953125 0.51171875 0.697265625 0.50390625 0.6953125 0.53125 0.75 0.5390625
0 0.80078125 0.55078125 0.8046875 0.5234375 0.751953125 0.513671875 0.74609375 0.54296875 0.80078125 0.55078125