0 0.0546875 0.8203125 0.052734375 0.787109375 0 0.74609375 0 0.87890625
0 0.046875 0.5625 0 0.564453125 0 0.69921875 0.0546875 0.697265625
0 0.02734375 0.28515625 0.025390625 0.208984375 0 0.208984375 0 0.28515625
0 0.046875 0.458984375 0.04296875 0.380859375 0 0.3828125 0 0.4609375
0 0.900390625 0 0.53515625 0 0.5390625 0.03125 0.90234375 0.01171875
0 0.890625 0.400390625 0.94140625 0.3984375 0.9375 0.330078125 0.88671875 0.33203125
0 0.91796875 0.27734375 0.560546875 0.294921875 0.564453125 0.349609375 0.919921875 0.330078125
0 0.853515625 0.21875 0.91796875 0.21484375 0.908203125 0.0703125 0.84375 0.07421875
0 0.544921875 0.248046875 0.609375 0.248046875 0.609375 0.130859375 0.54296875 0.130859375
0 0.48828125 0.4140625 0.5625 0.41015625 0.556640625 0.29296875 0.482421875 0.296875
0 0.564453125 0.509765625 0.93359375 0.4921875 0.9296875 0.421875 0.560546875 0.439453125
0 0.349609375 0.44140625 0.435546875 0.439453125 0.431640625 0.375 0.34765625 0.37890625
0 0.455078125 0.4375 0.349609375 0.44140625 0.359375 0.666015625 0.462890625 0.662109375
0 0.541015625 0.435546875 0.48828125 0.4375 0.494140625 0.5859375 0.546875 0.583984375
0 0.421875 0.232421875 0.439453125 0.23046875 0.435546875 0.166015625 0.33203125 0.173828125 0.34375 0.35546875 0.4296875 0.349609375
0 0.51171875 0.134765625 0.466796875 0.13671875 0.474609375 0.298828125 0.51953125 0.294921875
0 0.48828125 0 0.421875 0 0.427734375 0.091796875 0.494140625 0.087890625
0 0.314453125 0.09765625 0.427734375 0.091796875 0.421875 0 0.30859375 0
0 0.5625 0.59765625 0.81640625 0.58984375 0.814453125 0.533203125 0.560546875 0.5390625
0 0.853515625 0.662109375 0.8515625 0.57421875 0.8203125 0.57421875 0.822265625 0.662109375
0 0.822265625 0.64453125 0.77734375 0.64453125 0.779296875 0.716796875 0.65234375 0.71875 0.650390625 0.6484375 0.58984375 0.650390625 0.59375 0.78515625 0.82421875 0.779296875 0.822265625 0.662109375
0 0.86328125 0.724609375 0.97265625 0.716796875 0.970703125 0.671875 0.861328125 0.677734375
0 0.546875 0.583984375 0.48046875 0.5859375 0.486328125 0.73046875 0.552734375 0.728515625
0 0.453125 0.74609375 0.3359375 0.75 0.33984375 0.84765625 0.455078125 0.84375
0 0.712890625 0.802734375 0.484375 0.8125 0.486328125 0.8671875 0.716796875 0.859375 0.712890625 0.806640625
0 0.958984375 0.740234375 0.923828125 0.7421875 0.92578125 0.798828125 0.9609375 0.796875
0 0.970703125 0.796875 0.712890625 0.806640625 0.716796875 0.859375 0.97265625 0.849609375
0 0.451171875 0.74609375 0.44921875 0.693359375 0.365234375 0.6953125 0.3671875 0.75
0 0.96875 0.55859375 0.966796875 0.49609375 0.833984375 0.5 0.8359375 0.5625 0.96875 0.55859375