0 0.85546875 0.96484375 0.859375 0.9765625 0.814453125 0.986328125 0.8125 0.974609375 0.76953125 0.984375 0.7734375 0.998046875 0.763671875 1 0.927734375 1 0.91796875 0.951171875
0 0.96875 0.81640625 1 0.796875 1 0.724609375 0.9375 0.76171875
0 0.857421875 0.66796875 1 0.5859375 1 0.515625 0.828125 0.615234375
0 0.626953125 0.904296875 0.869140625 0.84765625 0.857421875 0.79296875 0.615234375 0.849609375
0 0.501953125 0.91796875 0.453125 0.82421875 0.396484375 0.853515625 0.41796875 0.8984375 0.375 0.9765625 0.32421875 0.990234375 0.326171875 1 0.455078125 1
0 0.5078125 0.875 0.806640625 0.71484375 0.7734375 0.650390625 0.474609375 0.810546875
0 0.1875 0.9609375 0.146484375 0.970703125 0.154296875 1 0.197265625 1
0 0.0625 0.873046875 0 0.892578125 0 0.923828125 0.072265625 0.90234375
0 0.103515625 0.859375 0.0625 0.873046875 0.072265625 0.90234375 0.10546875 0.890625 0.1015625 0.880859375 0.109375 0.87890625
0 0.140625 0.865234375 0.1015625 0.880859375 0.111328125 0.904296875 0.150390625 0.88671875
0 0.150390625 0.88671875 0.193359375 0.8671875 0.18359375 0.845703125 0.140625 0.865234375
0 0.025390625 0.86328125 0 0.87109375 0 0.89453125 0.033203125 0.8828125
0 0.044921875 0.78515625 0 0.796875 0 0.845703125 0.05859375 0.830078125
0 0.134765625 0.76171875 0.056640625 0.783203125 0.068359375 0.828125 0.146484375 0.806640625
0 0.166015625 0.7421875 0.146484375 0.748046875 0.154296875 0.775390625 0.138671875 0.78125 0.146484375 0.806640625 0.181640625 0.796875
0 0.23828125 0.828125 0.27734375 0.814453125 0.26171875 0.76953125 0.22265625 0.78125
0 0.009765625 0.6796875 0 0.681640625 0 0.734375 0.0234375 0.728515625
0 0.09765625 0.65234375 0.01953125 0.677734375 0.033203125 0.7265625 0.11328125 0.703125
0 0.05859375 0.55078125 0 0.56640625 0 0.595703125 0.005859375 0.6171875 0.072265625 0.595703125
0 0.0390625 0.439453125 0 0.451171875 0 0.50390625 0.052734375 0.48828125
0 0.009765625 0.408203125 0.07421875 0.38671875 0.060546875 0.349609375 0 0.3671875 0 0.375 0.005859375 0.396484375
0 0.009765625 0.134765625 0 0.13671875 0 0.177734375 0.021484375 0.171875
0 0.04296875 0.23828125 0.021484375 0.171875 0 0.177734375 0 0.25 0.0390625 0.240234375
0 0.25 0.728515625 0.42578125 0.650390625 0.41796875 0.630859375 0.240234375 0.708984375
0 0.25390625 0.365234375 0.11328125 0.40625 0.189453125 0.6796875 0.32421875 0.630859375 0.267578125 0.416015625
0 0.28125 0.470703125 0.365234375 0.44921875 0.349609375 0.39453125 0.267578125 0.416015625
0 0.302734375 0.548828125 0.37890625 0.529296875 0.365234375 0.478515625 0.2890625 0.498046875
0 0.125 0.259765625 0.0859375 0.271484375 0.123046875 0.404296875 0.1640625 0.392578125
0 0.095703125 0.19140625 0.064453125 0.201171875 0.0859375 0.271484375 0.1171875 0.263671875 0.10546875 0.228515625
0 0.171875 0.208984375 0.10546875 0.228515625 0.1171875 0.263671875 0.181640625 0.244140625
0 0.2578125 0.22265625 0.244140625 0.1796875 0.169921875 0.201171875 0.181640625 0.244140625
0 0.294921875 0.185546875 0.263671875 0.103515625 0.234375 0.115234375 0.263671875 0.197265625
0 0.228515625 0.103515625 0.11328125 0.146484375 0.125 0.17578125 0.240234375 0.1328125 0.234375 0.115234375
0 0.32421875 0.322265625 0.501953125 0.2421875 0.48828125 0.208984375 0.30859375 0.291015625
0 0.25 0.322265625 0.23828125 0.28515625 0.1484375 0.314453125 0.16015625 0.349609375 0.25 0.322265625
0 0.34375 0.2265625 0.32421875 0.1875 0.291015625 0.203125 0.30859375 0.2421875 0.34375 0.2265625
0 0.3125 0.34375 0.296875 0.3046875 0.248046875 0.32421875 0.263671875 0.361328125 0.3125 0.34375
0 0.580078125 0.40234375 0.5703125 0.365234375 0.525390625 0.376953125 0.537109375 0.4140625 0.580078125 0.40234375
0 0.1328125 0.638671875 0.11328125 0.560546875 0.080078125 0.568359375 0.099609375 0.646484375 0.1328125 0.638671875
0 0.61328125 0.32421875 0.59765625 0.287109375 0.564453125 0.302734375 0.580078125 0.33984375 0.61328125 0.32421875
0 0.111328125 0.5390625 0.087890625 0.458984375 0.056640625 0.46875 0.080078125 0.548828125 0.111328125 0.5390625
0 0.55078125 0.078125 0.53125 0.033203125 0.490234375 0.05078125 0.509765625 0.095703125 0.55078125 0.078125
0 0.677734375 0.662109375 0.66015625 0.6328125 0.509765625 0.716796875 0.52734375 0.748046875 0.677734375 0.662109375