0 0.5703125 1 0.779296875 1 0.59375 0.935546875
0 0.669921875 0.873046875 0.904296875 0.962890625 0.92578125 0.90234375 0.693359375 0.814453125
0 0.638671875 0.69921875 0.861328125 0.78125 0.8671875 0.763671875 0.95703125 0.796875 0.978515625 0.740234375 0.888671875 0.70703125 0.884765625 0.71875 0.662109375 0.63671875
0 0.6875 0.53515625 1 0.646484375 1 0.58984375 0.705078125 0.484375
0 0.34375 0.419921875 0.66015625 0.529296875 0.677734375 0.474609375 0.36328125 0.365234375
0 0.287109375 0.57421875 0.607421875 0.69140625 0.6328125 0.625 0.3125 0.5078125
0 0.248046875 0.71875 0.611328125 0.853515625 0.630859375 0.796875 0.267578125 0.662109375
0 0.1875 0.88671875 0.28125 0.916015625 0.287109375 0.90234375 0.53125 0.9765625 0.546875 0.92578125 0.302734375 0.849609375 0.30078125 0.853515625 0.20703125 0.826171875
0 0.150390625 1 0.296875 1 0.251953125 0.984375 0.248046875 0.998046875 0.162109375 0.96875
0 0.1953125 0.595703125 0.22265625 0.521484375 0.046875 0.455078125 0.01953125 0.53125
0 0 0.4453125 0 0.513671875 0.021484375 0.5234375 0.044921875 0.462890625
0 0.109375 0.232421875 0.330078125 0.3046875 0.345703125 0.251953125 0.126953125 0.1796875
0 0.0625 0.150390625 0.33984375 0.142578125 0.33984375 0.09765625 0.060546875 0.10546875
0 0.439453125 0.107421875 0.787109375 0.087890625 0.78515625 0.044921875 0.4375 0.064453125
0 0.634765625 0.201171875 0.724609375 0.228515625 0.73828125 0.1875 0.646484375 0.158203125
0 0.83984375 0.216796875 0.82421875 0.263671875 1 0.326171875 1 0.2734375
0 0.861328125 0.12109375 1 0.115234375 1 0.068359375 0.859375 0.07421875
0 0.72265625 0.455078125 0.775390625 0.474609375 0.798828125 0.40625 1 0.4765625 1 0.4140625 0.765625 0.333984375
0 0.36328125 0.322265625 0.41796875 0.33984375 0.4375 0.28515625 0.658203125 0.36328125 0.638671875 0.41796875 0.693359375 0.4375 0.73046875 0.33203125 0.400390625 0.216796875
0 0.015625 0.619140625 0 0.662109375 0 0.71875 0.10546875 0.755859375 0.138671875 0.662109375
0 0.158203125 0.73828125 0.18359375 0.66796875 0.142578125 0.654296875 0.087890625 0.80859375 0.130859375 0.82421875 0.16015625 0.740234375
0 0.99609375 0.228515625 1 0.185546875 0.830078125 0.146484375 0.8203125 0.189453125 0.99609375 0.228515625
0 0.623046875 0.587890625 0.638671875 0.54296875 0.33203125 0.439453125 0.31640625 0.484375 0.623046875 0.587890625
0 0.94140625 0.69140625 0.955078125 0.650390625 0.677734375 0.55859375 0.6640625 0.59765625 0.94140625 0.69140625