0 0.919921875 0 0.8046875 0 0.73046875 0.134765625 0.76953125 0.158203125 0.849609375 0.013671875 0.943359375 0.06640625 0.892578125 0.1796875 0.896484375 0.181640625 0.875 0.216796875 0.912109375 0.234375 0.98046875 0.087890625 0.978515625 0.087890625 1 0.046875 1 0.04296875
0 0.9765625 0 0.919921875 0 1 0.04296875 1 0.01171875
0 0.849609375 0.013671875 0.802734375 0.099609375 0.83203125 0.115234375 0.87890625 0.029296875
0 0.96875 0.11328125 0.919921875 0.21875 0.966796875 0.240234375 1 0.16796875 1 0.126953125
0 0.826171875 0.138671875 0.8046875 0.173828125 0.875 0.216796875 0.896484375 0.181640625
0 0.541015625 0.021484375 0.583984375 0.044921875 0.615234375 0 0.5546875 0
0 0.837890625 0.23828125 0.818359375 0.28515625 0.900390625 0.322265625 0.921875 0.27734375
0 0.732421875 0.390625 0.80859375 0.224609375 0.771484375 0.20703125 0.650390625 0.470703125 0.82421875 0.55078125 0.91015625 0.36328125 0.88671875 0.3515625 0.900390625 0.322265625 0.85546875 0.302734375 0.833984375 0.349609375 0.80859375 0.337890625 0.796875 0.361328125 0.822265625 0.373046875 0.80078125 0.421875 0.76171875 0.404296875
0 0.51953125 0.06640625 0.51171875 0.08203125 0.498046875 0.07421875 0.369140625 0.27734375 0.400390625 0.296875 0.4375 0.236328125 0.45703125 0.248046875 0.529296875 0.134765625 0.61328125 0.177734375 0.638671875 0.126953125
0 0.640625 0.126953125 0.5 0.40234375 0.650390625 0.470703125 0.771484375 0.20703125 0.732421875 0.189453125 0.666015625 0.333984375 0.599609375 0.302734375 0.611328125 0.275390625 0.62890625 0.283203125 0.66015625 0.21875 0.640625 0.2109375 0.65234375 0.189453125 0.69921875 0.2109375 0.720703125 0.1640625
0 0.568359375 0.17578125 0.552734375 0.16796875 0.533203125 0.20703125 0.5234375 0.203125 0.478515625 0.29296875 0.458984375 0.28125 0.44921875 0.30078125 0.42578125 0.2890625 0.396484375 0.349609375 0.5 0.40234375 0.61328125 0.177734375 0.576171875 0.158203125
0 0.3203125 0.021484375 0.33984375 0.03515625 0.361328125 0 0.333984375 0
0 0.341796875 0.03125 0.330078125 0.052734375 0.4453125 0.115234375 0.45703125 0.09375 0.36328125 0.04296875
0 0.341796875 0.03125 0.36328125 0.04296875 0.390625 0 0.361328125 0
0 0.189453125 0.236328125 0.201171875 0.244140625 0.322265625 0.0546875 0.310546875 0.046875
0 0.28515625 0.029296875 0.30078125 0.001953125 0.296875 0 0.234375 0
0 0.16015625 0.197265625 0.177734375 0.20703125 0.279296875 0.04296875 0.26171875 0.03125
0 0 0.0703125 0 0.14453125 0.02734375 0.162109375 0.126953125 0 0.04296875 0
0 0.3125 0.349609375 0.146484375 0.591796875 0.1796875 0.615234375 0.314453125 0.421875 0.333984375 0.43359375 0.1953125 0.630859375 0.2265625 0.654296875 0.396484375 0.408203125
0 0 0.744140625 0 0.765625 0.009765625 0.751953125
0 0.068359375 0.6640625 0.08984375 0.630859375 0.0546875 0.607421875 0.033203125 0.640625
0 0.962890625 0.724609375 0.994140625 0.6484375 0.95703125 0.6328125 0.927734375 0.708984375 0.962890625 0.724609375
0 0.2421875 0.416015625 0.2578125 0.380859375 0.21875 0.36328125 0.203125 0.3984375 0.2421875 0.416015625
0 0.146484375 0.078125 0.1640625 0.046875 0.13671875 0.03125 0.119140625 0.060546875 0.146484375 0.078125