0 0.150390625 0.38671875 0.23828125 0.390625 0.240234375 0.291015625 0.154296875 0.287109375
0 0.099609375 0.3203125 0.1015625 0.2578125 0 0.25390625 0 0.31640625
0 0.255859375 0.369140625 0.37890625 0.37109375 0.37890625 0.30859375 0.255859375 0.306640625
0 0.111328125 0.134765625 0.115234375 0.080078125 0 0.07421875 0 0.12890625
0 0.396484375 0.25 0.4375 0.251953125 0.44140625 0.119140625 0.400390625 0.1171875 0.400390625 0.14453125
0 0.40234375 0.09375 0.13671875 0.083984375 0.134765625 0.134765625 0.400390625 0.14453125 0.400390625 0.1171875
0 0.234375 0.52734375 0.318359375 0.62109375 0.37109375 0.57421875 0.28515625 0.482421875
0 0.091796875 0.642578125 0.12890625 0.607421875 0.00390625 0.466796875 0 0.46875 0 0.537109375
0 0.69140625 0.2890625 0.677734375 0.3046875 0.701171875 0.328125 0.71484375 0.3125
0 0.51171875 0.3203125 0.599609375 0.408203125 0.6484375 0.359375 0.55859375 0.271484375
0 0.421875 0.4375 0.501953125 0.521484375 0.55078125 0.4765625 0.470703125 0.392578125
0 0.48046875 0.818359375 0.51953125 0.861328125 0.646484375 0.7421875 0.787109375 0.892578125 0.814453125 0.869140625 0.833984375 0.888671875 0.958984375 0.771484375 0.921875 0.732421875 0.8125 0.8359375 0.677734375 0.6953125 0.646484375 0.724609375 0.615234375 0.69140625
0 0.533203125 0.595703125 0.572265625 0.63671875 0.69921875 0.517578125 0.83984375 0.669921875 0.865234375 0.64453125 0.884765625 0.666015625 1 0.556640625 1 0.537109375 0.97265625 0.509765625 0.86328125 0.61328125 0.73046875 0.470703125 0.697265625 0.5 0.66796875 0.46875
0 0.91015625 0.4375 0.8984375 0.435546875 0.8125 0.3515625 0.7734375 0.390625 0.876953125 0.4921875 0.888671875 0.478515625 0.90234375 0.482421875 0.921875 0.501953125 1 0.421875 1 0.34375
0 0.701171875 0.095703125 0.677734375 0.1171875 0.6640625 0.115234375 0.646484375 0.095703125 0.525390625 0.20703125 0.560546875 0.24609375 0.66796875 0.146484375 0.67578125 0.1484375 0.79296875 0.2734375 0.81640625 0.251953125 0.82421875 0.251953125 0.84765625 0.275390625 0.978515625 0.154296875 0.984375 0.154296875 1 0.169921875 1 0.126953125 0.97265625 0.126953125 0.953125 0.10546875 0.82421875 0.22265625 0.818359375 0.22265625 0.7109375 0.10546875
0 0.005859375 0.66796875 0 0.671875 0 0.73828125 0.111328125 0.861328125 0.150390625 0.826171875 0.130859375 0.8046875
0 0.16796875 0.845703125 0.302734375 0.720703125 0.318359375 0.72265625 0.43359375 0.84765625 0.466796875 0.81640625 0.333984375 0.671875 0.310546875 0.6953125 0.291015625 0.693359375 0.2734375 0.673828125 0.130859375 0.8046875 0.150390625 0.826171875
0 0.658203125 0.287109375 0.64453125 0.3046875 0.69140625 0.349609375 0.70703125 0.333984375 0.677734375 0.3046875
0 0.728515625 0.353515625 0.763671875 0.31640625 0.736328125 0.291015625 0.701171875 0.328125 0.70703125 0.333984375
0 0.66796875 1 0.66796875 0.923828125 0.513671875 0.923828125 0.513671875 0.998046875 0.66796875 1
0 0.3515625 0.265625 0.35546875 0.189453125 0.009765625 0.171875 0.0078125 0.248046875 0.3515625 0.265625