0 0.2890625 0.0546875 0.423828125 0.07421875 0.43359375 0 0.294921875 0
0 0.2734375 0.283203125 0.36328125 0.29296875 0.376953125 0.146484375 0.287109375 0.138671875 0.279296875 0.2265625
0 0.1953125 0.130859375 0.1875 0.216796875 0.279296875 0.2265625 0.287109375 0.138671875
0 0.248046875 0.669921875 0 0.634765625 0 0.716796875 0.23828125 0.75 0.248046875 0.6796875
0 0.28515625 0.654296875 0.28125 0.68359375 0.248046875 0.6796875 0.240234375 0.740234375 0.33203125 0.751953125 0.34375 0.662109375
0 0.072265625 0.46875 0.08203125 0.3984375 0.015625 0.388671875 0 0.517578125 0.064453125 0.525390625 0.06640625 0.517578125 0.2265625 0.5390625 0.232421875 0.490234375
0 0.03125 0.302734375 0.0234375 0.353515625 0.244140625 0.388671875 0.251953125 0.337890625 0.076171875 0.310546875
0 0.076171875 0.310546875 0.08984375 0.220703125 0.044921875 0.212890625 0.03125 0.302734375
0 0.1171875 0.298828125 0.150390625 0.302734375 0.158203125 0.240234375 0.125 0.236328125
0 0 0.83984375 0 0.90234375 0.052734375 0.904296875 0.0546875 0.841796875
0 0.177734375 0.908203125 0.1796875 0.845703125 0.0546875 0.841796875 0.052734375 0.904296875
0 0.234375 0.94921875 0.283203125 0.951171875 0.28515625 0.833984375 0.236328125 0.83203125
0 0.951171875 0.58984375 1 0.58984375 1 0.53125 0.953125 0.53125
0 0.541015625 0.708984375 0.779296875 0.708984375 0.779296875 0.66015625 0.541015625 0.66015625 0.541015625 0.6875
0 0.541015625 0.642578125 0.46484375 0.642578125 0.46484375 0.6875 0.541015625 0.6875
0 0.900390625 0.6796875 0.822265625 0.677734375 0.822265625 0.7265625 0.8984375 0.728515625 0.900390625 0.69140625
0 0.8984375 0.736328125 1 0.73828125 1 0.693359375 0.900390625 0.69140625 0.8984375 0.728515625
0 0.90234375 0.82421875 0.822265625 0.82421875 0.8203125 0.876953125 0.900390625 0.87890625 0.900390625 0.84375
0 0.533203125 0.798828125 0.458984375 0.798828125 0.4609375 0.853515625 0.53515625 0.8515625 0.533203125 0.828125
0 0.53515625 0.875 0.787109375 0.869140625 0.787109375 0.822265625 0.533203125 0.828125 0.53515625 0.8515625
0 0.537109375 0.970703125 0.451171875 0.970703125 0.451171875 1 0.537109375 1
0 0.705078125 0.572265625 0.939453125 0.580078125 0.94140625 0.51953125 0.70703125 0.51171875
0 0.49609375 0.546875 0.681640625 0.56640625 0.6875 0.501953125 0.501953125 0.482421875
0 0.50390625 0.404296875 0.69140625 0.42578125 0.69921875 0.359375 0.509765625 0.33984375
0 0.712890625 0.427734375 0.916015625 0.453125 0.923828125 0.388671875 0.720703125 0.36328125
0 0.51953125 0.26171875 0.9375 0.30859375 0.943359375 0.248046875 0.525390625 0.19921875
0 0.708984375 0.052734375 0.70703125 0.111328125 0.92578125 0.1171875 0.927734375 0.05859375 0.87890625 0.056640625
0 0.927734375 0 0.87890625 0 0.87890625 0.056640625 0.927734375 0.05859375
0 0.796875 0.98828125 0.7578125 0.98828125 0.7578125 1 0.796875 1
0 0.181640625 0.134765625 0.0546875 0.123046875 0.05078125 0.173828125 0.177734375 0.185546875 0.181640625 0.14453125
0 0.259765625 0.595703125 0.30859375 0.603515625 0.345703125 0.3515625 0.294921875 0.34375
0 0.544921875 0.087890625 0.6875 0.10546875 0.693359375 0.056640625 0.611328125 0.046875 0.6171875 0 0.5546875 0
0 0.03125 0.138671875 0.03125 0.076171875 0 0.076171875 0 0.138671875 0.03125 0.138671875
0 0.626953125 0.998046875 0.626953125 0.9453125 0.5546875 0.9453125 0.5546875 0.998046875 0.626953125 0.998046875
0 0.998046875 0.37109375 0.998046875 0.296875 0.97265625 0.296875 0.97265625 0.37109375 0.998046875 0.37109375
0 0.947265625 1 0.947265625 0.9765625 0.833984375 0.9765625 0.833984375 1 0.947265625 1
0 1 0.494140625 1 0.419921875 0.974609375 0.419921875 0.974609375 0.494140625 1 0.494140625