0 0.693359375 0.5859375 0.66015625 0.595703125 0.693359375 0.71484375 0.7890625 0.6875
0 1 0.484375 1 0.43359375 0.876953125 0.3046875 0.640625 0.53125 0.7890625 0.6875
0 0.9453125 0.236328125 1 0.294921875 1 0.185546875
0 0.76953125 0.8828125 0.79296875 0.978515625 1 0.92578125 1 0.91015625 1 0.822265625
0 0.697265625 0.91796875 0.48046875 0.978515625 0.484375 1 0.71875 1
0 0.533203125 0.90234375 0.634765625 0.876953125 0.623046875 0.826171875 0.521484375 0.8515625
0 0.958984375 0.65625 1 0.642578125 1 0.5625 0.93359375 0.62890625
0 0.93359375 0.62890625 0.818359375 0.693359375 0.837890625 0.71875 0.859375 0.712890625 0.95703125 0.6875 0.974609375 0.669921875 0.958984375 0.65625
0 1 0.744140625 1 0.69921875 0.94140625 0.71484375 0.951171875 0.7578125
0 0.916015625 0.767578125 0.904296875 0.72265625 0.736328125 0.765625 0.763671875 0.875 1 0.8125 1 0.744140625 0.951171875 0.7578125
0 0.29296875 0.1484375 0.37890625 0.064453125 0.31640625 0 0.25 0 0.248046875 0.001953125
0 0.345703125 0.12890625 0.27734375 0.1953125 0.296875 0.21484375 0.30859375 0.205078125 0.466796875 0.3671875 0.443359375 0.388671875 0.4140625 0.359375 0.353515625 0.416015625 0.431640625 0.498046875 0.572265625 0.36328125 0.3828125 0.16796875
0 0.908203125 0.111328125 0.87890625 0.080078125 0.841796875 0.11328125 0.869140625 0.14453125 0.908203125 0.111328125
0 0.583984375 0.6328125 0.55859375 0.60546875 0.49609375 0.662109375 0.521484375 0.689453125 0.583984375 0.6328125
0 0.52734375 0.693359375 0.498046875 0.66015625 0.435546875 0.71484375 0.46484375 0.748046875 0.52734375 0.693359375