0 0.63671875 0.0859375 1 0.0859375 1 0 0.63671875 0
0 0.935546875 0.30859375 0.935546875 0.173828125 0.666015625 0.173828125 0.666015625 0.30859375 0.923828125 0.30859375
0 0.544921875 0.548828125 0.19140625 0.548828125 0.19140625 0.6328125 0.544921875 0.6328125
0 0.904296875 0.69140625 0.904296875 0.78515625 1 0.78515625 1 0.69140625
0 0.982421875 0.544921875 0.6796875 0.544921875 0.6796875 0.62890625 0.982421875 0.62890625
0 0.255859375 0.6875 0.01171875 0.6875 0.01171875 0.7734375 0.255859375 0.7734375
0 0 0.875 0 0.9609375 0.01953125 0.962890625 0.0234375 0.876953125
0 0.439453125 0.1328125 0.44140625 0.107421875 0.328125 0.10546875 0.31640625 0.462890625 0.56640625 0.470703125 0.578125 0.13671875
0 0.435546875 0.888671875 0.4375 0.853515625 0.025390625 0.833984375 0.021484375 0.921875 0.431640625 0.96484375 0.431640625 0.955078125 0.55078125 0.9609375 0.552734375 0.892578125
0 0.712890625 0.90234375 0.708984375 0.9765625 0.796875 0.982421875 0.794921875 0.998046875 0.82421875 1 1 1 1 0.919921875
0 0.25 0.45703125 0.25 0.35546875 0.171875 0.353515625 0.171875 0.45703125 0.25 0.45703125
0 1 0.876953125 1 0.837890625 0.953125 0.837890625 0.953125 0.876953125 1 0.876953125
0 0.2421875 0.30078125 0.2421875 0.265625 0.173828125 0.265625 0.173828125 0.30078125 0.2421875 0.30078125
0 0.13671875 0.31640625 0.13671875 0.2890625 0.08984375 0.2890625 0.08984375 0.31640625 0.13671875 0.31640625
0 0.2421875 0.333984375 0.2421875 0.302734375 0.1796875 0.302734375 0.1796875 0.33203125 0.2421875 0.333984375
0 0.630859375 0.94921875 0.634765625 0.814453125 0.59765625 0.8125 0.59375 0.94921875 0.630859375 0.94921875
0 0.212890625 0.25390625 0.212890625 0.21875 0.173828125 0.21875 0.173828125 0.25390625 0.212890625 0.25390625
0 0.603515625 0.75 0.603515625 0.724609375 0.560546875 0.724609375 0.560546875 0.75 0.603515625 0.75