0 0.876953125 0.064453125 0.87109375 0.083984375 0.822265625 0.06640625 0.8046875 0.11328125 0.962890625 0.16796875 0.978515625 0.12109375 0.9453125 0.109375 0.953125 0.087890625 0.923828125 0.078125 0.916015625 0.099609375 0.900390625 0.09375 0.908203125 0.07421875
0 0.783203125 0.3515625 0.77734375 0.369140625 0.728515625 0.353515625 0.7109375 0.400390625 0.869140625 0.455078125 0.884765625 0.408203125 0.8515625 0.396484375 0.859375 0.375 0.830078125 0.365234375 0.822265625 0.38671875 0.806640625 0.380859375 0.814453125 0.361328125
0 0.69140625 0.623046875 0.685546875 0.642578125 0.63671875 0.625 0.619140625 0.673828125 0.77734375 0.728515625 0.79296875 0.6796875 0.759765625 0.66796875 0.767578125 0.6484375 0.73828125 0.638671875 0.73046875 0.658203125 0.71484375 0.65234375 0.72265625 0.634765625
0 0.603515625 0.88671875 0.59765625 0.90625 0.548828125 0.888671875 0.53125 0.9375 0.6875 0.9921875 0.705078125 0.943359375 0.671875 0.931640625 0.677734375 0.912109375 0.650390625 0.90234375 0.642578125 0.921875 0.626953125 0.916015625 0.6328125 0.8984375
0 0.728515625 1 0.8515625 1 0.744140625 0.958984375
0 0.916015625 0.451171875 1 0.482421875 1 0.423828125 0.935546875 0.400390625
0 0.853515625 0.642578125 1 0.693359375 1 0.634765625 0.87109375 0.58984375
0 0.763671875 0.810546875 1 0.90234375 1 0.83984375 0.78515625 0.755859375
0 0.806640625 0.283203125 0.84375 0.18359375 0.794921875 0.1640625 0.755859375 0.26171875
0 0.55859375 0.8046875 0.623046875 0.830078125 0.666015625 0.73046875 0.599609375 0.703125
0 0.662109375 0.53125 0.71875 0.552734375 0.75390625 0.44921875 0.69921875 0.4296875
0 0.248046875 0.71484375 0.232421875 0.76171875 0.28125 0.77734375 0.27734375 0.791015625 0.35546875 0.818359375 0.361328125 0.798828125 0.40234375 0.8125 0.416015625 0.771484375
0 0.32421875 0.455078125 0.30859375 0.501953125 0.357421875 0.517578125 0.353515625 0.53125 0.431640625 0.55859375 0.4375 0.5390625 0.478515625 0.552734375 0.4921875 0.51171875
0 0.427734375 0.19140625 0.412109375 0.23828125 0.4609375 0.25390625 0.45703125 0.267578125 0.53515625 0.294921875 0.541015625 0.275390625 0.58203125 0.2890625 0.595703125 0.248046875
0 0.634765625 0.0234375 0.640625 0.005859375 0.68359375 0.01953125 0.689453125 0 0.5625 0
0 0.041015625 0.16015625 0.060546875 0.107421875 0 0.083984375 0 0.14453125
0 0 0.6953125 0 0.7578125 0.1484375 0.80859375 0.16796875 0.75390625
0 0.03125 0.396484375 0.01171875 0.447265625 0.236328125 0.53125 0.255859375 0.478515625
0 0.1328125 0.1171875 0.115234375 0.169921875 0.341796875 0.25 0.359375 0.1953125
0 0.00390625 1 0.044921875 1 0.056640625 0.970703125 0 0.947265625 0 0.99609375
0 0.943359375 0.02734375 0.943359375 0 0.857421875 0 0.857421875 0.02734375 0.943359375 0.02734375