0 0.494140625 0.072265625 0.62890625 0.150390625 0.716796875 0 0.53515625 0
0 0.326171875 0.212890625 0.123046875 0.58203125 0.310546875 0.68359375 0.31640625 0.671875 0.154296875 0.58203125 0.197265625 0.50390625 0.28125 0.548828125 0.40625 0.322265625 0.484375 0.365234375 0.51171875 0.31640625
0 0.40625 0.322265625 0.28125 0.548828125 0.197265625 0.50390625 0.154296875 0.58203125 0.31640625 0.671875 0.484375 0.365234375
0 0.849609375 0.251953125 0.818359375 0.310546875 0.728515625 0.26171875 0.697265625 0.3203125 0.85546875 0.40625 0.91796875 0.2890625
0 0.78125 0.162109375 0.728515625 0.26171875 0.818359375 0.310546875 0.849609375 0.251953125 0.91796875 0.2890625 0.939453125 0.248046875
0 0.923828125 0.806640625 0.951171875 0.90234375 0.8984375 0.91796875 0.91796875 0.984375 1 0.958984375 1 0.783203125
0 0.77734375 0.953125 0.716796875 0.970703125 0.724609375 1 0.7890625 1
0 0.703125 0.7734375 0.6640625 0.78515625 0.685546875 0.861328125 0.724609375 0.849609375
0 0.814453125 0.916015625 0.87109375 0.900390625 0.853515625 0.8359375 0.796875 0.8515625
0 0.822265625 1 0.830078125 1 0.896484375 0.982421875 0.876953125 0.91015625 0.8046875 0.9296875
0 0.751953125 0.9375 0.7265625 0.849609375 0.685546875 0.861328125 0.7109375 0.94921875 0.75 0.9375
0 0.689453125 0.876953125 0.65625 0.88671875 0.625 0.89453125 0.599609375 0.90234375 0.61328125 0.951171875 0.703125 0.927734375
0 0.537109375 0.876953125 0.5625 0.966796875 0.61328125 0.951171875 0.599609375 0.90234375 0.583984375 0.90625 0.572265625 0.8671875
0 0.59765625 0.861328125 0.580078125 0.794921875 0.458984375 0.724609375 0.484375 0.6796875 0.44140625 0.65625 0.384765625 0.75390625 0.525390625 0.833984375 0.537109375 0.876953125 0.572265625 0.8671875
0 0.720703125 0.650390625 0.87109375 0.609375 0.8359375 0.482421875 0.685546875 0.5234375
0 0.634765625 0.287109375 0.580078125 0.390625 0.697265625 0.453125 0.71484375 0.515625 0.8359375 0.482421875 0.828125 0.45703125 0.85546875 0.40625 0.697265625 0.3203125
0 0.025390625 0.056640625 0.056640625 0 0 0 0 0.041015625
0 0.048828125 0.015625 0.115234375 0.0546875 0.146484375 0 0.056640625 0
0 0.671875 0.970703125 0.5703125 1 0.6796875 1
0 0.40234375 0.9140625 0.3515625 0.884765625 0.328125 0.927734375 0.365234375 0.947265625 0.376953125 1 0.400390625 1 0.421875 0.994140625
0 0.35546875 0.87890625 0.31640625 0.85546875 0.236328125 1 0.287109375 1 0.328125 0.927734375
0 0.05859375 0.14453125 0 0.111328125 0 0.248046875