0 0.921875 0.123046875 0.890625 0.220703125 0.927734375 0.232421875 0.935546875 0.2109375 1 0.23046875 1 0.1484375
0 0.900390625 0.072265625 0.8046875 0.041015625 0.7578125 0.1875 0.853515625 0.21875
0 0.931640625 0.283203125 0.712890625 0.2109375 0.697265625 0.259765625 0.916015625 0.330078125
0 0.685546875 0.1953125 0.388671875 0.099609375 0.373046875 0.146484375 0.671875 0.2421875
0 0.35546875 0.0859375 0.298828125 0.06640625 0.2734375 0.142578125 0.33203125 0.162109375
0 0.587890625 0.876953125 0.373046875 0.80859375 0.353515625 0.87109375 0.56640625 0.939453125
0 0.337890625 0.951171875 0.322265625 1 0.490234375 1 0.478515625 0.99609375
0 0.556640625 0.9921875 0.486328125 0.970703125 0.478515625 0.99609375 0.490234375 1 0.552734375 1
0 0.1875 0.96875 0.197265625 0.9375 0.140625 0.919921875 0.119140625 0.9921875 0.142578125 1 0.2578125 1 0.271484375 0.9609375 0.224609375 0.9453125 0.21484375 0.978515625 0.197265625 0.97265625
0 0.26171875 0.70703125 0.20703125 0.689453125 0.18359375 0.763671875 0.3203125 0.806640625 0.34375 0.734375 0.291015625 0.716796875 0.28125 0.74609375 0.251953125 0.736328125
0 0.197265625 0.767578125 0.15625 0.89453125 0.216796875 0.9140625 0.2578125 0.787109375
0 0.212890625 0.001953125 0.408203125 0.064453125 0.427734375 0 0.212890625 0
0 0.677734375 0.708984375 0.375 0.611328125 0.353515625 0.67578125 0.658203125 0.7734375
0 0.703125 0.728515625 0.68359375 0.79296875 1 0.89453125 1 0.822265625
0 0.740234375 0.56640625 0.71875 0.6328125 1 0.720703125 1 0.650390625
0 0.71875 0.541015625 0.478515625 0.46484375 0.458984375 0.52734375 0.69921875 0.603515625
0 0.765625 0.380859375 0.5 0.296875 0.48046875 0.359375 0.74609375 0.443359375
0 1 0.533203125 1 0.474609375 0.783203125 0.404296875 0.76171875 0.470703125 0.99609375 0.546875
0 0.19140625 0.4453125 0.189453125 0.50390625 0.400390625 0.5078125 0.40234375 0.44921875 0.2109375 0.4453125
0 0.265625 0.505859375 0.212890625 0.50390625 0.216796875 0.658203125 0.267578125 0.65625
0 0.2109375 0.416015625 0.2109375 0.4453125 0.263671875 0.4453125 0.263671875 0.416015625
0 1 0.373046875 1 0.32421875 0.966796875 0.314453125 0.953125 0.359375