0 0.21875 0.814453125 0.08984375 0.814453125 0.08984375 0.904296875 0.21875 0.86328125
0 0.08984375 0.701171875 0.048828125 0.701171875 0.048828125 0.728515625 0.01953125 0.728515625 0.01953125 0.87109375 0.0390625 0.87109375 0.0390625 0.90234375 0.08984375 0.90234375 0.08984375 0.87109375
0 0.24609375 0.796875 0.21875 0.796875 0.21875 0.84765625 0.24609375 0.84765625
0 0.24609375 0.796875 0.24609375 0.69140625 0.19140625 0.69140625 0.19140625 0.796875 0.21875 0.796875
0 0.24609375 0.62109375 0.12890625 0.62109375 0.099609375 0.66015625 0.099609375 0.69140625 0.24609375 0.69140625
0 0.955078125 0.099609375 0.9296875 0.16796875 1 0.193359375 1 0.115234375
0 0.9609375 0.220703125 0.94140625 0.2734375 1 0.294921875 1 0.234375
0 0.53125 0.388671875 0.654296875 0.423828125 0.662109375 0.396484375 0.5390625 0.361328125
0 0.66796875 0.328125 0.654296875 0.365234375 0.60546875 0.3515625 0.599609375 0.369140625 0.703125 0.400390625 0.72265625 0.349609375 0.681640625 0.333984375
0 0.5625 0.251953125 0.55078125 0.287109375 0.666015625 0.33203125 0.66796875 0.328125 0.681640625 0.333984375 0.693359375 0.30078125
0 0.525390625 0.326171875 0.51953125 0.34375 0.599609375 0.369140625 0.60546875 0.3515625
0 0.873046875 0.4921875 0.955078125 0.5234375 0.9609375 0.50390625 0.880859375 0.47265625
0 0.7421875 0.421875 0.734375 0.44140625 0.873046875 0.4921875 0.880859375 0.47265625
0 0.95703125 0.4921875 1 0.5078125 1 0.451171875 0.9765625 0.443359375 0.9609375 0.482421875
0 0.72265625 0.349609375 0.708984375 0.388671875 0.9609375 0.482421875 0.9765625 0.443359375
0 0.9765625 0.548828125 0.958984375 0.5390625 0.904296875 0.630859375 0.91796875 0.638671875 0.931640625 0.615234375 0.98828125 0.6484375 1 0.626953125 1 0.548828125 0.982421875 0.5390625
0 0.5972928779069767 0.737796753875969 0.7008085029069767 0.704593628875969 0.6851835029069767 0.655765503875969 0.5816678779069767 0.688968628875969
0 0.7256389292635659 0.7245185319767441 0.8799358042635659 0.6815497819767441 0.8701701792635659 0.6522529069767441 0.7178264292635659 0.6952216569767441
0 0.26953125 0.791015625 0.412109375 0.806640625 0.416015625 0.78515625 0.2734375 0.767578125
0 0.435546875 0.80859375 0.56640625 0.771484375 0.552734375 0.72265625 0.421875 0.759765625
0 0.75 0.251953125 0.7421875 0.275390625 0.935546875 0.34765625 0.943359375 0.32421875
0 0.9609375 0.279296875 0.935546875 0.34765625 1 0.37109375 1 0.29296875
0 0.736328125 0.2734375 0.6484375 0.240234375 0.638671875 0.265625 0.7265625 0.298828125
0 0.697265625 0.2890625 0.6875 0.318359375 0.98828125 0.4296875 1 0.396484375 1 0.37109375 0.9765625 0.36328125 0.96875 0.388671875 0.7265625 0.298828125
0 0.8828125 0.11328125 0.83203125 0.25 0.873046875 0.265625 0.923828125 0.12890625
0 0.728515625 0.234375 0.82421875 0.271484375 0.83203125 0.25 0.736328125 0.21484375
0 0.66015625 0.185546875 0.65234375 0.20703125 0.728515625 0.234375 0.736328125 0.21484375 0.69921875 0.201171875
0 0.712890625 0.162109375 0.69921875 0.201171875 0.83203125 0.25 0.845703125 0.212890625
0 0.75390625 0.158203125 0.9296875 0.0859375 0.919921875 0.064453125 0.744140625 0.13671875
0 0.408203125 0.12890625 0.517578125 0.11328125 0.5078125 0.0546875 0.400390625 0.0703125
0 0.546875 0.1328125 0.689453125 0.126953125 0.6875 0.09375 0.544921875 0.099609375
0 0.3635537790697674 0.1366733284883721 0.3537881540697674 0.07026707848837209 0.2776162790697674 0.08198582848837209 0.2873819040697674 0.1483920784883721 0.3498819040697674 0.1386264534883721
0 0.70703125 0.794921875 0.6953125 0.7578125 0.58203125 0.7890625 0.59375 0.826171875 0.697265625 0.796875
0 0.78515625 0.8125 0.7421875 0.814453125 0.74609375 0.94140625 0.791015625 0.94140625
0 1 0.982421875 1 0.90625 0.865234375 0.912109375 0.865234375 0.9375 0.845703125 0.939453125 0.84765625 0.98828125 0.8671875 0.98828125
0 0.865234375 0.9375 0.861328125 0.810546875 0.78515625 0.8125 0.791015625 0.94140625 0.845703125 0.939453125
0 0.845703125 0.939453125 0.74609375 0.94140625 0.748046875 0.9921875 0.84765625 0.98828125
0 0.4453125 0.970703125 0.423828125 0.837890625 0.30859375 0.869140625 0.326171875 0.98828125 0.443359375 0.970703125
0 0.69921875 0.833984375 0.6484375 0.841796875 0.65625 0.8984375 0.701171875 0.892578125
0 0.744140625 0.890625 0.740234375 0.755859375 0.6953125 0.7578125 0.70703125 0.794921875 0.697265625 0.796875 0.701171875 0.892578125 0.73046875 0.890625
0 0.64453125 0.900390625 0.478515625 0.92578125 0.484375 0.96484375 0.65234375 0.947265625 0.65234375 0.9453125
0 0.46875 0.861328125 0.5546875 0.83984375 0.546875 0.806640625 0.423828125 0.837890625 0.4453125 0.970703125 0.484375 0.96484375
0 0.736328125 0.93359375 0.73046875 0.890625 0.701171875 0.892578125 0.64453125 0.900390625 0.65234375 0.947265625 0.72265625 0.935546875
0 0.484375 0.96484375 0.4453125 0.970703125 0.443359375 0.970703125 0.447265625 1 0.50390625 1 0.7265625 0.9765625 0.72265625 0.935546875 0.65234375 0.947265625
0 0.1875 0.912109375 0.119140625 0.921875 0.12890625 1 0.201171875 1
0 0.443359375 0.970703125 0.248046875 1 0.447265625 1
0 0.29702640503875977 0.6884084302325582 0.47866703003875977 0.7274709302325582 0.48452640503875977 0.7001271802325582 0.30288578003875977 0.6591115552325582
0 0.28757873062015504 0.6116006540697675 0.49460998062015504 0.6506631540697675 0.49851623062015504 0.6272256540697675 0.29148498062015504 0.5862100290697675
0 0.955078125 0.71484375 0.7890625 0.720703125 0.791015625 0.75390625 0.95703125 0.748046875
0 0.958984375 0.806640625 0.95703125 0.748046875 0.740234375 0.755859375 0.7421875 0.814453125 0.861328125 0.810546875
0 0.009765625 1 0.0625 1 0.05859375 0.951171875 0.005859375 0.95703125
0 0.41345687984496116 0.37395530523255816 0.44275375484496116 0.33879905523255816 0.44080062984496116 0.32903343023255816 0.35876937984496116 0.34075218023255816 0.36462875484496116 0.38176780523255816
0 0.12563590116279072 0.5523710029069767 0.19594840116279072 0.5601835029069767 0.19790152616279072 0.5386991279069767 0.12758902616279072 0.5308866279069767
0 0.03383902616279072 0.5758085029069767 0.10805777616279072 0.5640897529069767 0.10415152616279072 0.5386991279069767 0.02993277616279072 0.5504178779069767
0 0.896484375 0.69140625 1 0.69140625 1 0.6484375 0.8984375 0.6484375
0 0.908203125 0.201171875 0.888671875 0.25390625 0.94140625 0.2734375 0.9609375 0.220703125
0 0.482421875 0.162109375 0.4765625 0.125 0.3828125 0.142578125 0.388671875 0.177734375
0 0.3125 0.45703125 0.30859375 0.421875 0.251953125 0.427734375 0.255859375 0.462890625
0 0.51953125 0.041015625 0.51171875 0.0078125 0.439453125 0.0234375 0.4453125 0.056640625
0 0.904296875 0.046875 0.912109375 0.017578125 0.82421875 0 0.814453125 0.01953125
0 0.626953125 0.03125 0.626953125 0 0.591796875 0 0.591796875 0.03125