0 0.154296875 0.078125 0.1484375 0.025390625 0 0.044921875 0 0.09765625
0 0.216796875 0.240234375 0.20703125 0.177734375 0 0.208984375 0 0.2734375
0 0 0.44140625 0 0.505859375 0.146484375 0.525390625 0.154296875 0.462890625
0 0.333984375 0.61328125 0.275390625 0.59375 0.26171875 0.634765625 0.318359375 0.654296875
0 0.466796875 0.69140625 0.478515625 0.650390625 0.376953125 0.62109375 0.3671875 0.66015625
0 0.310546875 0.443359375 0.291015625 0.50390625 0.595703125 0.60546875 0.6171875 0.544921875
0 0.28125 0.3125 0.275390625 0.373046875 0.6015625 0.41015625 0.607421875 0.34765625
0 0.310546875 0.17578125 0.30859375 0.236328125 0.38671875 0.240234375 0.388671875 0.216796875 0.43359375 0.21875 0.431640625 0.2421875 0.4765625 0.244140625 0.478515625 0.220703125 0.529296875 0.22265625 0.52734375 0.248046875 0.583984375 0.25 0.587890625 0.19140625
0 0.27734375 0.02734375 0.275390625 0.09375 0.56640625 0.103515625 0.568359375 0.0390625
0 0.900390625 0.248046875 0.814453125 0.26953125 0.822265625 0.298828125 0.80859375 0.302734375 0.80078125 0.2734375 0.724609375 0.29296875 0.73828125 0.34375 0.9140625 0.298828125
0 0.990234375 0.1484375 0.99609375 0.16796875 0.97265625 0.17578125 0.982421875 0.20703125 1 0.201171875 1 0.14453125
0 0.734375 0.642578125 0.734375 0.658203125 0.701171875 0.658203125 0.701171875 0.689453125 0.95703125 0.69140625 0.95703125 0.66015625 0.939453125 0.66015625 0.939453125 0.646484375 0.919921875 0.646484375 0.919921875 0.66015625 0.859375 0.66015625 0.859375 0.642578125 0.830078125 0.642578125 0.830078125 0.66015625 0.755859375 0.658203125 0.755859375 0.642578125
0 0.1953125 0.865234375 0.072265625 0.875 0.07421875 0.875 0.07421875 0.884765625 0.095703125 0.884765625 0.095703125 0.935546875 0.169921875 0.935546875 0.248046875 0.935546875 0.25390625 0.888671875 0.291015625 0.892578125 0.29296875 0.8828125 0.2421875 0.87109375
0 0.033203125 0.873046875 0.029296875 0.875 0 0.875 0 0.884765625 0.033203125 0.884765625
0 0.38671875 0.89453125 0.328125 0.88671875 0.326171875 0.896484375 0.36328125 0.90234375 0.384765625 0.90625 0.38671875 0.896484375
0 0.419921875 0.90234375 0.41796875 0.912109375 0.4453125 0.91796875 0.435546875 0.966796875 0.484375 0.9765625 0.50390625 0.921875
0 0.744140625 0.970703125 0.736328125 1 0.8203125 1
0 0.033203125 0.875 0.033203125 0.884765625 0 0.884765625 0 0.935546875 0.095703125 0.935546875 0.095703125 0.884765625 0.07421875 0.884765625 0.07421875 0.875
0 0.29296875 0.8828125 0.291015625 0.892578125 0.25390625 0.888671875 0.248046875 0.935546875 0.353515625 0.94921875 0.435546875 0.966796875 0.4453125 0.91796875 0.41796875 0.912109375 0.419921875 0.90234375 0.38671875 0.896484375 0.384765625 0.90625 0.36328125 0.90234375 0.326171875 0.896484375 0.328125 0.88671875
0 0.6171875 0.93359375 0.607421875 0.966796875 0.576171875 0.95703125 0.56640625 0.99609375 0.580078125 1 0.736328125 1 0.744140625 0.970703125 0.7109375 0.9609375 0.703125 0.984375 0.64453125 0.966796875 0.650390625 0.943359375
0 0.171875 0.73046875 0.171875 0.75390625 0.1171875 0.75390625 0.1171875 0.791015625 0.23828125 0.791015625 0.23828125 0.75390625 0.1875 0.75390625 0.1875 0.73046875