0 0.849609375 0.65234375 0.517578125 0.630859375 0.513671875 0.685546875 0.845703125 0.70703125 0.84765625 0.6953125
0 0.505859375 0.794921875 0.501953125 0.84375 0.857421875 0.8671875 0.859375 0.818359375 0.810546875 0.81640625
0 0.232421875 0.5859375 0.228515625 0.63671875 0.4765625 0.65234375 0.48046875 0.603515625
0 0.216796875 0.7578125 0.212890625 0.806640625 0.466796875 0.82421875 0.470703125 0.7734375
0 0.19921875 0.978515625 0.462890625 0.99609375 0.46484375 0.943359375 0.265625 0.931640625 0.203125 0.92578125
0 0.22265625 0.63671875 0.203125 0.92578125 0.265625 0.931640625 0.275390625 0.810546875 0.212890625 0.806640625 0.216796875 0.7578125 0.27734375 0.76171875 0.28515625 0.640625
0 0.845703125 0.70703125 0.78515625 0.703125 0.810546875 0.81640625 0.859375 0.818359375 0.857421875 0.8671875 0.822265625 0.865234375 0.841796875 0.95703125 0.900390625 0.943359375 0.84765625 0.6953125
0 0.033203125 0.9765625 0.037109375 0.921875 0 0.919921875 0 0.97265625
0 0 0.544921875 0 0.6015625 0.009765625 0.603515625 0.01171875 0.58984375 0.05078125 0.59375 0.05078125 0.607421875 0.078125 0.609375 0.080078125 0.595703125 0.103515625 0.595703125 0.10546875 0.552734375
0 0.068359375 0.634765625 0.06640625 0.6640625 0.013671875 0.66015625 0.009765625 0.705078125 0.09765625 0.7109375 0.1015625 0.63671875
0 0 0.76953125 0 0.791015625 0.06640625 0.794921875 0.072265625 0.732421875 0.00390625 0.7265625
0 0 0.8359375 0 0.919921875 0.037109375 0.921875 0.033203125 0.9765625 0 0.974609375 0 1 0.052734375 1 0.064453125 0.83984375
0 0.142578125 0.21875 0.146484375 0.166015625 0 0.154296875 0 0.20703125
0 0.12890625 0.384765625 0.1328125 0.326171875 0 0.31640625 0 0.375
0 0.1875 0.40625 0.18359375 0.462890625 0.341796875 0.47265625 0.345703125 0.416015625
0 0.369140625 0.423828125 0.365234375 0.482421875 0.58984375 0.498046875 0.59375 0.4375
0 0.37109375 0.39453125 0.369140625 0.423828125 0.59375 0.4375 0.595703125 0.41015625
0 0.365234375 0.376953125 0.5703125 0.388671875 0.57421875 0.34375 0.369140625 0.33203125
0 0.373046875 0.310546875 0.595703125 0.32421875 0.59765625 0.296875 0.375 0.283203125
0 0.189453125 0.373046875 0.1875 0.40625 0.345703125 0.416015625 0.34765625 0.3828125
0 0.19921875 0.294921875 0.1953125 0.357421875 0.33984375 0.3671875 0.34375 0.3046875
0 0.345703125 0.279296875 0.201171875 0.26953125 0.19921875 0.294921875 0.34375 0.3046875 0.34375 0.29296875
0 0.814453125 0.373046875 0.609375 0.359375 0.607421875 0.384765625 0.8125 0.3984375 0.814453125 0.38671875
0 0.603515625 0.43359375 0.6015625 0.484375 0.806640625 0.498046875 0.810546875 0.447265625
0 0.8125 0.3984375 0.607421875 0.384765625 0.603515625 0.43359375 0.810546875 0.447265625 0.8125 0.4140625
0 0.615234375 0.341796875 0.80078125 0.353515625 0.802734375 0.328125 0.6171875 0.31640625
0 0.615234375 0.29296875 0.8125 0.3046875 0.814453125 0.279296875 0.6171875 0.265625
0 0.619140625 0.240234375 0.81640625 0.25390625 0.818359375 0.228515625 0.62109375 0.21484375
0 0.798828125 0.2109375 0.80078125 0.18359375 0.619140625 0.171875 0.6171875 0.19921875
0 0.818359375 0.15234375 0.8203125 0.130859375 0.62890625 0.119140625 0.626953125 0.140625
0 0.810546875 0.107421875 0.8125 0.08984375 0.642578125 0.078125 0.640625 0.09765625
0 0.6875 0.056640625 0.740234375 0.060546875 0.7421875 0.037109375 0.6875 0.033203125
0 0.75390625 0.064453125 0.833984375 0.068359375 0.837890625 0.01171875 0.755859375 0.0078125
0 0.419921875 0.04296875 0.533203125 0.048828125 0.53515625 0.017578125 0.421875 0.009765625
0 0.37890625 0.052734375 0.376953125 0.083984375 0.474609375 0.091796875 0.4765625 0.060546875
0 0.556640625 0.064453125 0.5546875 0.095703125 0.61328125 0.099609375 0.615234375 0.068359375
0 0.4765625 0.060546875 0.474609375 0.091796875 0.5546875 0.095703125 0.556640625 0.064453125
0 0.47265625 0.138671875 0.470703125 0.173828125 0.6015625 0.181640625 0.603515625 0.1484375
0 0.59765625 0.2265625 0.474609375 0.21875 0.47265625 0.24609375 0.59765625 0.25390625 0.59765625 0.244140625
0 0.34375 0.23046875 0.4453125 0.236328125 0.4453125 0.21484375 0.34375 0.208984375
0 0.228515625 0.236328125 0.294921875 0.240234375 0.298828125 0.17578125 0.232421875 0.169921875
0 0.318359375 0.125 0.31640625 0.154296875 0.44921875 0.162109375 0.451171875 0.1328125
0 0.20703125 0.080078125 0.205078125 0.109375 0.3125 0.115234375 0.314453125 0.087890625
0 0.205078125 0.109375 0.203125 0.146484375 0.31640625 0.154296875 0.318359375 0.1171875 0.3125 0.115234375
0 0.361328125 0.017578125 0.25 0.009765625 0.248046875 0.041015625 0.359375 0.048828125
0 0.2265625 0.0390625 0.224609375 0.0625 0.357421875 0.072265625 0.359375 0.048828125
0 0.8828125 0.427734375 1 0.43359375 1 0.38671875 0.88671875 0.380859375
0 0.892578125 0.091796875 0.890625 0.142578125 1 0.1484375 1 0.09765625
0 0.15234375 0.076171875 0.15234375 0.00390625 0 0.001953125 0 0.072265625 0.15234375 0.076171875
0 1 0.07421875 1 0.0078125 0.947265625 0.0078125 0.9453125 0.07421875 1 0.07421875
0 0.931640625 0.068359375 0.931640625 0 0.869140625 0 0.8671875 0.068359375 0.931640625 0.068359375
0 0.17578125 0.9375 0.177734375 0.876953125 0.125 0.875 0.123046875 0.935546875 0.17578125 0.9375
0 0.912109375 1 0.912109375 0.97265625 0.720703125 0.97265625 0.720703125 0.998046875 0.912109375 1
0 0.1796875 0.873046875 0.181640625 0.82421875 0.134765625 0.822265625 0.1328125 0.873046875 0.1796875 0.873046875