0 0.140625 1 0.302734375 1 0.775390625 0.818359375 0.66015625 0.51953125 0.046875 0.7578125
0 0.814453125 0.3828125 0.716796875 0.419921875 0.8125 0.662109375 0.939453125 0.61328125 0.900390625 0.51171875 0.869140625 0.5234375 0.830078125 0.42578125
0 0.919921875 0.390625 0.8671875 0.41015625 0.873046875 0.421875 0.845703125 0.43359375 0.861328125 0.47265625 0.873046875 0.46875 0.87890625 0.484375 0.896484375 0.478515625 0.904296875 0.498046875 0.955078125 0.478515625 0.939453125 0.44140625
0 0.935546875 0.505859375 0.984375 0.626953125 0.83984375 0.68359375 0.87109375 0.76171875 1 0.7109375 1 0.48046875
0 0.94921875 0.3046875 0.89453125 0.326171875 0.9609375 0.49609375 1 0.48046875 1 0.43359375
0 0.7890625 0.3203125 0.6953125 0.357421875 0.71484375 0.408203125 0.80859375 0.37109375 0.806640625 0.361328125
0 0.939453125 0.26171875 0.7890625 0.3203125 0.806640625 0.361328125 0.95703125 0.302734375
0 0.89453125 0.326171875 0.806640625 0.361328125 0.830078125 0.42578125 0.919921875 0.390625
0 0 0.45703125 0 0.568359375 0.923828125 0.19921875 0.904296875 0.150390625 0.880859375 0.16015625 0.861328125 0.111328125
0 0.77734375 0.08984375 0.740234375 0 0.73046875 0 0 0.29296875 0 0.400390625
0 0.58203125 0 0.453125 0 0 0.181640625 0 0.234375