0 0.029296875 0.708984375 0.037109375 0.677734375 0 0.66796875 0 0.703125
0 0.017578125 0.75 0.025390625 0.720703125 0 0.712890625 0 0.744140625
0 0.4609375 0.90234375 0.421875 0.888671875 0.408203125 0.92578125 0.447265625 0.939453125
0 0.439453125 0.94921875 0.3984375 0.931640625 0.384765625 0.966796875 0.42578125 0.984375
0 0.373046875 1 0.41796875 1 0.423828125 0.986328125 0.384765625 0.97265625
0 0.484375 0.953125 0.515625 0.96484375 0.52734375 0.93359375 0.49609375 0.921875
0 0.466796875 0.990234375 0.49609375 1 0.517578125 1 0.521484375 0.98828125 0.47265625 0.970703125
0 0.544921875 0.857421875 0.572265625 0.8671875 0.580078125 0.845703125 0.552734375 0.8359375
0 0.166015625 0.234375 0.173828125 0.19921875 0.12109375 0.185546875 0.111328125 0.220703125
0 0.041015625 0.259765625 0.078125 0.26953125 0.087890625 0.224609375 0.052734375 0.21484375
0 0.138671875 0.134765625 0.126953125 0.173828125 0.146484375 0.1796875 0.150390625 0.1640625 0.1640625 0.16796875 0.16015625 0.18359375 0.17578125 0.1875 0.185546875 0.1484375