0 0.0019531250000000416 0.4979440789473684 0.11605674342105267 0.44551809210526316 0.16221217105263158 0.5259046052631579 0.052323190789473714 0.5853207236842105
0 0.0924136513157895 0.3858963815789474 0.21371299342105265 0.3324424342105263 0.253186677631579 0.4140625 0.15511924342105265 0.4712171052631579
0 0.20548930921052633 0.2933799342105263 0.2890625 0.2421875 0.337890625 0.30078125 0.24557976973684215 0.35711348684210525
0 0.02251233552631582 0.1998355263157895 0.21011513157894735 0.10587993421052633 0.24722450657894735 0.16642680921052633 0.0440995065789474 0.2676809210526316
0 0.3763363486842105 0.26613898026315785 0.4935238486842105 0.22317023026315785 0.5208675986842105 0.27590460526315785 0.4036800986842105 0.31887335526315785
0 0.32421875 0.15234375 0.44140625 0.1015625 0.470703125 0.16015625 0.353515625 0.2109375
0 0.244140625 0.05078125 0.3828125 0.001953125 0.40625 0.0546875 0.267578125 0.10546875
0 0.40234375 0.966796875 0.46875 0.94921875 0.48046875 0.98046875 0.412109375 1
0 0.279296875 0.90625 0.30859375 0.8203125 0.375 0.830078125 0.34765625 0.91796875
0 0.33110608552631576 0.78515625 0.41899671052631576 0.765625 0.43071546052631576 0.814453125 0.34282483552631576 0.833984375
0 0.477282072368421 0.41704358552631576 0.545641447368421 0.3936060855263159 0.582750822368421 0.5049342105263162 0.512438322368421 0.5303248355263162
0 0.451171875 0.482421875 0.490234375 0.47265625 0.505859375 0.529296875 0.46484375 0.541015625
0 0.6875 0.9375 0.71875 0.861328125 0.987767269736842 0.998046875 0.8243215460526315 0.998046875
0 0.90625 0.9082031250000001 0.935546875 0.8417968750000001 1 0.8847656250000001 0.970703125 0.9511718750000001
0 0.46689967105263164 0.9508634868421052 0.48252467105263164 0.8883634868421052 0.5274465460526316 0.8961759868421052 0.5118215460526316 0.9586759868421052
0 0.052734375 0.40625 0.0546875 0.296875 0 0.296875 0 0.404296875 0.052734375 0.40625