0 0.3046875 0.92578125 0 0.935546875 0 0.99609375 0.306640625 0.986328125
0 0.78515625 0.908203125 0.443359375 0.919921875 0.4453125 0.9765625 0.787109375 0.966796875 0.78515625 0.92578125
0 0.306640625 0.986328125 0 0.99609375 0 1 0.306640625 1
0 0 0.150390625 0.021484375 0.1484375 0.01953125 0.099609375 0 0.099609375 0 0.134765625
0 0.017578125 0.63671875 0.017578125 0.6484375 0.04296875 0.6484375 0.041015625 0.599609375 0.005859375 0.599609375 0.005859375 0.576171875 0 0.576171875 0 0.63671875
0 0.005859375 0.384765625 0.0078125 0.40234375 0.02734375 0.40234375 0.02734375 0.35546875 0.00390625 0.35546875 0.001953125 0.33203125 0 0.33203125 0 0.384765625
0 0.1015625 0.486328125 0.421875 0.4765625 0.419921875 0.419921875 0.099609375 0.4296875
0 0.4296875 0.583984375 0.4296875 0.642578125 0.74609375 0.634765625 0.74609375 0.57421875 0.6015625 0.578125
0 0.423828125 0.322265625 0.421875 0.259765625 0.09765625 0.26953125 0.099609375 0.33203125
0 0.57421875 0.3125 0.783203125 0.306640625 0.78125 0.244140625 0.572265625 0.25
0 0.166015625 0.654296875 0.384765625 0.6484375 0.3828125 0.5859375 0.1640625 0.591796875
0 0.203125 0.162109375 0.40625 0.15625 0.404296875 0.09375 0.201171875 0.099609375
0 0.470703125 0.47265625 0.7890625 0.462890625 0.787109375 0.41015625 0.470703125 0.419921875
0 0.470703125 0.15625 0.783203125 0.146484375 0.78125 0.083984375 0.46875 0.091796875
0 0.697265625 0.576171875 0.697265625 0.53515625 0.599609375 0.5390625 0.6015625 0.578125
0 0.4296875 0.029296875 0.4296875 0 0.21484375 0 0.21484375 0.029296875 0.4296875 0.029296875
0 0.802734375 0.021484375 0.802734375 0 0.48828125 0 0.48828125 0.0234375 0.802734375 0.021484375
0 0.083984375 0.046875 0.083984375 0 0 0 0 0.046875 0.083984375 0.046875