0 0 0.48828125 0.00390625 0.505859375 0 0.505859375 0 0.556640625 0.078125 0.537109375 0.064453125 0.48828125 0.01953125 0.5 0.015625 0.484375
0 0.22265625 0.498046875 0.44140625 0.439453125 0.42578125 0.3828125 0.20703125 0.443359375
0 0.3828125 0.216796875 0.3671875 0.158203125 0.138671875 0.220703125 0.154296875 0.279296875
0 0.09375 0.0546875 0.294921875 0 0.083984375 0 0.078125 0.001953125
0 0 0.265625 0 0.3203125 0.029296875 0.3125 0.015625 0.26171875
0 0.525390625 0.29296875 0.53125 0.3125 0.5 0.3203125 0.505859375 0.341796875 0.494140625 0.345703125 0.501953125 0.373046875 0.51953125 0.369140625 0.521484375 0.376953125 0.552734375 0.369140625 0.556640625 0.37890625 0.58984375 0.369140625 0.587890625 0.359375 0.6171875 0.3515625 0.615234375 0.341796875 0.638671875 0.3359375 0.6328125 0.306640625 0.623046875 0.310546875 0.6171875 0.2890625 0.58984375 0.294921875 0.583984375 0.275390625
0 0.46484375 0.03515625 0.470703125 0.056640625 0.439453125 0.064453125 0.4453125 0.0859375 0.43359375 0.08984375 0.44140625 0.1171875 0.458984375 0.111328125 0.4609375 0.12109375 0.4921875 0.11328125 0.49609375 0.123046875 0.53125 0.11328125 0.52734375 0.103515625 0.55859375 0.09375 0.5546875 0.0859375 0.580078125 0.078125 0.572265625 0.05078125 0.564453125 0.052734375 0.556640625 0.03125 0.529296875 0.0390625 0.525390625 0.01953125
0 0.09765625 1 0.234375 1 0.224609375 0.962890625 0.09765625 0.998046875
0 0.5390625 0.857421875 0.541015625 0.865234375 0.525390625 0.87109375 0.521484375 0.861328125 0.501953125 0.8671875 0.50390625 0.876953125 0.486328125 0.880859375 0.484375 0.87109375 0.46875 0.876953125 0.470703125 0.884765625 0.4453125 0.892578125 0.443359375 0.8828125 0.42578125 0.888671875 0.4296875 0.896484375 0.40234375 0.904296875 0.400390625 0.89453125 0.388671875 0.8984375 0.390625 0.908203125 0.3671875 0.9140625 0.36328125 0.90625 0.3515625 0.908203125 0.353515625 0.91796875 0.337890625 0.921875 0.353515625 0.9765625 0.587890625 0.912109375 0.572265625 0.857421875 0.564453125 0.859375 0.5625 0.8515625
0 0.2109375 0.7734375 0.197265625 0.724609375 0.16796875 0.732421875 0.1640625 0.71484375 0.142578125 0.720703125 0.1484375 0.73828125 0.107421875 0.75 0.1015625 0.732421875 0.0859375 0.736328125 0.08984375 0.75390625 0.060546875 0.76171875 0.07421875 0.810546875
0 0.419921875 0.642578125 0.423828125 0.66015625 0.37890625 0.671875 0.375 0.65625 0.359375 0.66015625 0.36328125 0.67578125 0.33203125 0.685546875 0.34375 0.724609375 0.478515625 0.689453125 0.466796875 0.6484375 0.4453125 0.654296875 0.44140625 0.63671875
0 0.74609375 0.80078125 0.751953125 0.822265625 0.71484375 0.83203125 0.708984375 0.810546875 0.66015625 0.82421875 0.6796875 0.896484375 0.810546875 0.859375 0.791015625 0.7890625
0 0.66796875 0.611328125 0.689453125 0.685546875 0.75 0.66796875 0.728515625 0.591796875 0.681640625 0.55078125 0.51171875 0.59765625 0.525390625 0.65234375
0 0.0625 0.767578125 0 0.783203125 0 0.830078125 0.07421875 0.810546875
0 0.8984375 0.1875 0.900390625 0.197265625 0.84765625 0.21484375 0.861328125 0.26171875 0.8828125 0.255859375 0.892578125 0.291015625 1 0.2578125 1 0.15625
0 0.791015625 0.041015625 0.8125 0.03515625 0.822265625 0.0703125 1 0.015625 1 0 0.77734375 0
0 0.943359375 0.5390625 0.96484375 0.611328125 1 0.599609375 1 0.521484375
0 0.96484375 0.611328125 0.94921875 0.55859375 0.927734375 0.564453125 1 0.8046875 1 0.599609375