0 0.771484375 0.794921875 0.765625 0.9765625 0.830078125 0.978515625 0.833984375 0.796875
0 0.357421875 0.0625 0.3515625 0.203125 0.431640625 0.205078125 0.43359375 0.140625 0.640625 0.1484375 0.64453125 0.07421875
0 0.53125 0.517578125 0.619140625 0.5234375 0.634765625 0.181640625 0.548828125 0.177734375
0 0.328125 0.515625 0.4140625 0.521484375 0.423828125 0.333984375 0.337890625 0.330078125
0 0.810546875 0.501953125 0.8515625 0.50390625 0.857421875 0.380859375 0.81640625 0.37890625
0 0.779296875 0.283203125 0.80859375 0.28515625 0.810546875 0.203125 0.783203125 0.203125
0 0.0703125 0.669921875 0.095703125 0.0703125 0 0.064453125 0 0.666015625
0 0.37109375 0.7578125 0.619140625 0.771484375 0.61328125 0.861328125 0.48828125 0.85546875 0.48046875 0.9921875 0.638671875 1 0.65625 0.705078125 0.626953125 0.703125 0.62890625 0.693359375 0.58203125 0.69140625 0.580078125 0.701171875 0.375 0.689453125
0 0.09765625 1 0.09765625 0.9375 0.021484375 0.935546875 0.01953125 0.998046875 0.09765625 1
0 0.970703125 0.923828125 0.970703125 0.84765625 0.947265625 0.84765625 0.9453125 0.923828125 0.970703125 0.923828125
0 0.998046875 0.30859375 1 0.103515625 0.9765625 0.103515625 0.9765625 0.30859375 0.998046875 0.30859375
0 0.99609375 0.421875 0.99609375 0.35546875 0.970703125 0.35546875 0.970703125 0.421875 0.99609375 0.421875
0 0.017578125 0.802734375 0.017578125 0.728515625 0 0.728515625 0 0.802734375 0.017578125 0.802734375