0 0.322265625 1 0.353515625 1 0.361328125 0.962890625 0.330078125 0.95703125
0 0.4375 0.96484375 0.46875 0.982421875 0.490234375 0.943359375 0.458984375 0.927734375
0 0.517578125 0.970703125 0.521484375 0.96484375 0.505859375 0.94921875 0.46484375 0.994140625 0.470703125 1 0.533203125 1 0.541015625 0.9921875
0 0.419921875 0.892578125 0.447265625 0.91015625 0.47265625 0.873046875 0.4453125 0.853515625
0 0.46484375 0.916015625 0.5 0.9375 0.521484375 0.900390625 0.48828125 0.87890625
0 0.49609375 0.943359375 0.53125 0.96484375 0.556640625 0.921875 0.521484375 0.900390625 0.5 0.9375
0 0.4140625 0.900390625 0.388671875 0.947265625 0.421875 0.96484375 0.447265625 0.919921875
0 0.435546875 0.94140625 0.443359375 0.947265625 0.45703125 0.92578125 0.447265625 0.919921875
0 0.54296875 0.97265625 0.58203125 0.99609375 0.603515625 0.962890625 0.564453125 0.9375
0 0.580078125 0.912109375 0.56640625 0.931640625 0.60546875 0.95703125 0.619140625 0.9375 0.607421875 0.9296875
0 0.615234375 0.90625 0.607421875 0.9296875 0.619140625 0.9375 0.6171875 0.94140625 0.638671875 0.94921875 0.6484375 0.916015625
0 0.6328125 0.970703125 0.64453125 0.970703125 0.646484375 0.953125 0.634765625 0.951171875
0 0.39453125 1 0.447265625 1 0.40625 0.978515625