0 0.751953125 0.826171875 0.7421875 0.912109375 0.876953125 0.927734375 0.884765625 0.845703125
0 0.62890625 0.900390625 0.638671875 0.818359375 0.494140625 0.802734375 0.490234375 0.890625
0 0.5 0.6875 0.4296875 0.68359375 0.419921875 0.888671875 0.490234375 0.892578125 0.494140625 0.802734375
0 0.876953125 0.94140625 0.986328125 0.951171875 0.998046875 0.8359375 0.88671875 0.82421875 0.876953125 0.927734375
0 0.75390625 0.8046875 0.640625 0.79296875 0.62890625 0.900390625 0.7421875 0.912109375 0.751953125 0.826171875
0 0.564453125 0.607421875 0.76171875 0.626953125 0.767578125 0.572265625 0.5703125 0.552734375
0 0.822265625 0.630859375 1 0.65234375 1 0.603515625 0.828125 0.58203125
0 0.9921875 0.29296875 1 0.23828125 0.7578125 0.201171875 0.75 0.255859375
0 1 0.09375 1 0.041015625 0.791015625 0.009765625 0.783203125 0.0625
0 0.9375 0.421875 0.9453125 0.373046875 0.751953125 0.34765625 0.74609375 0.396484375
0 0.509765625 0.29296875 0.515625 0.232421875 0.447265625 0.224609375 0.44140625 0.28515625
0 0.44140625 0.28515625 0.435546875 0.33984375 0.705078125 0.369140625 0.7109375 0.314453125
0 0.544921875 0.064453125 0.55078125 0.013671875 0.462890625 0.005859375 0.45703125 0.0546875
0 0.45703125 0.0546875 0.451171875 0.119140625 0.7265625 0.1484375 0.732421875 0.083984375
0 0.443359375 0.513671875 0.521484375 0.515625 0.521484375 0.4765625 0.443359375 0.474609375