0 0.23828125 0.009765625 0.236328125 0 0 0 0 0.009765625
0 0.322265625 0.0390625 0.462890625 0.037109375 0.462890625 0 0.322265625 0
0 0.365234375 0.16015625 0.365234375 0.1796875 0.322265625 0.1796875 0.322265625 0.228515625 0.462890625 0.2265625 0.4609375 0.177734375 0.421875 0.1796875 0.421875 0.16015625
0 0.03515625 0.28125 0.216796875 0.279296875 0.21484375 0.15234375 0.03515625 0.154296875
0 0.205078125 0.5 0.458984375 0.498046875 0.458984375 0.421875 0.203125 0.42578125
0 0.5625 0.494140625 0.787109375 0.490234375 0.787109375 0.423828125 0.5625 0.42578125
0 0.568359375 0.03515625 0.568359375 0.091796875 0.8203125 0.087890625 0.8203125 0.10546875 0.9453125 0.103515625 0.9453125 0.044921875 0.8203125 0.046875 0.8203125 0.033203125
0 0.55859375 0.296875 0.888671875 0.29296875 0.88671875 0.216796875 0.556640625 0.220703125
0 0.814453125 0.55078125 1 0.546875 1 0.4765625 0.814453125 0.48046875
0 0.37109375 0.828125 0.400390625 0.828125 0.400390625 0.71875 0.369140625 0.71875
0 0.171875 0.466796875 0.173828125 0.39453125 0 0.392578125 0 0.46484375 0.171875 0.466796875
0 0.3125 0.76953125 0.3125 0.732421875 0.267578125 0.732421875 0.267578125 0.76953125 0.3125 0.76953125
0 0.287109375 0.283203125 0.2890625 0.14453125 0.240234375 0.142578125 0.236328125 0.28125 0.287109375 0.283203125
0 0.44921875 0.876953125 0.44921875 0.8359375 0.41796875 0.8359375 0.41796875 0.87890625 0.44921875 0.876953125