0 0.427734375 0.19921875 0.419921875 0.228515625 0.373046875 0.21484375 0.361328125 0.2578125 0.51171875 0.302734375 0.525390625 0.259765625 0.462890625 0.2421875 0.47265625 0.212890625
0 0.10546875 0.091796875 0.4375 0.19140625 0.466796875 0.095703125 0.14453125 0 0.130859375 0
0 0.625 0.236328125 0.763671875 0.27734375 0.78515625 0.205078125 0.646484375 0.162109375
0 0.060546875 0.380859375 0.06640625 0.36328125 0.04296875 0.357421875 0.052734375 0.3203125 0 0.302734375 0 0.400390625 0.095703125 0.4296875 0.10546875 0.392578125
0 0.212890625 0.509765625 0 0.4453125 0 0.779296875 0.12109375 0.81640625 0.1796875 0.623046875
0 0.36328125 0.7421875 0.380859375 0.68359375 0.1796875 0.623046875 0.12109375 0.81640625 0.404296875 0.900390625 0.443359375 0.765625
0 0.609375 0.990234375 0.62890625 1 0.71875 1 0.734375 0.966796875 0.640625 0.923828125
0 0.943359375 0.357421875 1 0.345703125 1 0.28515625 0.931640625 0.298828125
0 0.986328125 0.634765625 0.9921875 0.671875 1 0.669921875 1 0.630859375
0 0.982421875 0.3671875 0.923828125 0.376953125 0.962890625 0.572265625 1 0.564453125 1 0.45703125
0 0.91015625 0.302734375 1 0.28515625 1 0.15625 0.978515625 0.044921875 1 0.041015625 0.9921875 0 0.849609375 0
0 0.296875 0.998046875 0.12224442829457363 0.9212845203488372 0 0.87109375 0 0.998046875
0 0.6015625 0.021484375 0.6015625 0 0.494140625 0 0.494140625 0.021484375