0 0.34940378289473684 0.48581414473684204 0.40213815789473684 0.48581414473684204 0.40213815789473684 0.567845394736842 0.34940378289473684 0.567845394736842
0 0.546875 0.734375 0.6328125 0.712890625 0.654296875 0.765625 0.5703125 0.787109375
0 0.59765625 0.87109375 0.728515625 0.830078125 0.7421875 0.869140625 0.609375 0.91015625
0 0.53125 0.61328125 0.611328125 0.591796875 0.630859375 0.640625 0.55078125 0.66015625
0 0.625 0.9609375 0.82421875 0.90234375 0.837890625 0.9375 0.638671875 0.99609375
0 0.50390625 0.365234375 0.580078125 0.34375 0.6015625 0.396484375 0.5234375 0.419921875
0 0.515625 0.46484375 0.611328125 0.46484375 0.611328125 0.5390625 0.515625 0.5390625
0 0.744140625 0.82421875 0.880859375 0.77734375 0.892578125 0.81640625 0.7578125 0.865234375
0 0.359375 0.68359375 0.4296875 0.66796875 0.458984375 0.79296875 0.38671875 0.8125
0 0.359375 0.8828125 0.458984375 0.849609375 0.478515625 0.904296875 0.37890625 0.9375
0 0.5447162828947368 0.11369243421052631 0.5818256578947368 0.10392680921052631 0.5974506578947368 0.16447368421052633 0.5603412828947368 0.17228618421052633
0 0.59375 0.326171875 0.7421875 0.279296875 0.75390625 0.318359375 0.60546875 0.365234375
0 0.142578125 0.73828125 0.197265625 0.62890625 0.24609375 0.650390625 0.189453125 0.759765625
0 0.015625 0.193359375 0.1796875 0.193359375 0.1796875 0.248046875 0.015625 0.248046875
0 0.828125 0.869140625 0.861328125 0.857421875 0.88671875 0.92578125 0.853515625 0.9375
0 0.2578125 0.966796875 0.38671875 0.943359375 0.40625 0.9765625 0.275390625 1
0 0.087890625 0.935546875 0.201171875 0.900390625 0.21875 0.943359375 0.103515625 0.978515625
0 0.115234375 0.58984375 0.115234375 0.552734375 0.1796875 0.552734375 0.1796875 0.58984375
0 0.216796875 0.3984375 0.3125 0.3984375 0.3125 0.455078125 0.216796875 0.455078125
0 0.861328125 0.609375 0.94921875 0.572265625 0.974609375 0.666015625 0.88671875 0.701171875
0 0.408203125 1 0.408203125 0.958984375 0.517578125 0.958984375 0.517578125 1
0 0.86328125 0.529296875 0.953125 0.4609375 1 0.490234375 0.908203125 0.556640625
0 0.087890625 0.0390625 0.19140625 0.0390625 0.19140625 0.083984375 0.087890625 0.083984375
0 0.00390625 0.09765625 0.169921875 0.09765625 0.169921875 0.1484375 0.00390625 0.1484375
0 0.001953125 0.759765625 0.0234375 0.712890625 0.12890625 0.765625 0.10546875 0.814453125
0 0.744140625 0.359375 0.775390625 0.349609375 0.796875 0.41015625 0.765625 0.421875
0 0.611328125 0.427734375 0.744140625 0.384765625 0.7578125 0.423828125 0.623046875 0.46875
0 0.646484375 0.740234375 0.837890625 0.67578125 0.8515625 0.71484375 0.658203125 0.779296875
0 0.888671875 0.88671875 0.98828125 0.841796875 1 0.88671875 0.8984375 0.9296875
0 0.888671875 0.771484375 0.986328125 0.736328125 1 0.775390625 0.90234375 0.814453125
0 0.83203125 0.453125 0.982421875 0.38671875 0.998046875 0.43359375 0.849609375 0.498046875
0 0.625 0.529296875 0.8046875 0.466796875 0.81640625 0.50390625 0.63671875 0.56640625
0 0.638671875 0.634765625 0.83203125 0.5703125 0.84375 0.609375 0.65234375 0.67578125
0 0.21875 0.095703125 0.369140625 0.095703125 0.369140625 0.150390625 0.21875 0.150390625
0 0.21875 0.197265625 0.3671875 0.197265625 0.3671875 0.25390625 0.21875 0.25390625
0 0.796875 0.357421875 0.984375 0.27734375 1 0.328125 0.814453125 0.408203125
0 0.21484375 0.359375 0.21484375 0.3046875 0.3671875 0.3046875 0.3671875 0.359375
0 0.013671875 0.3671875 0.013671875 0.3125 0.103515625 0.3125 0.103515625 0.3671875
0 0.767578125 0.259765625 0.96484375 0.173828125 0.984375 0.21875 0.78515625 0.306640625
0 0.01994243421052634 0.4681332236842105 0.1011513157894737 0.4557976973684211 0.10834703947368424 0.32010690789473684 0.1796875 0.318359375 0.1796875 0.50390625 0.02734375 0.50390625
0 0.216796875 0.5078125 0.302734375 0.501953125 0.310546875 0.556640625 0.224609375 0.5625
0 0.197265625 0.787109375 0.3203125 0.748046875 0.341796875 0.80078125 0.21484375 0.837890625
0 0.24609375 0.615234375 0.380859375 0.591796875 0.390625 0.638671875 0.2578125 0.662109375
0 0.23005756578947367 0.8731496710526315 0.34066611842105265 0.8433388157894736 0.34683388157894735 0.9039884868421051 0.2574013157894737 0.9219777960526315
0 0.203125 0.001953125 0.375 0.001953125 0.375 0.060546875 0.203125 0.060546875
0 0.0014391447368421323 0.4136513157894737 0.026110197368421087 0.3828125 0.00041118421052634135 0.3540296052631579
0 0.0538651315789474 0.5185032894736842 0.0024671052631579232 0.5030838815789473 0.004523026315789505 0.5966282894736842
0 0.048725328947368446 0.9687499999999999 0 0.9448302930622008 0 0.998046875
0 0.9009046052631579 0.9851973684210525 0.998046875 0.9479939459686448 0.998046875 0.998046875 0.9111842105263158 0.998046875
0 0.24609375 0.998046875 0.24609375 0.97265625 0.12890625 0.974609375 0.12890625 1 0.24609375 0.998046875