0 0.20703125 0.146484375 0.22265625 0.109375 0.1796875 0.09375 0.146484375 0.1796875 0.310546875 0.244140625 0.359375 0.1171875 0.302734375 0.095703125 0.2734375 0.171875 0.220703125 0.15234375
0 0.25 0.07421875 0.220703125 0.15234375 0.2734375 0.171875 0.302734375 0.095703125
0 0.05078125 0.1484375 0.046875 0.0859375 0.064453125 0.083984375 0.0625 0.044921875 0.044921875 0.044921875 0.044921875 0.02734375 0 0.029296875 0 0.150390625
0 0.130859375 0.6015625 0.18359375 0.62109375 0.21484375 0.54296875 0.162109375 0.521484375
0 0.65234375 0.359375 0.84765625 0.353515625 0.845703125 0.314453125 0.650390625 0.318359375
0 0.486328125 0.373046875 0.625 0.375 0.625 0.318359375 0.486328125 0.31640625
0 0.671875 0.498046875 0.84375 0.49609375 0.84375 0.44921875 0.671875 0.44921875
0 0.447265625 0.494140625 0.625 0.494140625 0.625 0.451171875 0.447265625 0.451171875
0 0.642578125 0.13671875 0.849609375 0.1328125 0.84765625 0.091796875 0.640625 0.09375
0 0.658203125 0.2421875 0.84765625 0.244140625 0.84765625 0.205078125 0.658203125 0.203125
0 0.5625 0.244140625 0.626953125 0.244140625 0.626953125 0.1875 0.560546875 0.1875
0 0.384765625 0.662109375 0.3828125 0.708984375 0.42578125 0.708984375 0.42578125 0.724609375 0.3828125 0.724609375 0.3828125 0.771484375 0.46484375 0.771484375 0.466796875 0.7109375 0.564453125 0.7109375 0.564453125 0.736328125 0.52734375 0.734375 0.525390625 0.775390625 0.591796875 0.77734375 0.591796875 0.7109375 0.61328125 0.7109375 0.61328125 0.666015625
0 0.31640625 0.919921875 0.31640625 0.966796875 0.384765625 0.966796875 0.384765625 0.984375 0.33984375 0.984375 0.33984375 1 0.4375 1 0.4375 0.982421875 0.419921875 0.982421875 0.419921875 0.966796875 0.45703125 0.966796875 0.45703125 0.921875
0 0.826171875 0.69921875 0.82421875 0.658203125 0.658203125 0.6640625 0.66015625 0.705078125 0.6796875 0.703125 0.681640625 0.77734375 0.7265625 0.775390625 0.72265625 0.703125 0.767578125 0.701171875 0.76953125 0.7734375 0.8203125 0.771484375 0.818359375 0.69921875
0 0.703125 0.822265625 0.705078125 0.837890625 0.611328125 0.841796875 0.609375 0.82421875 0.5078125 0.830078125 0.51171875 0.9140625 0.615234375 0.91015625 0.61328125 0.896484375 0.70703125 0.890625 0.70703125 0.87890625 0.828125 0.873046875 0.826171875 0.81640625
0 0.037109375 0.9765625 0.076171875 0.9765625 0.078125 0.904296875 0.037109375 0.904296875
0 0.78125 0.9765625 0.72265625 1 0.791015625 1
0 0.810546875 0.947265625 0.775390625 0.962890625 0.7890625 1 0.830078125 1 0.822265625 0.974609375
0 0.794921875 0.91015625 0.759765625 0.923828125 0.775390625 0.962890625 0.810546875 0.947265625
0 0.857421875 0.9609375 0.841796875 0.923828125 0.849609375 0.919921875 0.837890625 0.892578125 0.794921875 0.91015625 0.822265625 0.974609375
0 0.71484375 0.9453125 0.677734375 0.958984375 0.693359375 1 0.72265625 1 0.734375 0.99609375
0 0.92578125 0.158203125 0.986328125 0.158203125 0.986328125 0.08984375 1 0.08984375 1 0.037109375 0.92578125 0.037109375
0 0.92578125 0.037109375 1 0.037109375 1 0 0.92578125 0
0 0.58984375 0.056640625 0.603515625 0.060546875 0.61328125 0.037109375 0.599609375 0.03125
0 0.908203125 0.341796875 0.96875 0.341796875 0.96875 0.23828125 0.908203125 0.23828125
0 0.765625 0.53125 0.794921875 0.53125 0.794921875 0.517578125 0.765625 0.517578125
0 0.904296875 0.560546875 0.904296875 0.6015625 0.92578125 0.576171875
0 0.92578125 0.576171875 0.904296875 0.6015625 0.92578125 0.619140625 0.947265625 0.595703125
0 0.97265625 0.62890625 0.982421875 0.63671875 0.986328125 0.630859375 0.9765625 0.62109375
0 0.9375 0.568359375 0.958984375 0.54296875 0.94140625 0.52734375 0.919921875 0.552734375
0 0.90625 0.498046875 0.896484375 0.533203125 0.919921875 0.5078125
0 0.919921875 0.5078125 0.896484375 0.533203125 0.919921875 0.552734375 0.94140625 0.52734375
0 0.982421875 0.60546875 1 0.6171875 1 0.58203125
0 0.947265625 0.595703125 0.92578125 0.619140625 0.95703125 0.646484375 0.9765625 0.62109375
0 0.916015625 0.376953125 0.892578125 0.404296875 0.91796875 0.42578125 0.94140625 0.3984375
0 0.9921875 0.44140625 0.94140625 0.3984375 0.91796875 0.42578125 0.970703125 0.46875 0.984375 0.451171875
0 0.916015625 0.376953125 0.8828125 0.3828125 0.8828125 0.396484375 0.892578125 0.404296875
0 1 0.517578125 1 0.505859375 0.97265625 0.484375 0.94921875 0.513671875 0.982421875 0.541015625
0 0.91796875 0.44140625 0.896484375 0.470703125 0.916015625 0.486328125 0.939453125 0.458984375
0 0.982421875 0.541015625 1 0.5546875 1 0.517578125
0 0.939453125 0.458984375 0.916015625 0.486328125 0.94921875 0.513671875 0.97265625 0.484375
0 0.896484375 0.42578125 0.8828125 0.458984375 0.896484375 0.470703125 0.91796875 0.44140625
0 0.9921875 0.44140625 0.970703125 0.46875 1 0.490234375 1 0.447265625
0 0.990234375 0.376953125 0.96875 0.40625 1 0.4296875 1 0.3828125
0 0.990234375 0.376953125 0.9453125 0.38671875 0.96875 0.40625
0 0.978515625 0.6484375 1 0.689453125 1 0.63671875
0 1 0.712890625 1 0.705078125 0.986328125 0.6640625 0.947265625 0.67578125 0.962890625 0.724609375 0.98828125 0.716796875
0 0.98828125 0.716796875 0.962890625 0.724609375 0.953125 0.728515625 0.96875 0.771484375 1 0.759765625 1 0.748046875
0 0.97265625 0.78125 0.923828125 0.798828125 0.935546875 0.83203125 0.927734375 0.8359375 0.939453125 0.869140625 0.9765625 0.857421875 0.96875 0.837890625 1 0.826171875 1 0.810546875 0.984375 0.81640625 0.982421875 0.810546875
0 0.96875 0.771484375 0.982421875 0.810546875 1 0.802734375 1 0.759765625
0 0.9375 0.92578125 0.923828125 0.931640625 0.9375 0.962890625 0.951171875 0.95703125
0 0.923828125 0.931640625 0.896484375 0.943359375 0.91015625 0.974609375 0.9375 0.962890625
0 0.931640625 0.927734375 0.91796875 0.8984375 0.892578125 0.91015625 0.90625 0.939453125 0.923828125 0.931640625
0 0.953125 0.962890625 0.951171875 0.958984375 0.94140625 0.962890625 0.955078125 0.99609375 0.984375 0.984375 0.970703125 0.955078125
0 0.947265625 0.8671875 0.912109375 0.8828125 0.931640625 0.927734375 0.966796875 0.912109375
0 0.94140625 0.962890625 0.91015625 0.974609375 0.919921875 1 0.955078125 1
0 0.982421875 0.94921875 0.966796875 0.912109375 0.9375 0.92578125 0.953125 0.962890625 0.970703125 0.955078125
0 0.912109375 0.8828125 0.892578125 0.890625 0.892578125 0.91015625 0.91796875 0.8984375
0 0.30859375 0.771484375 0.322265625 0.771484375 0.3203125 0.74609375 0.193359375 0.75 0.193359375 0.787109375 0.30859375 0.78515625
0 0.328125 0.708984375 0.33984375 0.6796875 0.263671875 0.6484375 0.25 0.67578125 0.3203125 0.705078125
0 0.2578125 0.66015625 0.228515625 0.646484375 0.193359375 0.728515625 0.22265625 0.7421875 0.25 0.67578125
0 0.27734375 0.6875 0.27734375 0.74609375 0.3203125 0.74609375 0.3203125 0.705078125
0 0.228515625 0.53515625 0.29296875 0.353515625 0.2421875 0.3359375 0.177734375 0.515625 0.228515625 0.53515625
0 0.390625 0.06640625 0.392578125 0 0.310546875 0 0.310546875 0.06640625 0.390625 0.06640625
0 0.83203125 0.021484375 0.83203125 0 0.658203125 0 0.658203125 0.01953125 0.83203125 0.021484375