0 0.736328125 0.234375 1 0.267578125 1 0.203125 0.744140625 0.169921875
0 0.826171875 0.001953125 0.8203125 0.056640625 0.84765625 0.060546875 0.845703125 0.07421875 0.888671875 0.080078125 0.890625 0.06640625 0.931640625 0.072265625 0.9296875 0.0859375 0.96875 0.091796875 0.970703125 0.076171875 0.994140625 0.080078125 0.9921875 0.09375 1 0.09375 1 0.0234375
0 0.7578125 0.033203125 0.70703125 0.02734375 0.703125 0.05859375 0.79296875 0.0703125 0.80078125 0 0.76171875 0
0 0.326171875 0.07421875 0.37890625 0.080078125 0.38671875 0 0.333984375 0
0 0.955078125 0.513671875 1 0.51953125 1 0.4609375 0.962890625 0.45703125
0 0.064453125 0.4375 0.07421875 0.359375 0 0.349609375 0 0.427734375
0 0.236328125 0.44921875 0.39453125 0.46875 0.404296875 0.40234375 0.24609375 0.380859375
0 0.45703125 0.408203125 0.44921875 0.470703125 0.55078125 0.484375 0.560546875 0.421875
0 0.560546875 0.421875 0.55078125 0.484375 0.724609375 0.5078125 0.732421875 0.4453125
0 0.029296875 0.697265625 0.0390625 0.625 0 0.619140625 0 0.693359375
0 0.544921875 0.73828125 0.63671875 0.75 0.650390625 0.646484375 0.556640625 0.634765625
0 0.177734375 0.982421875 0.302734375 1 0.33203125 1 0.341796875 0.94140625 0.185546875 0.919921875
0 0.375 0.603515625 0.537109375 0.625 0.544921875 0.55078125 0.384765625 0.53125
0 0.0234375 0.828125 0.181640625 0.84765625 0.189453125 0.78515625 0.033203125 0.765625
0 0.052734375 0.564453125 0.208984375 0.5859375 0.21875 0.513671875 0.060546875 0.494140625
0 0.341796875 0.865234375 0.49609375 0.884765625 0.50390625 0.82421875 0.349609375 0.8046875
0 0.755859375 0.62890625 0.748046875 0.693359375 1 0.724609375 1 0.658203125
0 0.404296875 0.1015625 0.40234375 0.115234375 0.373046875 0.11328125 0.365234375 0.17578125 0.693359375 0.21875 0.703125 0.138671875 0.638671875 0.12890625 0.63671875 0.146484375 0.583984375 0.140625 0.5859375 0.123046875 0.52734375 0.115234375 0.525390625 0.1328125 0.47265625 0.125 0.474609375 0.109375
0 0.291015625 0.19140625 0.30078125 0.109375 0 0.068359375 0 0.15234375
0 0.724609375 0.859375 0.962890625 0.890625 0.970703125 0.826171875 0.734375 0.794921875
0 0.9140625 0.96875 0.908203125 1 1 1 1 0.978515625
0 0.865234375 0.96484375 0.859375 1 0.91015625 1 0.9140625 0.970703125
0 0.568359375 0.81640625 0.546875 0.978515625 0.42578125 0.962890625 0.4296875 0.939453125 0.37890625 0.931640625 0.369140625 1 0.61328125 1 0.63671875 0.82421875
0 0.845703125 0.443359375 0.833984375 0.537109375 0.865234375 0.541015625 0.87890625 0.447265625
0 0.87890625 0.447265625 0.87109375 0.5 0.951171875 0.51171875 0.95703125 0.45703125
0 0.87109375 0.5 0.85546875 0.6171875 0.916015625 0.625 0.931640625 0.509765625
0 0.875 0.427734375 0.947265625 0.4375 0.951171875 0.40234375 0.880859375 0.392578125
0 0.998046875 0.595703125 1 0.546875 0.927734375 0.5390625 0.921875 0.587890625 0.998046875 0.595703125