0 0.662109375 0.58203125 0.666015625 0.638671875 1 0.6171875 1 0.560546875
0 0.67578125 0.740234375 0.6796875 0.794921875 1 0.775390625 1 0.71875
0 0.96875 0.07421875 0.921875 0.078125 0.92578125 0.16015625 0.810546875 0.166015625 0.8125 0.22265625 0.9765625 0.212890625
0 0.775390625 0.912109375 1 0.896484375 1 0.845703125 0.771484375 0.861328125
0 0.8984375 0 0.822265625 0 0.783203125 0.04296875 0.8203125 0.080078125 0.853515625 0.046875
0 0.71875 0.240234375 0.716796875 0.189453125 0.677734375 0.15234375 0.662109375 0.169921875 0.666015625 0.2421875 0.6875 0.2421875
0 0.783203125 0.04296875 0.677734375 0.15234375 0.716796875 0.189453125 0.8203125 0.080078125
0 0.37109375 0.95703125 0.5859375 0.94921875 0.58203125 0.880859375 0.369140625 0.890625
0 0.361328125 0.861328125 0.083984375 0.873046875 0.0859375 0.927734375 0.365234375 0.91796875
0 0.078125 0.841796875 0.177734375 0.837890625 0.171875 0.67578125 0.072265625 0.6796875
0 0.638671875 0.728515625 0.6328125 0.5859375 0.607421875 0.5859375 0.607421875 0.599609375 0.58984375 0.6015625 0.595703125 0.73046875 0.611328125 0.73046875
0 0.271484375 0.47265625 0.328125 0.47265625 0.328125 0.412109375 0.271484375 0.412109375
0 0.578125 0.51171875 0.529296875 0.513671875 0.529296875 0.533203125 0.41796875 0.5390625 0.419921875 0.583984375 0.580078125 0.578125
0 0.169921875 0.52734375 0.173828125 0.59375 0.3359375 0.587890625 0.333984375 0.541015625 0.21484375 0.546875 0.212890625 0.525390625
0 0.169921875 0.52734375 0.1171875 0.529296875 0.06640625 0.5703125 0.068359375 0.609375 0.173828125 0.60546875
0 0.41796875 0.515625 0.33203125 0.51953125 0.3359375 0.587890625 0.419921875 0.583984375
0 0.177734375 1 0.361328125 1 0.361328125 0.986328125 0.177734375 0.994140625
0 0.568359375 1 0.64453125 1 0.64453125 0.96875 0.568359375 0.97265625
0 0.7578125 0.55078125 0.91015625 0.541015625 0.904296875 0.46875 0.751953125 0.478515625
0 0.98046875 0.509765625 1 0.5078125 1 0.453125 0.9765625 0.455078125
0 0.9765625 0.455078125 0.904296875 0.458984375 0.91015625 0.541015625 0.982421875 0.537109375
0 0.72265625 0.56640625 0.70703125 0.326171875 0.65625 0.330078125 0.671875 0.568359375
0 0.767578125 0.43359375 1 0.41796875 1 0.32421875 0.76171875 0.33984375
0 0.701171875 0.314453125 1 0.294921875 1 0.255859375 0.69921875 0.275390625
0 0.505859375 0.259765625 0.33203125 0.380859375 0.37109375 0.435546875 0.544921875 0.314453125
0 0.576171875 0.2109375 0.505859375 0.259765625 0.544921875 0.314453125 0.615234375 0.265625
0 0 0.712890625 0 0.90234375 0.009765625 0.90234375 0.00390625 0.712890625
0 0.771484375 0.8671875 0.76953125 0.828125 0.66015625 0.830078125 0.662109375 0.869140625 0.771484375 0.8671875
0 1 0.998046875 1 0.97265625 0.73046875 0.97265625 0.73046875 1 1 0.998046875