0 0.728515625 0.05078125 0.755859375 0 0.63671875 0
0 0.435546875 0.2890625 0.556640625 0.357421875 0.6171875 0.25 0.49609375 0.181640625
0 0.75390625 0.193359375 0.888671875 0.267578125 0.91796875 0.21484375 0.783203125 0.138671875
0 0.611328125 0.462890625 0.75 0.541015625 0.78515625 0.478515625 0.64453125 0.400390625
0 0.224609375 0.62109375 0.341796875 0.685546875 0.41796875 0.548828125 0.302734375 0.484375
0 0.556640625 0.587890625 0.673828125 0.654296875 0.705078125 0.599609375 0.587890625 0.533203125
0 0.587890625 0.533203125 0.53125 0.5 0.466796875 0.61328125 0.5234375 0.646484375 0.556640625 0.587890625
0 0.466796875 0.61328125 0.42578125 0.689453125 0.439453125 0.70703125 0.455078125 0.72265625 0.47265625 0.736328125 0.490234375 0.75 0.509765625 0.76171875 0.529296875 0.76953125 0.55078125 0.77734375 0.572265625 0.783203125 0.595703125 0.78515625 0.638671875 0.7109375
0 0.974609375 0.42578125 0.9375 0.48828125 1 0.5234375 1 0.439453125 0.978515625 0.427734375
0 0.814453125 0.73046875 0.8515625 0.751953125 0.91796875 0.6328125 0.880859375 0.611328125
0 0.8671875 0.82421875 1 0.900390625 1 0.84375 0.890625 0.783203125
0 0.90625 0.568359375 0.880859375 0.611328125 1 0.677734375 1 0.619140625
0 0.814453125 0.083984375 0.84765625 0.103515625 0.896484375 0.017578125 0.86328125 0
0 0.67578125 0.359375 0.708984375 0.376953125 0.7421875 0.3203125 0.708984375 0.30078125
0 0.185546875 0.154296875 0.169921875 0.2421875 0.013671875 0.517578125 0.07421875 0.580078125 0.126953125 0.5546875 0.224609375 0.62109375 0.302734375 0.484375 0.41796875 0.548828125 0.556640625 0.357421875 0.435546875 0.2890625 0.49609375 0.181640625 0.6171875 0.25 0.728515625 0.05078125 0.63671875 0 0.2734375 0
0 0.0859375 0.962890625 0.150390625 1 0.263671875 1 0.11328125 0.916015625
0 0.662109375 0.93359375 0.740234375 0.978515625 0.80859375 0.859375 0.73046875 0.81640625
0 0.662109375 0.93359375 0.654296875 0.951171875 0.669921875 0.99609375 0.67578125 1 0.767578125 1 0.771484375 0.99609375 0.740234375 0.978515625
0 0.8359375 0.958984375 0.85546875 0.970703125 0.8671875 0.947265625 0.900390625 0.966796875 0.89453125 0.978515625 0.931640625 1 1 1 1 0.990234375 0.861328125 0.912109375
0 0.8671875 0.947265625 0.85546875 0.970703125 0.8359375 0.958984375 0.8125 1 0.931640625 1 0.89453125 0.978515625 0.900390625 0.966796875
0 0.875 0.888671875 0.861328125 0.912109375 1 0.990234375 1 0.958984375