0 0.69140625 0.01171875 0.73828125 0.0078125 0.736328125 0 0.689453125 0
0 0.89453125 0.013671875 0.935546875 0.017578125 0.9375 0 0.89453125 0
0 0.953125 0.0234375 0.927734375 0.0390625 0.94921875 0.068359375 0.97265625 0.052734375
0 0.986328125 0.04296875 0.96484375 0.01171875 0.951171875 0.021484375 0.97265625 0.052734375
0 0.966796875 0.09375 0.998046875 0.072265625 0.986328125 0.052734375 0.953125 0.076171875
0 0.94140625 0.10546875 0.958984375 0.091796875 0.935546875 0.060546875 0.91796875 0.072265625
0 0.8515625 0.033203125 0.810546875 0.03125 0.80859375 0.06640625 0.8515625 0.068359375 0.8515625 0.0625
0 0.8515625 0.037109375 0.8515625 0.0625 0.87890625 0.0625 0.87890625 0.0390625
0 0.85546875 0.0625 0.853515625 0.095703125 0.87890625 0.095703125 0.880859375 0.0625 0.87890625 0.0625
0 0.853515625 0.119140625 0.876953125 0.119140625 0.876953125 0.095703125 0.853515625 0.095703125
0 0.775390625 0.05859375 0.806640625 0.05859375 0.806640625 0.0234375 0.775390625 0.021484375
0 0.685546875 0.09765625 0.724609375 0.09375 0.720703125 0.052734375 0.681640625 0.056640625
0 0.767578125 0.10546875 0.8046875 0.10546875 0.8046875 0.0703125 0.767578125 0.0703125
0 0.673828125 0.029296875 0.671875 0 0.615234375 0 0.615234375 0.029296875 0.673828125 0.029296875
0 1 0.236328125 1 0.130859375 0.951171875 0.130859375 0.951171875 0.236328125 1 0.236328125