0 0.59375 0.0859375 0.537109375 0.2265625 0.662109375 0.27734375 0.720703125 0.13671875 0.611328125 0.09375
0 0.40625 0.591796875 0.380859375 0.658203125 0.5 0.705078125 0.52734375 0.638671875 0.439453125 0.603515625
0 0.31640625 0.326171875 0.25 0.298828125 0.205078125 0.40234375 0.26953125 0.4296875
0 0.21484375 0.40625 0.150390625 0.552734375 0.275390625 0.607421875 0.33984375 0.4609375
0 0.259765625 0.1875 0.4921875 0.2734375 0.515625 0.2109375 0.283203125 0.125
0 0.5859375 0.435546875 0.60546875 0.380859375 0.5078125 0.345703125 0.48828125 0.400390625
0 0.4765625 0.396484375 0.451171875 0.46484375 0.56640625 0.5078125 0.591796875 0.439453125 0.48828125 0.400390625
0 0.314453125 0.025390625 0.54296875 0.107421875 0.568359375 0.041015625 0.453125 0 0.322265625 0
0 0.08984375 0 0 0 0 0.037109375 0.232421875 0.125 0.255859375 0.0625
0 0.07421875 0.4921875 0.115234375 0.40234375 0.07421875 0.3828125 0.056640625 0.421875 0 0.39453125 0 0.45703125
0 0.48046875 0.4765625 0.439453125 0.603515625 0.52734375 0.638671875 0.56640625 0.5078125
0 0.611328125 0.09375 0.720703125 0.13671875 0.767578125 0 0.642578125 0
0 0.904296875 0.388671875 1 0.11328125 1 0.05078125 0.962890625 0.0390625 0.828125 0.42578125 0.919921875 0.458984375 0.939453125 0.40234375
0 0.755859375 0.560546875 0.802734375 0.576171875 0.837890625 0.48046875 0.7890625 0.46484375
0 0.697265625 0.76953125 0.6796875 0.822265625 0.87890625 0.890625 0.896484375 0.83984375 0.744140625 0.787109375
0 0.80859375 0.595703125 0.76171875 0.580078125 0.697265625 0.76953125 0.744140625 0.787109375 0.7734375 0.69921875
0 0.93359375 0.796875 0.947265625 0.76171875 0.80078125 0.712890625 0.7890625 0.748046875
0 0.802734375 0.708984375 0.7734375 0.69921875 0.759765625 0.73828125 0.7890625 0.748046875 0.80078125 0.712890625
0 0.806640625 0.650390625 0.958984375 0.703125 0.97265625 0.6640625 0.8203125 0.611328125
0 0.84375 0.5546875 0.986328125 0.6015625 0.998046875 0.56640625 0.85546875 0.517578125
0 0.3046875 0.908203125 0.390625 0.951171875 0.365234375 1 0.416015625 1 0.44140625 0.951171875 0.42578125 0.90625 0.330078125 0.859375 0.30859375 0.900390625
0 0.197265625 0.76171875 0.048828125 0.689453125 0.03125 0.7265625 0.177734375 0.80078125 0.18359375 0.787109375
0 0.18359375 0.787109375 0.1640625 0.830078125 0.30859375 0.900390625 0.330078125 0.859375
0 0.2421875 1 0.27734375 1 0.29296875 0.96875 0 0.822265625 0 0.87890625
0 0.1640625 0.2890625 0.216796875 0.171875 0.171875 0.15234375 0.119140625 0.267578125 0.1640625 0.2890625
0 0.994140625 0.931640625 1 0.896484375 0.91796875 0.8671875 0.90625 0.90234375 0.994140625 0.931640625