0 0.990234375 0.400390625 0.966796875 0.447265625 0.986328125 0.45703125 1 0.4296875 1 0.404296875
0 0.84375 0.408203125 0.845703125 0.390625 0.79296875 0.38671875 0.791015625 0.404296875
0 0.548828125 0.5390625 0.521484375 0.59375 0.546875 0.607421875 0.576171875 0.552734375
0 0.515625 0.521484375 0.490234375 0.578125 0.51171875 0.58984375 0.515625 0.58203125 0.5390625 0.533203125
0 0.48828125 0.50390625 0.462890625 0.55859375 0.48828125 0.5703125 0.513671875 0.515625
0 0.4453125 0.484375 0.419921875 0.54296875 0.451171875 0.556640625 0.4765625 0.5
0 0.390625 0.5625 0.341796875 0.65625 0.359375 0.666015625 0.408203125 0.572265625
0 0.439453125 0.587890625 0.396484375 0.681640625 0.419921875 0.693359375 0.462890625 0.59765625
0 0.521484375 0.619140625 0.478515625 0.705078125 0.5 0.71484375 0.54296875 0.630859375
0 0.474609375 0.603515625 0.43359375 0.697265625 0.45703125 0.708984375 0.5 0.615234375
0 0.537109375 0.763671875 0.59375 0.654296875 0.55859375 0.634765625 0.501953125 0.74609375
0 0.747547238372093 0.998046875 0.7240794573643411 0.9780614098837209 0.6741157945736435 0.961406855620155 0.650390625 1