0 0.986328125 0.392578125 0.744140625 0.54296875 0.76171875 0.572265625 0.779296875 0.5625 0.798828125 0.59375 1 0.466796875 1 0.4140625
0 0.58984375 0.505859375 0.666015625 0.4609375 0.625 0.390625 0.546875 0.4375
0 0.00390625 0.181640625 0.01953125 0.1171875 0 0.111328125 0 0.1796875
0 0.0546875 0.099609375 0.068359375 0.021484375 0.005859375 0.01171875 0 0.08984375 0.0546875 0.099609375
0 0.134765625 0.525390625 0.1484375 0.4921875 0.078125 0.46484375 0.064453125 0.5 0.134765625 0.525390625
0 0.03125 0.513671875 0.046875 0.470703125 0.013671875 0.4609375 0 0.50390625 0.03125 0.513671875
0 0.4453125 0.115234375 0.42578125 0.087890625 0.3828125 0.1171875 0.404296875 0.146484375 0.4453125 0.115234375
0 0.251953125 0.609375 0.287109375 0.51171875 0.25 0.5 0.216796875 0.595703125 0.251953125 0.609375
0 0.84375 0.755859375 0.76171875 0.62890625 0.705078125 0.666015625 0.78515625 0.79296875 0.84375 0.755859375
0 0.666015625 0.837890625 0.640625 0.79296875 0.556640625 0.841796875 0.58203125 0.884765625 0.666015625 0.837890625
0 0.62890625 0.955078125 0.595703125 0.91015625 0.568359375 0.931640625 0.603515625 0.974609375 0.62890625 0.955078125
0 0.208984375 0.328125 0.23046875 0.283203125 0.16796875 0.25390625 0.146484375 0.298828125 0.208984375 0.328125