0 0.962890625 0.3671875 1 0.359375 1 0.029296875 0.90234375 0.048828125
0 0.71484375 0.53125 0.6875 0.392578125 0.546875 0.419921875 0.62109375 0.806640625 0.7890625 0.7734375 0.77734375 0.712890625 0.6953125 0.728515625 0.658203125 0.54296875
0 0.958984375 0.599609375 0.880859375 0.615234375 0.896484375 0.689453125 0.77734375 0.712890625 0.791015625 0.783203125 0.857421875 0.76953125 0.87109375 0.833984375 1 0.80859375 0.98828125 0.744140625
0 0.6171875 0.2890625 0.6171875 0.291015625 0.619140625 0.29296875 0.62109375 0.29296875 0.623046875 0.294921875 0.625 0.294921875 0.626953125 0.294921875 0.62890625 0.294921875 0.630859375 0.294921875 0.6328125 0.29296875 0.634765625 0.29296875 0.634765625 0.291015625 0.63671875 0.2890625 0.638671875 0.2890625 0.638671875 0.287109375 0.638671875 0.28515625 0.638671875 0.283203125 0.638671875 0.28125 0.62890625 0.23046875 0.50390625 0.25390625 0.509765625 0.291015625 0.509765625 0.29296875 0.509765625 0.296875 0.509765625 0.298828125 0.509765625 0.30078125 0.509765625 0.302734375 0.51171875 0.3046875 0.513671875 0.306640625 0.513671875 0.30859375 0.517578125 0.310546875 0.51953125 0.310546875 0.521484375 0.3125 0.5234375 0.3125 0.525390625 0.3125 0.529296875 0.310546875 0.53125 0.310546875 0.533203125 0.30859375 0.53515625 0.306640625 0.53515625 0.3046875 0.537109375 0.302734375 0.615234375 0.287109375
0 0.107421875 0.1328125 0.337890625 0.087890625 0.3203125 0 0.080078125 0
0 0.111328125 0.66015625 0.177734375 0.646484375 0.1640625 0.578125 0.09765625 0.58984375
0 0.25 0.65234375 0.2578125 0.689453125 0.45703125 0.650390625 0.44921875 0.61328125
0 0.361328125 0.158203125 0 0.228515625 0 0.607421875 0.1640625 0.578125 0.181640625 0.666015625 0.44921875 0.61328125 0.4296875 0.509765625
0 0.734375 0.296875 0.87890625 0.267578125 0.837890625 0.060546875 0.693359375 0.08984375
0 0.052734375 0.158203125 0.0546875 0 0 0 0 0.158203125 0.052734375 0.158203125
0 0.65625 0.072265625 0.65234375 0.04296875 0.609375 0.048828125 0.61328125 0.078125 0.65625 0.072265625