0 0.36328125 0 0.2421875 0 0.2421875 0.44140625 0.36328125 0.44140625
0 0.650390625 0.27734375 0.650390625 0.25390625 0.67578125 0.25390625 0.67578125 0.185546875 0.650390625 0.185546875 0.650390625 0 0.36328125 0 0.36328125 0.27734375
0 0.7734375 0.380859375 0.994140625 0.380859375 0.994140625 0.294921875 1 0.294921875 1 0 0.7734375 0
0 0.818359375 0.935546875 0.818359375 1 1 1 1 0.935546875
0 0.693359375 0.67578125 0.763671875 0.67578125 0.763671875 0.62890625 0.693359375 0.62890625
0 0.4140625 0.7578125 0.6328125 0.7578125 0.6328125 0.693359375 0.4140625 0.693359375
0 0.546875 0.80859375 0.546875 0.84375 0.578125 0.84375 0.578125 0.875 0.625 0.875 0.625 0.80859375
0 0.55078125 0.462890625 0.701171875 0.462890625 0.701171875 0.396484375 0.55078125 0.396484375
0 0.703125 0.115234375 0.703125 0.244140625 0.724609375 0.244140625 0.724609375 0.115234375
0 0.033203125 0.060546875 0.087890625 0.060546875 0.087890625 0.0390625 0.033203125 0.0390625
0 0.05078125 0.318359375 0.052734375 0.140625 0 0.140625 0 0.318359375 0.05078125 0.318359375
0 0.462890625 0.5 0.4609375 0.4609375 0.3984375 0.462890625 0.400390625 0.501953125 0.462890625 0.5
0 0.08984375 1 0.08984375 0.97265625 0.009765625 0.97265625 0.009765625 1 0.08984375 1
0 0.078125 0.640625 0.076171875 0.609375 0.0234375 0.61328125 0.025390625 0.642578125 0.078125 0.640625