0 0.015625 0.23828125 0 0.2421875 0 0.302734375 0.033203125 0.29296875 0.0234375 0.263671875
0 0.654296875 0.11328125 0.845703125 0.0546875 0.830078125 0 0.638671875 0.05859375
0 0.162109375 0.080078125 0.34765625 0.021484375 0.33984375 0 0.26953125 0 0.1484375 0.037109375
0 0.396484375 0.044921875 0.54296875 0 0.3828125 0
0 0.205078125 0.22265625 0.39453125 0.166015625 0.37890625 0.111328125 0.189453125 0.169921875
0 0.431640625 0.1796875 0.62109375 0.12109375 0.60546875 0.068359375 0.416015625 0.126953125
0 0.703125 0.486328125 0.4921875 0.55078125 0.5078125 0.60546875 0.71875 0.541015625
0 0.875 0.80859375 0.89453125 0.873046875 1 0.83984375 1 0.771484375
0 0.515625 0.345703125 0.36328125 0.392578125 0.380859375 0.44921875 0.533203125 0.404296875 0.53125 0.3984375
0 0.83203125 0.8203125 0.5703125 0.900390625 0.58984375 0.96484375 0.849609375 0.884765625 0.833984375 0.83203125
0 0.806640625 0.7109375 1 0.650390625 1 0.58203125 0.7890625 0.6484375
0 0.556640625 0.783203125 0.775390625 0.716796875 0.755859375 0.654296875 0.537109375 0.720703125
0 0.943359375 0.4140625 0.732421875 0.478515625 0.751953125 0.541015625 0.962890625 0.4765625
0 0.787109375 0.2734375 0.552734375 0.345703125 0.5703125 0.40234375 0.8046875 0.330078125 0.80078125 0.31640625
0 0.814453125 0.3125 0.794921875 0.2421875 0.318359375 0.38671875 0.2890625 0.4375 0.3125 0.515625 0.40234375 0.48828125 0.388671875 0.447265625 0.380859375 0.44921875 0.36328125 0.392578125 0.515625 0.345703125 0.53125 0.3984375 0.56640625 0.388671875 0.552734375 0.345703125 0.787109375 0.2734375 0.80078125 0.31640625
0 0.970703125 0.203125 0.978515625 0.228515625 0.94921875 0.236328125 0.943359375 0.212890625 0.900390625 0.224609375 0.904296875 0.240234375 0.890625 0.244140625 0.892578125 0.25390625 0.875 0.259765625 0.888671875 0.3046875 1 0.26953125 1 0.193359375
0 0.822265625 0.23828125 0.84375 0.30859375 0.88671875 0.294921875 0.875 0.259765625 0.892578125 0.25390625 0.890625 0.244140625 0.904296875 0.240234375 0.900390625 0.224609375 0.943359375 0.212890625 0.94921875 0.236328125 0.978515625 0.228515625 0.970703125 0.203125 1 0.193359375 1 0.181640625
0 0.89453125 0.873046875 0.87890625 0.8203125 0.833984375 0.83203125 0.849609375 0.884765625 0.58984375 0.96484375 0.57421875 0.912109375 0.529296875 0.92578125 0.505859375 0.853515625 0.47265625 0.86328125 0.478515625 0.8828125 0.419921875 0.900390625 0.447265625 0.9921875 0.46484375 1 0.556640625 1 1 0.86328125 1 0.83984375
0 0.369140625 0.5390625 0.341796875 0.546875 0.359375 0.60546875 0.38671875 0.59765625 0.400390625 0.638671875 0.365234375 0.6484375 0.3828125 0.70703125 0.486328125 0.67578125 0.4453125 0.541015625 0.4296875 0.544921875 0.412109375 0.486328125 0.357421875 0.501953125
0 1 0.05859375 0.998046875 0 0.90234375 0 0.904296875 0.060546875 1 0.05859375