0 0.685546875 0.03515625 0.68359375 0.1875 0.7421875 0.1875 0.74609375 0.037109375 0.73046875 0.037109375
0 0.150390625 0.025390625 0.73046875 0.037109375 0.73046875 0 0.150390625 0
0 0.16015625 0.123046875 0.16015625 0.041015625 0 0.041015625 0 0.123046875
0 0.2578125 0.4921875 0.259765625 0.41796875 0 0.412109375 0 0.486328125
0 0.560546875 0.494140625 1 0.515625 1 0.44921875 0.564453125 0.427734375
0 0.287109375 0.494140625 0.5234375 0.49609375 0.5234375 0.423828125 0.287109375 0.421875
0 0.78515625 0.2578125 0.91796875 0.2578125 0.91796875 0.185546875 0.78515625 0.1875
0 0.76953125 0.171875 0.876953125 0.173828125 0.880859375 0.009765625 0.7734375 0.0078125
0 0.478515625 0.24609375 0.4765625 0.294921875 0.71875 0.3046875 0.720703125 0.2578125
0 0.181640625 0.28125 0.458984375 0.287109375 0.4609375 0.2421875 0.18359375 0.234375
0 0 0.2265625 0 0.275390625 0.15625 0.283203125 0.158203125 0.234375
0 0.248046875 0.8984375 0.2890625 0.900390625 0.294921875 0.599609375 0.25390625 0.59765625
0 0.40625 1 0.40625 0.974609375 0.306640625 0.97265625 0.306640625 0.998046875 0.40625 1