0 0.20703125 0.173828125 0.345703125 0.216796875 0.36328125 0.162109375 0.22265625 0.119140625
0 0.44921875 0.146484375 0.49609375 0.576171875 0.72265625 0.55078125 0.681640625 0.18359375 0.669921875 0.18359375 0.662109375 0.123046875
0 0.0859375 0.482421875 0.10546875 0.427734375 0.091796875 0.421875 0.09765625 0.408203125 0.078125 0.400390625 0.07421875 0.412109375 0.029296875 0.396484375 0.033203125 0.384765625 0.01171875 0.376953125 0.005859375 0.388671875 0 0.384765625 0 0.451171875
0 0.205078125 0.455078125 0.154296875 0.4375 0.1328125 0.50390625 0.326171875 0.56640625 0.34765625 0.5 0.302734375 0.486328125 0.298828125 0.5 0.26171875 0.48828125 0.265625 0.474609375 0.236328125 0.46484375 0.232421875 0.478515625 0.201171875 0.46875
0 0.068359375 0.0546875 0.041015625 0.04296875 0.021484375 0.095703125 0.16015625 0.1484375 0.1796875 0.095703125 0.1640625 0.08984375 0.169921875 0.076171875 0.07421875 0.041015625
0 0.05078125 0.390625 0.1171875 0.203125 0.015625 0.166015625 0 0.208984375 0 0.373046875 0.033203125 0.384765625
0 0.388671875 0.078125 0.6796875 0.0390625 0.673828125 0 0.6171875 0 0.3828125 0.033203125
0 0 0.5 0 0.908203125 0.14453125 0.955078125 0.263671875 0.587890625
0 0.2734375 0.642578125 0.38671875 0.654296875 0.390625 0.62109375 0.27734375 0.607421875
0 0.408203125 0.638671875 0.390625 0.83984375 0.69921875 0.8671875 0.716796875 0.66796875
0 0.814453125 0.869140625 0.8203125 0.796875 0.779296875 0.65234375 0.71875 0.646484375 0.701171875 0.859375
0 0.33984375 0.8984375 0.306640625 1 0.66015625 1 0.474609375 0.94140625
0 0.650390625 0.958984375 0.5625 0.9296875 0.55078125 0.966796875 0.638671875 0.994140625
0 0.484375 0.916015625 0.474609375 0.94140625 0.55078125 0.966796875 0.560546875 0.939453125
0 0 0.955078125 0 1 0.12890625 1
0 0.296875 0.89453125 0.23046875 0.873046875 0.1875 1 0.259765625 1
0 0.79296875 0.921875 0.705078125 0.919921875 0.701171875 1 0.791015625 1
0 1 0.232421875 1 0.185546875 0.91796875 0.193359375 0.921875 0.240234375
0 0.8671875 0.166015625 0.818359375 0.169921875 0.82421875 0.2421875 0.873046875 0.23828125 0.87109375 0.216796875
0 0.919921875 0.212890625 0.87109375 0.216796875 0.875 0.26953125 0.923828125 0.265625 0.921875 0.240234375
0 0.84765625 0.013671875 0.802734375 0.015625 0.806640625 0.080078125 0.8515625 0.076171875 0.849609375 0.05859375
0 0.90625 0.056640625 0.849609375 0.05859375 0.853515625 0.10546875 0.908203125 0.1015625 0.90625 0.08203125
0 0.880859375 0.333984375 0.830078125 0.337890625 0.8359375 0.408203125 0.884765625 0.404296875 0.884765625 0.3828125
0 0.93359375 0.37890625 0.884765625 0.3828125 0.888671875 0.4375 0.9375 0.43359375 0.935546875 0.40625
0 1 0.400390625 1 0.353515625 0.931640625 0.359375 0.935546875 0.40625
0 1 0.076171875 1 0.0234375 0.904296875 0.03125 0.90625 0.08203125
0 0.9140625 0.580078125 0.8671875 0.583984375 0.873046875 0.658203125 0.921875 0.654296875 0.916015625 0.59765625
0 0.912109375 0.90625 0.91796875 0.958984375 1 0.94921875 1 0.896484375
0 0.939453125 0.7578125 0.890625 0.76171875 0.900390625 0.83984375 0.94921875 0.833984375 0.94140625 0.7734375
0 0.935546875 0.724609375 0.94140625 0.7734375 1 0.765625 1 0.716796875
0 0.912109375 0.54296875 0.916015625 0.59765625 1 0.58984375 1 0.53515625
0 0.298828125 0.794921875 0.3046875 0.748046875 0.248046875 0.7421875 0.244140625 0.7890625 0.298828125 0.794921875