0 0.5448190789473684 0.6959292763157895 0.7811472039473684 0.6861636513157895 0.7948190789473684 0.9810855263157895 0.5565378289473684 0.9908511513157895
0 0.5055509868421053 0.5768914473684211 0.5934416118421053 0.5612664473684211 0.6129728618421053 0.6472039473684211 0.5231291118421053 0.6628289473684211
0 0.649671052631579 0.5563322368421052 0.727796052631579 0.5465666118421052 0.749280427631579 0.6403166118421052 0.669202302631579 0.6500822368421052
0 0.49609375 0.380859375 0.587890625 0.369140625 0.60546875 0.46875 0.515625 0.478515625
0 0.6475123355263158 0.32719983552631576 0.7184416118421052 0.32833059210526316 0.719469572368421 0.4229029605263158 0.6536800986842105 0.45476973684210525
0 0.44921875 0.220703125 0.537109375 0.189453125 0.591796875 0.318359375 0.505859375 0.349609375
0 0.59375 0.1640625 0.65625 0.134765625 0.703125 0.26171875 0.638671875 0.2890625
0 0.3812705592105263 0.044613486842105296 0.4789268092105264 0.03638980263157898 0.5344366776315789 0.16591282894736845 0.4359580592105263 0.1859580592105263
0 0.5786389802631579 0.09909539473684213 0.548828125 0 0.6002261513157894 0.007606907894736877 0.6529605263157894 0.10958059210526316 0.5714432565789473 0.1391858552631579
0 0.7353001644736842 0.019634046052631575 0.8017064144736842 0.013774671052631575 0.8153782894736842 0.06064967105263162 0.7489720394736842 0.06846217105263167
0 0.07421875 0.119140625 0.16015625 0.099609375 0.173828125 0.146484375 0.0859375 0.166015625
0 0.1314761513157895 0.008634868421052665 0.14997944078947373 0.04564144736842109 0.20651726973684215 0.04564144736842109 0.22193667763157898 0.0045230263157895086
0 0.78515625 0.1953125 0.77734375 0.07421875 0.701171875 0.078125 0.708984375 0.19921875 0.78515625 0.1953125
0 1 0.66796875 1 0.552734375 0.96484375 0.552734375 0.96484375 0.669921875 1 0.66796875