0 0.07421875 0.5 0.046875 0.560546875 0 0.560546875 0 0.625 0.095703125 0.623046875 0.095703125 0.63671875 0.11328125 0.716796875 0.0625 0.75390625 0.0625 0.76953125 0 0.76953125 0 0.8359375 0.2890625 0.830078125 0.2890625 0.818359375 0.376953125 0.814453125 0.267578125 0.724609375 0.14453125 0.7265625 0.142578125 0.625 0.162109375 0.59375 0.228515625 0.59375 0.228515625 0.626953125 0.287109375 0.625 0.27734375 0.32421875 0.09765625 0.330078125 0.095703125 0.271484375 0.240234375 0.251953125 0.23046875 0.12890625 0.376953125 0.01953125 0.4609375 0.04296875 0.693359375 0.037109375 0.69140625 0 0.30078125 0 0.20703125 0.06640625 0.1328125 0.08203125 0.12890625 0.03515625 0.126953125 0.03515625 0.11328125 0 0 0 0 0.064453125 0.01953125 0.064453125 0.0234375 0.162109375 0 0.162109375 0 0.220703125 0.048828125 0.220703125 0.05078125 0.30859375 0.01953125 0.34375 0.01953125 0.361328125 0 0.361328125 0 0.4296875 0.072265625 0.427734375 0.07421875 0.45703125
0 0.845703125 0.037109375 0.861328125 0.037109375 0.861328125 0.048828125 0.90234375 0.048828125 0.90234375 0.03515625 0.92578125 0.03515625 0.92578125 0.048828125 0.955078125 0.046875 0.955078125 0.03515625 0.966796875 0.03515625 0.966796875 0.046875 0.99609375 0.046875 0.99609375 0.033203125 1 0.033203125 1 0 0.84375 0
0 0.916015625 0.130859375 0.841796875 0.1328125 0.84375 0.2265625 0.91796875 0.224609375
0 0.90625 0.30859375 0.86328125 0.310546875 0.865234375 0.412109375 0.908203125 0.412109375
0 0.98828125 0.251953125 0.98828125 0.2421875 0.9375 0.244140625 0.9375 0.25390625 0.908203125 0.25390625 0.908203125 0.244140625 0.8671875 0.24609375 0.8671875 0.255859375 0.85546875 0.255859375 0.85546875 0.296875 0.87109375 0.296875 0.87109375 0.310546875 0.9140625 0.30859375 0.912109375 0.296875 0.935546875 0.294921875 0.935546875 0.30859375 0.966796875 0.306640625 0.966796875 0.294921875 0.978515625 0.294921875 0.978515625 0.306640625 1 0.306640625 1 0.251953125
0 0.87109375 0.478515625 0.873046875 0.587890625 0.912109375 0.5859375 0.91015625 0.478515625
0 0.91015625 0.466796875 0.9296875 0.466796875 0.931640625 0.478515625 0.97265625 0.4765625 0.970703125 0.46484375 0.994140625 0.46484375 0.994140625 0.4765625 1 0.474609375 1 0.408203125 0.9921875 0.41015625 0.9921875 0.421875 0.970703125 0.421875 0.970703125 0.41015625 0.9296875 0.412109375 0.9296875 0.423828125 0.908203125 0.423828125 0.908203125 0.412109375 0.865234375 0.412109375 0.865234375 0.42578125 0.853515625 0.42578125 0.853515625 0.46875 0.8671875 0.466796875 0.8671875 0.478515625 0.91015625 0.478515625
0 0.91796875 0.65234375 0.859375 0.654296875 0.86328125 0.765625 0.888671875 0.765625 0.888671875 0.763671875 0.921875 0.76171875
0 0.93359375 0.826171875 0.93359375 0.8203125 0.953125 0.8203125 0.953125 0.82421875 0.994140625 0.82421875 0.994140625 0.818359375 1 0.818359375 1 0.76171875 0.994140625 0.763671875 0.9921875 0.759765625 0.953125 0.76171875 0.953125 0.763671875 0.931640625 0.763671875 0.931640625 0.76171875 0.921875 0.76171875 0.888671875 0.763671875 0.888671875 0.765625 0.86328125 0.765625 0.86328125 0.822265625 0.890625 0.822265625 0.890625 0.826171875 0.9140625 0.826171875
0 0.927734375 0.998046875 0.927734375 0.994140625 0.94921875 0.994140625 0.94921875 0.998046875 0.990234375 0.99609375 0.990234375 0.9921875 1 0.9921875 1 0.935546875 0.98828125 0.935546875 0.98828125 0.93359375 0.947265625 0.93359375 0.947265625 0.9375 0.92578125 0.9375 0.92578125 0.935546875 0.8828125 0.935546875 0.8828125 0.939453125 0.8671875 0.939453125 0.869140625 0.99609375 0.884765625 0.994140625 0.884765625 1 0.919921875 0.998046875
0 0.86328125 0.822265625 0.8671875 0.939453125 0.8828125 0.939453125 0.8828125 0.935546875 0.916015625 0.935546875 0.9140625 0.826171875 0.890625 0.826171875 0.890625 0.822265625
0 0.330078125 0.921875 0.330078125 0.890625 0.271484375 0.892578125 0.271484375 0.923828125 0.330078125 0.921875