0 0.3359375 0.080078125 0.2890625 0.115234375 0.32421875 0.1640625 0.37109375 0.126953125
0 0.3359375 0.080078125 0.37109375 0.126953125 0.537109375 0 0.439453125 0
0 0.44921875 0.140625 0.447265625 0.197265625 0.708984375 0.212890625 0.7109375 0.15625
0 0.458984375 0.39453125 0.703125 0.404296875 0.705078125 0.3359375 0.462890625 0.328125
0 0.5546875 0.49609375 0.490234375 0.494140625 0.486328125 0.59765625 0.548828125 0.6015625 0.552734375 0.52734375
0 0.619140625 0.5 0.615234375 0.603515625 0.677734375 0.60546875 0.681640625 0.501953125
0 0.552734375 0.52734375 0.548828125 0.6015625 0.615234375 0.603515625 0.6171875 0.529296875
0 0.619140625 0.484375 0.5546875 0.482421875 0.552734375 0.52734375 0.6171875 0.529296875 0.619140625 0.5
0 0.017578125 0.462890625 0 0.4609375 0 0.568359375 0.2421875 0.580078125 0.24609375 0.47265625 0.1953125 0.470703125 0.193359375 0.505859375 0.015625 0.498046875
0 0.193359375 0.28125 0.19140625 0.28125 0.171875 0.21484375 0.109375 0.232421875 0.13671875 0.32421875 0.138671875 0.322265625 0.13671875 0.375 0.189453125 0.376953125 0.193359375 0.306640625
0 0.037109375 0.37109375 0.03515625 0.423828125 0.1875 0.431640625 0.189453125 0.376953125
0 0.107421875 0.220703125 0 0.251953125 0 0.3125 0.123046875 0.275390625
0 0.310546875 0.1796875 0.2734375 0.134765625 0.173828125 0.21484375 0.2109375 0.259765625 0.22265625 0.25 0.2421875 0.2734375 0.26953125 0.251953125 0.248046875 0.228515625 0.267578125 0.212890625 0.2890625 0.236328125 0.30859375 0.220703125 0.2890625 0.1953125
0 0.291015625 0.501953125 0.42578125 0.505859375 0.427734375 0.439453125 0.294921875 0.43359375
0 0.150390625 0.96484375 0.150390625 0.9765625 0.130859375 0.9765625 0.12890625 1 0.232421875 1 0.234375 0.98046875 0.205078125 0.978515625 0.205078125 0.966796875
0 0.03125 0.9609375 0.03125 0.97265625 0.01171875 0.970703125 0.009765625 0.998046875 0.01953125 0.998046875 0.017578125 1 0.115234375 1 0.1171875 0.974609375 0.08984375 0.974609375 0.091796875 0.962890625
0 0.26953125 1 0.4140625 1 0.416015625 0.9765625 0.2734375 0.96875
0 0.654296875 0.966796875 0.5390625 0.9609375 0.53515625 1 0.650390625 1
0 0.541015625 0.951171875 0.484375 0.947265625 0.478515625 1 0.53515625 1 0.5390625 0.9609375
0 0.283203125 0.693359375 0.28125 0.759765625 0.412109375 0.765625 0.416015625 0.69921875
0 0.44140625 0.69921875 0.439453125 0.765625 0.669921875 0.775390625 0.673828125 0.708984375
0 0.72265625 0.73046875 0.720703125 0.77734375 0.943359375 0.787109375 0.9453125 0.73828125
0 0.126953125 0.708984375 0.125 0.76171875 0.19921875 0.763671875 0.201171875 0.7109375
0 0 0.705078125 0 0.755859375 0.05078125 0.7578125 0.05078125 0.70703125
0 0.712890625 0.95703125 0.998046875 0.97265625 1 0.876953125 0.71484375 0.869140625
0 0.43359375 0.822265625 0.431640625 0.888671875 0.662109375 0.8984375 0.666015625 0.83203125
0 0.998046875 0.0859375 1 0 0.943359375 0 0.943359375 0.0859375 0.998046875 0.0859375
0 0.962890625 0.45703125 0.962890625 0.37890625 0.830078125 0.380859375 0.83203125 0.458984375 0.962890625 0.45703125
0 1 0.23828125 0.998046875 0.091796875 0.97265625 0.091796875 0.974609375 0.23828125 1 0.23828125