0 0 0.712890625 0.015625 0.62890625 0.142578125 0.640625 0.126953125 0.724609375
0 0.38472315713269656 0.89453125 0.5741762821326966 0.89453125 0.5741762821326966 0.9999999999999998 0.38472315713269656 0.9999999999999998
0 0.07421875 0.3793174342105263 0.095703125 0.3168174342105263 0.44140625 0.3402549342105263 0.419921875 0.4027549342105263
0 0.052734375 0.17578125 0.091796875 0.1640625 0.111328125 0.22265625 0.072265625 0.234375
0 0.3040158371040724 0.4639157946832579 0.3098752121040724 0.4248532946832579 0.4075314621040724 0.4385251696832579 0.3997189621040724 0.4795407946832579
0 0.25704362273755654 0.4562446973981901 0.28438737273755654 0.39960407239819007 0.31563737273755654 0.41522907239819007 0.28634049773755654 0.46991657239819024
0 0.267578125 0.521484375 0.271484375 0.4765625 0.3828125 0.5 0.376953125 0.54296875
0 0.15625 0.638671875 0.16796875 0.560546875 0.310546875 0.578125 0.298828125 0.66015625
0 0.037109375 0.4765625 0.044921875 0.42578125 0.248046875 0.45703125 0.2421875 0.5078125
0 0.10176809210526314 0.162109375 0.10567434210526314 0.095703125 0.4300986842105263 0.1319901315789474 0.4208470394736843 0.18647203947368424
0 0.00390625 0.146484375 0.09375 0.109375 0.10546875 0.14453125 0.015625 0.18359375
0 0.09138569078947364 0.2270764802631579 0.3999794407894736 0.2173108552631579 0.4058388157894736 0.279810855263158 0.09919819078947364 0.289576480263158
0 0.014391447368421045 0.3015008223684211 0.028063322368421045 0.2546258223684211 0.08079769736842105 0.2741570723684211 0.06517269736842105 0.3210320723684211
0 0.006681743421052627 0.23190789473684206 0.020353618421052627 0.18893914473684212 0.07504111842105263 0.20847039473684212 0.05941611842105263 0.24948601973684187
0 0.35690789473684215 0.7677837171052632 0.36862664473684215 0.6974712171052632 0.5575657894736842 0.7364309210526315 0.5339226973684211 0.7960526315789473
0 0.001953125 0.4609375 0.01171875 0.408203125 0.044921875 0.41796875 0.03515625 0.47265625
0 0.166015625 0.6953125 0.236328125 0.6953125 0.236328125 0.740234375 0.166015625 0.740234375
0 0.5899465460526316 0.09570312499999997 0.7774465460526316 6.938893903907228e-18 0.8223684210526316 0.04101562499999998 0.6348684210526316 0.13867187500000006
0 0.6233552631578948 0.8967927631578947 0.8248355263157895 0.9163240131578947 0.7887541118421053 0.9999999999999998 0.6058799342105263 0.998046875
0 0.5140830592105263 0.3990542763157895 0.5199424342105263 0.3424136513157895 0.6747532894736842 0.36019736842105265 0.6685855263157895 0.4105674342105263
0 0.7734375 0.6989103618421053 0.78125 0.6520353618421053 0.9140625 0.6715666118421053 0.90625 0.7184416118421053
0 0.705078125 0.265625 0.7109375 0.19921875 0.810546875 0.212890625 0.80078125 0.27734375
0 0.669921875 0.482421875 0.677734375 0.431640625 0.9375 0.4765625 0.931640625 0.525390625
0 0.65234375 0.57421875 0.658203125 0.52734375 0.921875 0.5703125 0.9140625 0.615234375
0 0.76953125 0.169921875 0.8359375 0.115234375 0.865234375 0.15234375 0.80078125 0.205078125
0 0.841796875 0.09323601973684209 0.87890625 0.06393914473684209 1 0.2162828947368421 0.962890625 0.2475328947368419
0 0.6733141447368421 0.39473684210526316 0.6811266447368421 0.34004934210526316 0.9487047697368421 0.38497121710526316 0.9408922697368421 0.44161184210526316
0 0.4375 0.294921875 0.443359375 0.24609375 0.67578125 0.2578125 0.669921875 0.306640625
0 0.5564874387254903 0.7030101102941176 0.5701593137254903 0.6346507352941176 0.7674249387254903 0.6541819852941176 0.7537530637254903 0.7205882352941176
0 0.373046875 0.55078125 0.37890625 0.5 0.634765625 0.529296875 0.630859375 0.580078125
0 0.8828125 0.30859375 0.953125 0.2578125 0.986328125 0.29296875 0.916015625 0.34375
0 0.8176398026315789 0.256578947368421 0.8918585526315789 0.19993832236842105 0.9231085526315789 0.23509457236842105 0.8488898026315789 0.29368832236842113
0 0.7483965991367307 0.8252766247215261 0.7620684741367307 0.7569172497215261 0.9068080357142857 0.7828000992063492 0.9006076388888888 0.8463541666666666
0 0.5321751644736843 0.7859786184210527 0.5419407894736843 0.7332442434210527 0.6806126644736843 0.7508223684210527 0.6708470394736843 0.8035567434210527
0 0.6052631578947368 0.19891036184210525 0.6111225328947368 0.16375411184210525 0.6619037828947368 0.17351973684210525 0.6560444078947368 0.20867598684210525
0 0.4453125 0.470703125 0.44921875 0.4296875 0.642578125 0.453125 0.63671875 0.4921875
0 0.45816200657894735 0.4043996710526316 0.46402138157894735 0.3458059210526316 0.5226151315789473 0.3575246710526316 0.5167557565789473 0.4161184210526316
0 0.310546875 0.6640625 0.3203125 0.58984375 0.544921875 0.62109375 0.53515625 0.6953125
0 0.4528166118421053 0.18667763157894735 0.4625822368421053 0.13394325657894735 0.5758634868421053 0.14956825657894735 0.5660978618421053 0.20034950657894735
0 0.998046875 0.5234375 1 0.484375 0.94140625 0.470703125 0.93359375 0.509765625
0 0.998046875 0.5703125 1 0.529296875 0.935546875 0.51953125 0.9296875 0.55859375
0 0.8515625 0.341796875 0.857421875 0.298828125 0.701171875 0.275390625 0.6953125 0.318359375
0 0.998046875 0.046875 0.998046875 0 0.94140625 0 0.94140625 0.046875
0 0.998046875 0.865234375 1 0.76953125 0.91796875 0.765625 0.912109375 0.859375
0 0.044921875 0.076171875 0.041015625 0 0 0 0 0.078125