0 0.935546875 0.259765625 0.96875 0.298828125 1 0.271484375 1 0.203125
0 0.99609375 0.275390625 0.96875 0.298828125 1 0.333984375 1 0.279296875
0 0.98046875 0.310546875 0.955078125 0.333984375 1 0.38671875 1 0.33203125
0 0.892578125 0.173828125 0.8515625 0.208984375 0.9296875 0.30078125 0.912109375 0.31640625 0.939453125 0.34765625 0.98046875 0.310546875 0.935546875 0.259765625 0.953125 0.244140625
0 0.892578125 0.173828125 0.953125 0.244140625 1 0.203125 1 0.080078125
0 0.90625 0.33203125 0.822265625 0.236328125 0.71484375 0.330078125 0.796875 0.42578125 0.83203125 0.396484375
0 0.759765625 0.45703125 0.81640625 0.521484375 0.845703125 0.49609375 0.791015625 0.431640625
0 0.900390625 0.451171875 0.9609375 0.3984375 0.908203125 0.33984375 0.80078125 0.43359375 0.8515625 0.4921875 0.85546875 0.505859375 0.912109375 0.48828125
0 0.939453125 0.421875 0.943359375 0.4375 0.900390625 0.451171875 0.91015625 0.482421875 1 0.45703125 1 0.427734375 0.99609375 0.416015625 0.978515625 0.419921875 0.9765625 0.41015625
0 0.796875 0.42578125 0.71484375 0.330078125 0.681640625 0.357421875 0.716796875 0.3984375 0.703125 0.408203125 0.751953125 0.46484375 0.759765625 0.45703125
0 0.681640625 0.404296875 0.66015625 0.37890625 0.578125 0.451171875 0.599609375 0.4765625
0 0.578125 0.494140625 0.599609375 0.4765625 0.578125 0.451171875 0.49609375 0.521484375 0.517578125 0.546875 0.5390625 0.529296875 0.55078125 0.54296875 0.58984375 0.509765625
0 0.478515625 0.595703125 0.51953125 0.55859375 0.4921875 0.529296875 0.453125 0.564453125