0 0.5 0.9296875 0.490234375 0.80859375 0.4453125 0.8125 0.44921875 0.876953125 0.279296875 0.890625 0.283203125 0.9453125 0.453125 0.931640625
0 0.236328125 0.783203125 0.48046875 0.779296875 0.478515625 0.720703125 0.236328125 0.724609375
0 0.236328125 0.724609375 0.1796875 0.7265625 0.18359375 0.88671875 0.23828125 0.88671875
0 0.181640625 0.923828125 0 0.935546875 0 1 0.052734375 1 0.185546875 0.9921875
0 0.607421875 0.7421875 0.73828125 0.740234375 0.73828125 0.681640625 0.60546875 0.68359375
0 0.583984375 0.931640625 0.5859375 1 0.94921875 1 0.94921875 0.943359375 0.6328125 0.955078125 0.6328125 0.9296875
0 0.6328125 0.9296875 0.62890625 0.8515625 0.796875 0.845703125 0.796875 0.826171875 0.916015625 0.822265625 0.9140625 0.767578125 0.61328125 0.779296875 0.5703125 0.818359375 0.57421875 0.931640625 0.583984375 0.931640625
0 0.943359375 0.76171875 0.9453125 0.83203125 1 0.830078125 1 0.759765625
0 0.966796875 0.939453125 0.96875 0.994140625 1 0.9921875 1 0.9375
0 0.140625 0.787109375 0.13671875 0.728515625 0 0.736328125 0 0.794921875
0 0.185546875 1 0.2421875 1 0.240234375 0.93359375 0.181640625 0.9375 0.185546875 0.9921875
0 0.177734375 0.220703125 0.173828125 0.16015625 0 0.169921875 0 0.232421875
0 0.162109375 0.375 0.158203125 0.310546875 0 0.318359375 0 0.3828125
0 0.13671875 0.525390625 0.1328125 0.484375 0 0.49609375 0 0.537109375
0 0.263671875 0.45703125 0.158203125 0.4609375 0.162109375 0.51953125 0.265625 0.517578125
0 0.36328125 0.46875 0.263671875 0.470703125 0.265625 0.529296875 0.365234375 0.525390625 0.365234375 0.5
0 0.41015625 0.498046875 0.4609375 0.447265625 0.458984375 0.412109375 0.40234375 0.4140625 0.404296875 0.45703125 0.36328125 0.458984375 0.365234375 0.5
0 0.228515625 0.283203125 0.416015625 0.27734375 0.4140625 0.208984375 0.2265625 0.21484375
0 0.076171875 0.072265625 0.07421875 0.0078125 0 0.01171875 0 0.076171875
0 0.16796875 0.029296875 0.251953125 0.0234375 0.25 0 0.1640625 0
0 0.87109375 0.099609375 1 0.09765625 1 0.029296875 0.87109375 0.03125
0 0.869140625 0.322265625 1 0.314453125 1 0.25 0.865234375 0.2578125
0 0.826171875 0.197265625 0.59375 0.208984375 0.59765625 0.283203125 0.830078125 0.271484375
0 0.59375 0.208984375 0.5625 0.208984375 0.533203125 0.244140625 0.53515625 0.3046875 0.599609375 0.30078125 0.59765625 0.283203125
0 0.85546875 0.494140625 0.8515625 0.43359375 0.779296875 0.439453125 0.783203125 0.498046875
0 0.78125 0.4453125 0.630859375 0.45703125 0.63671875 0.53515625 0.78515625 0.525390625
0 0.630859375 0.455078125 0.58984375 0.45703125 0.5859375 0.412109375 0.541015625 0.416015625 0.544921875 0.482421875 0.568359375 0.509765625 0.6328125 0.50390625 0.630859375 0.45703125
0 0.873046875 0.486328125 1 0.482421875 1 0.42578125 0.87109375 0.4296875
0 0.767578125 0.728515625 0.96484375 0.72265625 0.962890625 0.66796875 0.765625 0.673828125
0 0.12109375 0.8984375 0.12109375 0.833984375 0 0.8359375 0 0.900390625 0.12109375 0.8984375
0 0.357421875 0.044921875 0.357421875 0 0.279296875 0 0.28125 0.046875 0.357421875 0.044921875
0 0.474609375 0.02734375 0.474609375 0 0.392578125 0 0.392578125 0.02734375 0.474609375 0.02734375
0 0.513671875 1 0.513671875 0.96875 0.439453125 0.96875 0.439453125 1 0.513671875 1