0 0.314453125 0.16015625 0.40625 0.154296875 0.396484375 0 0.3046875 0
0 0.62109375 0.076171875 0.73828125 0.0703125 0.732421875 0 0.615234375 0
0 0.654296875 0.431640625 0.767578125 0.42578125 0.755859375 0.201171875 0.640625 0.20703125
0 0.4296875 0.396484375 0.521484375 0.390625 0.517578125 0.318359375 0.341796875 0.328125 0.357421875 0.58984375 0.44140625 0.583984375 0.43359375 0.462890625
0 0.5078125 0.564453125 0.46484375 0.4609375 0.43359375 0.462890625 0.44140625 0.583984375 0.357421875 0.58984375 0.359375 0.625 0.484375 0.619140625
0 0.751953125 0.478515625 0.55859375 0.490234375 0.56640625 0.61328125 0.64453125 0.607421875 0.646484375 0.630859375 0.759765625 0.623046875 0.759765625 0.6015625
0 0.0703125 0.046875 0.244140625 0.037109375 0.240234375 0 0.06640625 0
0 0.09375 0.625 0.267578125 0.615234375 0.263671875 0.546875 0.08984375 0.556640625
0 0.078125 0.333984375 0.24609375 0.32421875 0.2421875 0.255859375 0.07421875 0.265625
0 0 0.8671875 0 0.9375 0.056640625 0.935546875 0.052734375 0.875 0.015625 0.876953125 0.015625 0.8671875
0 0.8671875 0.3984375 0.865234375 0.318359375 0.82421875 0.3203125 0.826171875 0.400390625 0.8671875 0.3984375
0 0.0234375 0.154296875 0.0234375 0.083984375 0 0.083984375 0 0.154296875 0.0234375 0.154296875
0 0.072265625 1 0.072265625 0.970703125 0 0.970703125 0 1 0.072265625 1