0 0.994140625 0.146484375 0.9609375 0.169921875 1 0.22265625 1 0.154296875
0 0.927734375 0.41015625 0.865234375 0.326171875 0.826171875 0.3515625 0.927734375 0.517578125 0.9921875 0.46484375 0.9453125 0.3984375
0 0.9453125 0.3984375 0.9921875 0.46484375 1 0.458984375 1 0.357421875
0 0.982421875 0.19921875 0.9453125 0.224609375 0.857421875 0.31640625 0.927734375 0.41015625 0.9453125 0.3984375 1 0.357421875 1 0.22265625
0 0.81640625 0.390625 0.771484375 0.349609375 0.728515625 0.400390625 0.775390625 0.439453125 0.810546875 0.396484375
0 0.92578125 0.541015625 0.826171875 0.458984375 0.849609375 0.431640625 0.810546875 0.396484375 0.751953125 0.466796875 0.87109375 0.568359375 0.84375 0.599609375 0.86328125 0.615234375 0.890625 0.583984375
0 0.583984375 0.517578125 0.490234375 0.615234375 0.53515625 0.658203125 0.62890625 0.55859375
0 0.51953125 0.708984375 0.544921875 0.693359375 0.51171875 0.638671875 0.484375 0.654296875
0 0.828125 0.244140625 0.78515625 0.302734375 0.818359375 0.328125 0.861328125 0.271484375
0 0.88671875 0.18359375 0.8359375 0.25 0.8671875 0.2734375 0.916015625 0.20703125
0 1 0.0625 1 0.0390625 0.982421875 0.02734375 0.9140625 0.119140625 0.94140625 0.140625
0 0.927734375 0.12890625 0.88671875 0.18359375 0.916015625 0.20703125 0.958984375 0.15234375 0.94140625 0.140625
0 0.8515625 0.998046875 0.8515625 0.966796875 0.771484375 0.966796875 0.771484375 1 0.8515625 0.998046875