0 0.15234375 0.1953125 0.412109375 0.328125 0.4453125 0.26171875 0.185546875 0.12890625
0 0.03125 0.40625 0 0.4140625 0 0.5 0.0546875 0.484375
0 0.009765625 0.0390625 0 0.041015625 0 0.15625 0.001953125 0.1640625 0.03515625 0.150390625 0.029296875 0.1328125 0.15234375 0.1953125 0.185546875 0.12890625
0 0.8671875 0.919921875 0.9296875 0.90234375 0.91796875 0.86328125 0.857421875 0.880859375
0 0.9765625 0.806640625 0.94921875 0.814453125 0.98046875 0.92578125 1 0.919921875 1 0.88671875 0.99609375 0.873046875
0 0.603515625 0.783203125 0.626953125 0.861328125 0.705078125 0.837890625 0.68359375 0.759765625
0 0.4453125 0.568359375 0.416015625 0.619140625 0.466796875 0.6484375 0.541015625 0.62890625 0.533203125 0.603515625 0.5703125 0.59375 0.595703125 0.685546875 0.669921875 0.666015625 0.62890625 0.517578125
0 0.037109375 0.779296875 0 0.7890625 0 0.875 0.0234375 0.962890625 0.080078125 0.947265625
0 0.302734375 0.708984375 0.287109375 0.650390625 0 0.7265625 0 0.7890625
0 0.232421875 0.791015625 0.1796875 0.75390625 0.076171875 0.90234375 0.12890625 0.939453125
0 0.9296875 0.00390625 0.919921875 0 0.88671875 0 0.8515625 0.08203125 0.8515625 0.0859375 0.84765625 0.0859375 0.86328125 0.140625 0.9609375 0.11328125
0 0.86328125 0.140625 0.84765625 0.0859375 0.7734375 0.107421875 0.806640625 0.2265625 0.935546875 0.189453125 0.9296875 0.173828125 0.966796875 0.1640625 0.953125 0.115234375
0 0.8515625 0.0859375 0.8515625 0.08203125 0.88671875 0 0.80078125 0 0.765625 0.08203125 0.7734375 0.107421875 0.796875 0.1015625
0 0.703125 0.26171875 0.720703125 0.2578125 0.72265625 0.267578125 0.734375 0.263671875 0.740234375 0.28125 0.763671875 0.2734375 0.732421875 0.16015625 0.705078125 0.166015625 0.708984375 0.177734375 0.673828125 0.1875 0.67578125 0.19921875 0.66015625 0.205078125 0.662109375 0.21484375 0.68359375 0.27734375 0.70703125 0.271484375
0 0.90234375 0.984375 0.96484375 0.966796875 0.951171875 0.919921875 0.69140625 0.9921875 0.693359375 1 0.908203125 1
0 0.333984375 0 0.306640625 0 0.275390625 0.056640625 0.427734375 0.14453125 0.466796875 0.076171875 0.455078125 0.068359375
0 0.501953125 0 0.4921875 0 0.455078125 0.068359375 0.498046875 0.09375 0.5390625 0.021484375
0 0.58203125 0.02734375 0.564453125 0.05859375 0.54296875 0.046875 0.49609375 0.126953125 0.4609375 0.107421875 0.43359375 0.15234375 0.525390625 0.205078125 0.615234375 0.048828125
0 0.720703125 0.703125 0.974609375 0.623046875 0.953125 0.552734375 0.697265625 0.6328125
0 0.93359375 0.486328125 0.921875 0.443359375 0.76171875 0.48828125 0.7734375 0.53125
0 0.71484375 0.576171875 0.78125 0.55859375 0.767578125 0.5078125 0.673828125 0.53515625 0.69140625 0.595703125 0.71875 0.587890625
0 0.314453125 0.833984375 0.369140625 0.86328125 0.453125 0.712890625 0.400390625 0.681640625
0 0.662109375 0.21484375 0.62890625 0.224609375 0.611328125 0.26171875 0.630859375 0.330078125 0.716796875 0.306640625 0.70703125 0.271484375 0.68359375 0.27734375
0 0.779296875 0.77734375 0.76171875 0.7265625 0.72265625 0.740234375 0.75390625 0.83203125 1 0.75 1 0.705078125
0 0.412109375 0.9609375 0.390625 0.896484375 0.3125 0.923828125 0.3359375 0.98828125 0.412109375 0.9609375