0 0.994140625 0.197265625 0.787109375 0.18359375 0.779296875 0.5859375 0.9921875 0.583984375 0.994140625 0.74609375 1 0.74609375 1 0.09765625
0 0.796875 0.037109375 0.787109375 0.18359375 0.994140625 0.197265625 1 0.09765625 1 0.048828125
0 0.76171875 0.8359375 0.748046875 1 1 1 1 0.8515625
0 0.46875 0.1171875 0.638671875 0.125 0.642578125 0.03125 0.47265625 0.0234375
0 0.33984375 0.447265625 0.46484375 0.455078125 0.470703125 0.375 0.34375 0.3671875
0 0.49609375 0.349609375 0.623046875 0.35546875 0.626953125 0.279296875 0.498046875 0.2734375
0 0.498046875 0.578125 0.634765625 0.580078125 0.63671875 0.50390625 0.5 0.5
0 0.146484375 0.880859375 0.26953125 0.8828125 0.271484375 0.806640625 0.146484375 0.8046875
0 0.443359375 0.8828125 0.611328125 0.892578125 0.615234375 0.830078125 0.447265625 0.8203125
0 0.2578125 0.9921875 0.435546875 1 0.439453125 0.92578125 0.259765625 0.91796875
0 0.06640625 0.95703125 0.0703125 0.876953125 0 0.873046875 0 0.953125
0 0.35546875 0.19921875 0.353515625 0.115234375 0.29296875 0.109375 0.1015625 0.169921875 0.125 0.298828125 0.095703125 0.4609375 0.138671875 0.64453125 0.244140625 0.638671875 0.24609375 0.576171875 0.208984375 0.57421875 0.2109375 0.498046875 0.220703125 0.28125 0.15234375 0.27734375 0.15625 0.193359375 0.32421875 0.201171875
0 0.9921875 0.583984375 0.779296875 0.5859375 0.78125 0.75 0.994140625 0.74609375
0 0.15625 0.193359375 0.15234375 0.27734375 0.3203125 0.28515625 0.32421875 0.201171875
0 0.3359375 0.576171875 0.337890625 0.501953125 0.2109375 0.498046875 0.208984375 0.57421875 0.24609375 0.576171875
0 0.02734375 0.33203125 0.02734375 0.23828125 0 0.23828125 0 0.33203125 0.02734375 0.33203125