0 0.890625 1 0.970703125 1 0.974609375 0.978515625 0.89453125 0.970703125
0 0.771484375 0.8125 0.869140625 0.82421875 0.875 0.767578125 0.77734375 0.755859375
0 0.7890625 0.70703125 0.8828125 0.71484375 0.88671875 0.666015625 0.79296875 0.65625
0 0.55859375 0.693359375 0.685546875 0.712890625 0.69921875 0.630859375 0.5703125 0.61328125
0 0.33203125 0.59375 0.4140625 0.60546875 0.419921875 0.560546875 0.337890625 0.548828125
0 0.400390625 0.6484375 0.44921875 0.658203125 0.455078125 0.626953125 0.40625 0.619140625
0 0.041015625 0.642578125 0.087890625 0.650390625 0.09375 0.609375 0.046875 0.6015625
0 0.076171875 0.5703125 0.083984375 0.505859375 0.05078125 0.501953125 0.037109375 0.6015625 0.09765625 0.609375 0.1015625 0.57421875
0 0.732421875 0.20703125 0.77734375 0.212890625 0.80078125 0.06640625 0.755859375 0.05859375
0 0.6015625 0.029296875 0.60546875 0.009765625 0.546875 0 0.234375 0 0.224609375 0.05859375 0.224609375 0.056640625 0.201171875 0.19140625 0.56640625 0.25390625 0.57421875 0.20703125 0.607421875 0.212890625 0.60546875 0.216796875 0.712890625 0.234375 0.744140625 0.052734375
0 0.669921875 0.365234375 0.716796875 0.373046875 0.724609375 0.328125 0.677734375 0.3203125
0 0.1953125 0.337890625 0.12109375 0.326171875 0.103515625 0.4375 0.177734375 0.451171875 0.1953125 0.33984375
0 0.732421875 0.5390625 0.75 0.427734375 0.494140625 0.38671875 0.4765625 0.498046875
0 0.251953125 0.349609375 0.1953125 0.33984375 0.177734375 0.451171875 0.4765625 0.498046875 0.494140625 0.388671875 0.28125 0.353515625 0.27734375 0.384765625 0.24609375 0.380859375
0 0.896484375 0.32421875 1 0.337890625 1 0.279296875 0.90625 0.265625
0 0.919921875 0.1953125 0.912109375 0.23828125 1 0.251953125 1 0.20703125
0 0.912109375 0.41015625 1 0.423828125 1 0.390625 0.916015625 0.376953125
0 0 0.837890625 0 0.91796875 0.06640625 0.9296875 0.078125 0.853515625
0 0.068359375 0.9140625 0.185546875 0.935546875 0.197265625 0.873046875 0.078125 0.853515625
0 0.28125 0.962890625 0.458984375 1 0.46875 1 0.48046875 0.9453125 0.29296875 0.904296875
0 0.30078125 0.724609375 0.359375 0.734375 0.369140625 0.673828125 0.30859375 0.666015625
0 0.04296875 0.7109375 0.05078125 0.66796875 0.01171875 0.6640625 0.005859375 0.70703125 0.04296875 0.7109375
0 0.03125 0.759765625 0.037109375 0.716796875 0.001953125 0.7109375 0 0.755859375 0.03125 0.759765625
0 0.572265625 0.80078125 0.58203125 0.759765625 0.54296875 0.75 0.53515625 0.79296875 0.572265625 0.80078125
0 0.0234375 0.337890625 0.02734375 0.275390625 0 0.2734375 0 0.3359375 0.0234375 0.337890625
0 0.251953125 0.271484375 0.2578125 0.224609375 0.1953125 0.216796875 0.189453125 0.26171875 0.251953125 0.271484375
0 0.587890625 0.98828125 0.609375 0.943359375 0.576171875 0.9296875 0.5546875 0.97265625 0.587890625 0.98828125
0 0.908203125 0.947265625 0.91015625 0.904296875 0.8828125 0.904296875 0.880859375 0.9453125 0.908203125 0.947265625
0 0.490234375 0.8984375 0.5 0.853515625 0.458984375 0.845703125 0.44921875 0.890625 0.490234375 0.8984375
0 0.60546875 0.76953125 0.611328125 0.73828125 0.564453125 0.728515625 0.556640625 0.7578125 0.60546875 0.76953125