0 0.306640625 0.021484375 0.322265625 0.033203125 0.3359375 0.013671875 0.3203125 0.001953125
0 0.0703125 0.138671875 0.095703125 0.1328125 0.087890625 0.091796875 0.0625 0.095703125
0 0.09765625 0.1328125 0.0703125 0.138671875 0.080078125 0.189453125 0.10546875 0.185546875
0 0.087890625 0.234375 0.115234375 0.23046875 0.10546875 0.185546875 0.080078125 0.189453125
0 0.71875 0.7109375 0.69921875 0.72265625 0.728515625 0.775390625 0.75 0.763671875 0.72265625 0.71875
0 0.740234375 0.708984375 0.72265625 0.71875 0.75 0.763671875 0.765625 0.75390625 0.751953125 0.728515625
0 0.751953125 0.728515625 0.76171875 0.72265625 0.751953125 0.703125 0.740234375 0.708984375
0 0.74609375 0.779296875 0.76953125 0.765625 0.763671875 0.75390625 0.740234375 0.767578125
0 0.693359375 0.72265625 0.712890625 0.705078125 0.703125 0.6953125 0.685546875 0.71484375
0 0.724609375 0.68359375 0.736328125 0.671875 0.724609375 0.66015625 0.712890625 0.671875
0 0.052734375 1 0.052734375 0.953125 0 0.953125 0 0.998046875 0.052734375 1