0 0.38671875 1 0.5625 1 0.73046875 0.8046875 0.1015625 0.271484375 0 0.390625 0 0.669921875
0 0.1796875 0.8671875 0 0.712890625 0 1 0.06640625 1
0 0.84765625 0.888671875 0.751953125 1 0.974609375 1
0 1 0.869140625 1 0.705078125 0.9140625 0.630859375 0.83203125 0.724609375
0 0.794921875 0.701171875 0.857421875 0.626953125 0.712890625 0.509765625 0.65234375 0.583984375
0 0.8359375 0.408203125 0.861328125 0.37890625 0.82421875 0.34765625 0.763671875 0.419921875 0.87109375 0.509765625 0.90625 0.46484375
0 0.642578125 0.5078125 0.705078125 0.4296875 0.673828125 0.404296875 0.611328125 0.482421875
0 0.4765625 0.345703125 0.583984375 0.43359375 0.638671875 0.365234375 0.53125 0.27734375 0.49609375 0.3203125
0 0.32421875 0.107421875 0.2890625 0.150390625 0.49609375 0.3203125 0.53125 0.27734375
0 0.248046875 0.134765625 0.3046875 0.064453125 0.224609375 0 0.08203125 0
0 0.505859375 0 0.298828125 0 0.728515625 0.388671875 0.822265625 0.287109375
0 1 0.521484375 0.998046875 0.08984375 0.927734375 0.091796875 0.9708696705426357 0.4133206153100775
0 0.87890625 0.134765625 0.873046875 0.095703125 0.828125 0.103515625 0.833984375 0.142578125
0 0.669921875 0.068359375 0.6953125 0.037109375 0.654296875 0.00390625 0.62890625 0.03515625
0 0.875 0.576171875 0.8984375 0.546875 0.787109375 0.458984375 0.763671875 0.48828125