0 0.634765625 0.525390625 0.66015625 0.5703125 0.859375 0.45703125 0.84375 0.4296875 0.841796875 0.431640625 0.830078125 0.412109375
0 0.552734375 0.43359375 0.7578125 0.318359375 0.736328125 0.27734375 0.53125 0.39453125
0 0.890625 0.6171875 0.892578125 0.615234375 0.87890625 0.58984375 0.705078125 0.677734375 0.7265625 0.720703125 0.900390625 0.634765625
0 0.75390625 0.98046875 0.875 0.923828125 0.83984375 0.849609375 0.71875 0.90625
0 0.990234375 0.21875 1 0.2109375 1 0.15234375 0.962890625 0.17578125
0 0.046875 0 0.01953125 0 0 0.00390625 0 0.072265625 0.060546875 0.060546875
0 0.115234375 0 0.046875 0 0.0625 0.064453125 0.126953125 0.05078125 0.12109375 0.025390625
0 0.322265625 0 0.115234375 0 0.12109375 0.025390625 0.197265625 0.015625
0 0.197265625 0.015625 0.12109375 0.025390625 0.126953125 0.05078125 0.138671875 0.107421875 0.212890625 0.095703125
0 0.279296875 0.005859375 0.197265625 0.015625 0.212890625 0.095703125 0.29296875 0.08203125
0 0.00390625 0.16015625 0.119140625 0.134765625 0.103515625 0.0546875 0.0625 0.064453125 0.060546875 0.060546875 0 0.07421875 0 0.14453125
0 0.0390625 0.185546875 0 0.193359375 0 0.23828125 0 0.26171875 0.0625 0.23046875 0.05078125 0.208984375
0 0.14453125 0.44140625 0.140625 0.560546875 0.494140625 0.5703125 0.49609375 0.451171875
0 0.140625 0.560546875 0.13671875 0.71484375 0.205078125 0.716796875 0.208984375 0.5625
0 0.236328125 0.712890625 0.236328125 0.71875 0.15234375 0.71484375 0.150390625 0.76953125 0.451171875 0.77734375 0.451171875 0.724609375 0.380859375 0.72265625 0.380859375 0.716796875
0 0.205078125 0.716796875 0.236328125 0.71875 0.236328125 0.712890625 0.380859375 0.716796875 0.380859375 0.72265625 0.44140625 0.724609375 0.439453125 0.69140625 0.205078125 0.6875
0 0.44140625 0.724609375 0.451171875 0.724609375 0.451171875 0.77734375 0.44921875 0.798828125 0.533203125 0.80078125 0.529296875 0.69140625 0.439453125 0.69140625
0 0.494140625 0.5703125 0.447265625 0.568359375 0.4453125 0.6328125 0.546875 0.634765625 0.55078125 0.453125 0.49609375 0.451171875
0 0.806640625 0.021484375 0.83984375 0 0.79296875 0
0 0.630859375 0.978515625 0.65625 0.98046875 0.66015625 0.943359375 0.634765625 0.94140625
0 0.630859375 0.978515625 0.62890625 1 0.654296875 1 0.65625 0.98046875
0 0.603515625 0.791015625 0.671875 0.7734375 0.66015625 0.732421875 0.591796875 0.751953125
0 0.12890625 0.193359375 0.0625 0.23046875 0 0.26171875 0 0.31640625 0.1484375 0.236328125 0.142578125 0.22265625
0 0.0625 0.23046875 0.12890625 0.193359375 0.115234375 0.173828125 0.05078125 0.208984375
0 0.12890625 0.193359375 0.142578125 0.22265625 0.177734375 0.20703125 0.1640625 0.158203125 0.115234375 0.173828125
0 0.177734375 0.20703125 0.310546875 0.13671875 0.30078125 0.11328125 0.1640625 0.158203125
0 0.4296875 0.033203125 0.421875 0.033203125 0.392578125 0.046875 0.3671875 0.072265625 0.3515625 0.107421875 0.369140625 0.15625 0.3984375 0.134765625 0.431640625 0.12890625 0.4296875 0.05078125
0 0.517578125 0.05078125 0.529296875 0.05078125 0.53125 0.037109375 0.541015625 0.03515625 0.541015625 0.013671875 0.5078125 0.015625 0.494140625 0.025390625 0.49609375 0.05078125
0 0.736328125 0.1640625 0.712890625 0.126953125 0.658203125 0.158203125 0.681640625 0.197265625 0.736328125 0.1640625
0 0.63671875 0.1953125 0.630859375 0.158203125 0.57421875 0.16796875 0.580078125 0.203125 0.63671875 0.1953125
0 0.625 0.12109375 0.625 0.05859375 0.59765625 0.05859375 0.599609375 0.12109375 0.625 0.12109375