0 0.056640625 0.37890625 0.021484375 0.384765625 0.021484375 0.380859375 0.001953125 0.3828125 0.00390625 0.3984375 0 0.3984375 0 0.44140625 0.033203125 0.4375 0.033203125 0.423828125 0.0625 0.419921875 0.0625 0.412109375 0.0859375 0.41015625 0.08203125 0.375
0 0.080078125 0.515625 0.078125 0.658203125 0 0.6796875 0 0.7421875 0.013671875 0.73828125 0.10546875 0.70703125 0.11328125 0.705078125 0.123046875 0.701171875 0.134765625 0.697265625 0.111328125 0.6328125 0.138671875 0.634765625 0.140625 0.515625
0 0.01171875 0.10546875 0.001953125 0.009765625 0 0.009765625 0 0.10546875
0 0.46875 0.87890625 0.572265625 0.84765625 0.564453125 0.818359375 0.4609375 0.849609375
0 0.58984375 0.837890625 0.689453125 0.802734375 0.67578125 0.75390625 0.57421875 0.787109375
0 0.728515625 0.869140625 0.74609375 0.861328125 0.701171875 0.7421875 0.68359375 0.75
0 0.615234375 0.8984375 0.59765625 0.904296875 0.607421875 0.9375 0.625 0.931640625
0 0.697265625 0.81640625 0.599609375 0.849609375 0.625 0.931640625 0.72265625 0.8984375
0 0.59765625 0.904296875 0.583984375 0.853515625 0.478515625 0.888671875 0.50390625 0.97265625 0.607421875 0.9375
0 0.51953125 0.755859375 0.5390625 0.751953125 0.533203125 0.7265625 0.513671875 0.732421875
0 0.466796875 0.783203125 0.458984375 0.751953125 0.43359375 0.759765625 0.443359375 0.791015625
0 0.541015625 0.759765625 0.443359375 0.791015625 0.44921875 0.81640625 0.548828125 0.78515625
0 0.95703125 0.326171875 1 0.31640625 1 0.306640625 0.970703125 0.177734375 0.92578125 0.189453125
0 0.931640625 0.087890625 0.953125 0.083984375 0.943359375 0 0.919921875 0.001953125
0 0.5716622205284553 0.7559546493902439 0.5931465955284553 0.7481421493902439 0.5794747205284553 0.7110327743902439 0.5579903455284553 0.7188452743902439
0 0.8515625 0.8125 0.984375 0.779296875 0.98046875 0.765625 0.849609375 0.796875
0 0.53515625 0.126953125 0.56640625 0.125 0.5625 0.05078125 0.53125 0.052734375
0 0.82421875 0.794921875 0.884765625 0.78125 0.869140625 0.720703125 0.810546875 0.736328125
0 0.89453125 0.7734375 0.951171875 0.759765625 0.935546875 0.701171875 0.880859375 0.71484375
0 0.958984375 0.7578125 1 0.748046875 1 0.681640625 0.943359375 0.697265625
0 0.87109375 0.70703125 0.859375 0.66015625 0.798828125 0.67578125 0.810546875 0.72265625
0 0.93359375 0.689453125 0.921875 0.64453125 0.869140625 0.658203125 0.880859375 0.703125
0 1 0.66796875 1 0.658203125 0.9921875 0.626953125 0.935546875 0.640625 0.9453125 0.681640625
0 0.7734375 0.841796875 0.7890625 0.83203125 0.767578125 0.798828125 0.751953125 0.80859375