0 0.6015625 0.84765625 0.359375 0.9921875 0.36328125 1 0.47265625 1 0.466796875 0.990234375 0.484375 0.978515625 0.490234375 0.98828125 0.517578125 0.97265625 0.513671875 0.962890625 0.53125 0.951171875 0.537109375 0.9609375 0.5703125 0.94140625 0.5625 0.927734375 0.58203125 0.916015625 0.58984375 0.9296875 0.634765625 0.90234375
0 0.677734375 0.94921875 0.65625 0.912109375 0.51171875 1 0.59375 1
0 0.7890625 0.796875 0.689453125 0.857421875 0.71875 0.904296875 0.818359375 0.845703125
0 0.78125 0.78515625 0.71484375 0.775390625 0.6015625 0.84765625 0.634765625 0.90234375 0.697265625 0.869140625 0.689453125 0.857421875 0.7890625 0.796875
0 0.74609375 0.888671875 0.8125 1 0.9140625 1 0.818359375 0.845703125
0 0.296875 0.787109375 0.1328125 0.876953125 0.158203125 0.923828125 0.322265625 0.833984375
0 0.080078125 0.90625 0 0.951171875 0 1 0.0234375 1 0.107421875 0.953125
0 0.1328125 0.876953125 0.08203125 0.90625 0.107421875 0.953125 0.158203125 0.923828125
0 0.650390625 0.607421875 0.623046875 0.55859375 0.509765625 0.623046875 0.5390625 0.669921875
0 0.369140625 0.8046875 0.4765625 0.734375 0.44921875 0.69140625 0.33984375 0.76171875
0 0.26171875 0.583984375 0.439453125 0.517578125 0.421875 0.46875 0.244140625 0.53515625
0 0.12109375 0.703125 0.236328125 0.662109375 0.21875 0.609375 0.1015625 0.65234375
0 0.072265625 0.70703125 0 0.732421875 0 0.771484375 0.083984375 0.7421875
0 0.05859375 0.537109375 0.177734375 0.490234375 0.15625 0.435546875 0.037109375 0.482421875
0 0.216796875 0.427734375 0.375 0.361328125 0.359375 0.322265625 0.19921875 0.388671875
0 0.6015625 0.328125 0.546875 0.3515625 0.623046875 0.53125 0.677734375 0.509765625
0 0.5234375 0.146484375 0.470703125 0.169921875 0.546875 0.3515625 0.6015625 0.328125
0 0.427734375 0.380859375 0.44921875 0.431640625 0.55078125 0.388671875 0.529296875 0.337890625
0 0.478515625 0.1875 0.3828125 0.2265625 0.404296875 0.275390625 0.498046875 0.234375
0 0.333984375 0.232421875 0.28515625 0.103515625 0.23046875 0.125 0.279296875 0.25390625
0 0.248046875 0.16796875 0.12890625 0.21484375 0.150390625 0.271484375 0.26953125 0.2265625
0 0.091796875 0.263671875 0 0.30078125 0 0.369140625 0.115234375 0.322265625
0 0.05859375 0.1171875 0.0390625 0.068359375 0 0.08203125 0 0.138671875
0 0.080078125 0.068359375 0.240234375 0.009765625 0.236328125 0 0.125 0 0.064453125 0.0234375
0 0.41796875 0.00390625 0.318359375 0.03515625 0.3359375 0.091796875 0.435546875 0.060546875
0 0.46875 0 0.4140625 0 0.435546875 0.060546875 0.484375 0.044921875