0 0.6018708881578948 0.11934621710526314 0.6526521381578948 0.10372121710526314 0.6858552631578948 0.17989309210526314 0.6350740131578948 0.19356496710526314
0 0.634765625 0.21875 0.68359375 0.19921875 0.712890625 0.279296875 0.6640625 0.298828125
0 0.826171875 0.083984375 0.875 0.068359375 0.9140625 0.15625 0.86328125 0.169921875
0 0.48828125 0.44921875 0.583984375 0.421875 0.62890625 0.640625 0.533203125 0.66796875
0 0.5162417763157895 0.7127878289473684 0.6881167763157895 0.6815378289473684 0.7271792763157895 0.7870065789473684 0.5553042763157895 0.8163034539473684
0 0.001953125 0.44140625 0.109375 0.423828125 0.123046875 0.482421875 0.013671875 0.5
0 0.6526521381578947 0.08162006578947371 0.5930304276315789 0.09703947368421056 0.5714432565789473 0.06106085526315793 0.636204769736842 0.038445723684210564
0 0.955078125 0.328125 0.93359375 0.28515625 0.841796875 0.333984375 0.861328125 0.375 0.955078125 0.328125
0 0.99609375 0.306640625 0.966796875 0.21484375 0.931640625 0.2265625 0.962890625 0.31640625 0.99609375 0.306640625
0 0.724609375 0.955078125 0.716796875 0.919921875 0.6484375 0.9375 0.658203125 0.97265625 0.724609375 0.955078125
0 0.05859375 0.998046875 0.05859375 0.927734375 0 0.927734375 0 1 0.05859375 0.998046875