0 0.12109375 0.80078125 0.326171875 0.78515625 0.33203125 0.833984375 0.125 0.84765625
0 0.109375 0.658203125 0.330078125 0.65234375 0.33203125 0.701171875 0.111328125 0.708984375
0 0.416015625 0.65234375 0.638671875 0.65234375 0.638671875 0.712890625 0.416015625 0.712890625
0 0.70703125 0.654296875 0.921875 0.654296875 0.921875 0.7109375 0.70703125 0.7109375
0 0.72265625 0.8359375 0.724609375 0.78125 0.94140625 0.791015625 0.939453125 0.845703125
0 0.376953125 0.794921875 0.60546875 0.78515625 0.607421875 0.83203125 0.37890625 0.84375
0 0.125 0.931640625 0.328125 0.931640625 0.328125 0.990234375 0.125 0.990234375
0 0.260485197368421 0.3159950657894737 0.25637335526315785 0.2594572368421053 0.5217927631578948 0.25524259868421045 0.5205592105263158 0.3149671052631579
0 0.119140625 0.150390625 0.22265625 0.150390625 0.22265625 0.220703125 0.119140625 0.220703125
0 0.126953125 0.337890625 0.236328125 0.337890625 0.236328125 0.41796875 0.126953125 0.41796875
0 0.30129523026315796 0.322265625 0.508326480263158 0.322265625 0.508326480263158 0.40039062499999994 0.30129523026315796 0.40039062499999994
0 0.3310032894736843 0.14000822368421054 0.5360814144736843 0.14000822368421054 0.5360814144736843 0.21227384868421054 0.3310032894736843 0.21227384868421054
0 0.783203125 0.001953125 0.8515625 0.001953125 0.8515625 0.0390625 0.783203125 0.0390625
0 0.869140625 0.017578125 0.947265625 0.017578125 0.947265625 0.08203125 0.869140625 0.08203125
0 0.767578125 0.068359375 0.837890625 0.068359375 0.837890625 0.12890625 0.767578125 0.12890625
0 0.843955592105263 0.13620476973684212 0.920127467105263 0.13620476973684212 0.920127467105263 0.20065789473684212 0.843955592105263 0.20065789473684212
0 0.7789884868421052 0.224609375 0.8336759868421052 0.224609375 0.8336759868421052 0.283203125 0.7789884868421052 0.283203125
0 0.8525904605263158 0.2759046052631579 0.9268092105263158 0.2759046052631579 0.9268092105263158 0.3442639802631579 0.8525904605263158 0.3442639802631579
0 0.7930715460526316 0.3568050986842105 0.8458059210526316 0.3568050986842105 0.8458059210526316 0.4095394736842105 0.7930715460526316 0.4095394736842105
0 0.95703125 0.3500205592105263 1 0.3500205592105263 1 0.4164268092105263 0.95703125 0.4164268092105263
0 0.9609375 0.1533717105263158 1 0.1533717105263158 1 0.2236842105263158 0.9609375 0.2236842105263158
0 0.6328125 0.212890625 0.703125 0.212890625 0.703125 0.263671875 0.6328125 0.263671875
0 0.3129111842105263 0.04420230263157894 0.29543585526315796 0 0.11657072368421051 0 0.13096217105263164 0.03803453947368421
0 0.5565378289473684 0.04420230263157894 0.5390625 0 0.36019736842105254 0 0.3745888157894737 0.03803453947368421
0 0.3812806372549019 0.9353043300653594 0.3863875885867913 0.998046875 0.6161662581699346 0.998046875 0.5982945261437909 0.9391339869281046
0 0.958984375 1 0.958984375 0.9765625 0.689453125 0.9765625 0.689453125 1 0.958984375 1