0 0.8828125 0.912109375 0.5234375 0.912109375 0.5234375 1 0.8828125 1
0 0.5234375 0.9453125 0.458984375 0.9453125 0.458984375 1 0.5234375 1
0 0.458984375 0.8046875 0.09375 0.8046875 0.09375 1 0.458984375 1 0.458984375 0.9453125
0 0.90234375 0.837890625 0.90234375 0.787109375 0.662109375 0.787109375 0.662109375 0.837890625
0 0.021484375 0.109375 0.255859375 0.109375 0.255859375 0 0.021484375 0
0 0.255859375 0.22265625 0.44921875 0.22265625 0.44921875 0 0.255859375 0 0.255859375 0.109375
0 0.029296875 0.150390625 0.029296875 0.208984375 0.21484375 0.208984375 0.21484375 0.171875 0.080078125 0.171875 0.080078125 0.150390625
0 0.521484375 0.162109375 0.521484375 0.220703125 0.865234375 0.220703125 0.865234375 0.162109375 0.525390625 0.162109375
0 0.86328125 0 0.525390625 0 0.525390625 0.162109375 0.86328125 0.162109375 0.86328125 0.05078125
0 0.89453125 0.23828125 0.935546875 0.23828125 0.935546875 0.05859375 0.89453125 0.05859375 0.89453125 0.154296875
0 0.89453125 0.05078125 0.86328125 0.05078125 0.86328125 0.154296875 0.89453125 0.154296875
0 0.029296875 0.95703125 0.029296875 0.87109375 0 0.87109375 0 0.95703125 0.029296875 0.95703125
0 0.5546875 0.412109375 0.5546875 0.369140625 0.45703125 0.369140625 0.45703125 0.412109375 0.5546875 0.412109375
0 0.41015625 0.302734375 0.41015625 0.2734375 0.34765625 0.271484375 0.34765625 0.302734375 0.41015625 0.302734375