0 0.890625 0.939453125 0.65625 0.986328125 0.658203125 1 0.845703125 1 0.90234375 1 0.90234375 0.990234375
0 0.37109375 0.896484375 0.57421875 0.859375 0.564453125 0.8046875 0.361328125 0.84375
0 0.03515625 0.154296875 0.025390625 0.1015625 0 0.10546875 0 0.16015625
0 0.763671875 0.6328125 0.5625 0.650390625 0.56640625 0.697265625 0.767578125 0.6796875
0 0.7578125 0.572265625 0.70703125 0.578125 0.712890625 0.63671875 0.763671875 0.6328125
0 0.09765625 0.513671875 0.08984375 0.462890625 0 0.478515625 0 0.529296875
0 0.107421875 0.306640625 0.458984375 0.240234375 0.44921875 0.185546875 0.09765625 0.251953125
0 0.4375 0.5078125 0.439453125 0.51953125 0.404296875 0.525390625 0.40234375 0.513671875 0.341796875 0.525390625 0.34375 0.537109375 0.310546875 0.54296875 0.30859375 0.53515625 0.25 0.544921875 0.251953125 0.5546875 0.228515625 0.55859375 0.2265625 0.548828125 0.154296875 0.5625 0.15625 0.572265625 0.146484375 0.57421875 0.154296875 0.61328125 0.513671875 0.546875 0.505859375 0.5078125 0.49609375 0.509765625 0.494140625 0.49609375
0 0.48828125 0.2265625 0.734375 0.1796875 0.7265625 0.130859375 0.48046875 0.177734375
0 0 0.662109375 0 0.716796875 0.13671875 0.693359375 0.125 0.640625
0 0.20703125 0.78515625 0.5546875 0.720703125 0.546875 0.67578125 0.19921875 0.740234375
0 0.796875 0.779296875 0.798828125 0.783203125 0.76171875 0.791015625 0.759765625 0.78515625 0.701171875 0.796875 0.703125 0.806640625 0.65625 0.814453125 0.654296875 0.8046875 0.60546875 0.814453125 0.6171875 0.87109375 0.865234375 0.826171875 0.853515625 0.767578125
0 0.466796875 0.060546875 0.7109375 0.015625 0.70703125 0 0.521484375 0 0.458984375 0.01171875
0 0.251953125 0.849609375 0.25 0.845703125 0.2109375 0.853515625 0.220703125 0.90625 0.361328125 0.880859375 0.353515625 0.830078125
0 0 0.291015625 0 0.345703125 0.064453125 0.333984375 0.0546875 0.28125
0 0.1640625 0.853515625 0.154296875 0.802734375 0 0.83203125 0 0.884765625
0 0.494140625 0.3984375 0.484375 0.34375 0.126953125 0.41015625 0.13671875 0.46484375
0 0.734375 0.513671875 0.732421875 0.466796875 0.546875 0.478515625 0.55078125 0.525390625
0 0.083984375 0.134765625 0.43359375 0.0703125 0.423828125 0.021484375 0.07421875 0.087890625
0 0.521484375 0.380859375 0.76953125 0.333984375 0.76171875 0.291015625 0.513671875 0.337890625
0 0.841796875 0.75390625 0.828125 0.689453125 0.783203125 0.697265625 0.794921875 0.763671875 0.841796875 0.75390625
0 0.62109375 0.603515625 0.6171875 0.5546875 0.55078125 0.55859375 0.552734375 0.609375 0.62109375 0.603515625