0 0.408203125 0.728515625 0.548828125 0.7265625 0.546875 0.65625 0.408203125 0.658203125
0 0.828125 0.173828125 0.966796875 0.173828125 0.966796875 0.095703125 0.826171875 0.09765625
0 0.71484375 0.6484375 0.71484375 0.669921875 0.6796875 0.669921875 0.6796875 0.728515625 0.841796875 0.7265625 0.83984375 0.66796875 0.818359375 0.66796875 0.818359375 0.6484375
0 0.482421875 0.3828125 0.482421875 0.396484375 0.435546875 0.396484375 0.4375 0.451171875 0.5859375 0.44921875 0.583984375 0.39453125 0.55859375 0.39453125 0.55859375 0.380859375
0 0.443359375 0.189453125 0.587890625 0.1875 0.5859375 0.115234375 0.44140625 0.1171875
0 0.37109375 0.244140625 0.380859375 0 0.310546875 0 0.30078125 0.240234375
0 0.361328125 0.55859375 0.376953125 0.265625 0.298828125 0.26171875 0.283203125 0.55859375 0.28125 0.759765625 0.361328125 0.759765625 0.36328125 0.55859375
0 0 0.4921875 0 0.529296875 0.02734375 0.53125 0.02734375 0.494140625
0 0 0.45703125 0 0.4921875 0.02734375 0.494140625 0.02734375 0.458984375
0 0.025390625 0.62109375 0.02734375 0.552734375 0 0.552734375 0 0.62109375 0.025390625 0.62109375
0 0.91015625 0.259765625 0.91015625 0.220703125 0.873046875 0.220703125 0.873046875 0.259765625 0.91015625 0.259765625