0 0.40625 0.359375 0.41015625 0.373046875 0.37890625 0.37890625 0.375 0.359375 0.35546875 0.365234375 0.359375 0.384765625 0.328125 0.392578125 0.322265625 0.37109375 0.291015625 0.37890625 0.298828125 0.412109375 0.267578125 0.419921875 0.27734375 0.4609375 0.482421875 0.412109375 0.47265625 0.37109375 0.4296875 0.380859375 0.423828125 0.35546875
0 0.728515625 0.31640625 0.736328125 0.34765625 0.716796875 0.3515625 0.708984375 0.322265625 0.671875 0.33203125 0.6796875 0.361328125 0.64453125 0.37109375 0.63671875 0.341796875 0.619140625 0.345703125 0.626953125 0.375 0.5859375 0.38671875 0.599609375 0.439453125 0.806640625 0.384765625 0.79296875 0.33203125 0.76953125 0.337890625 0.759765625 0.30859375
0 0.76953125 0.626953125 0.7734375 0.650390625 0.6796875 0.673828125 0.671875 0.64453125 0.64453125 0.650390625 0.65234375 0.6796875 0.603515625 0.69140625 0.615234375 0.736328125 0.845703125 0.6796875 0.833984375 0.634765625 0.796875 0.64453125 0.79296875 0.62109375
0 0.84375 0.892578125 0.84765625 0.91015625 0.796875 0.923828125 0.79296875 0.90625 0.759765625 0.916015625 0.763671875 0.931640625 0.71875 0.943359375 0.71484375 0.927734375 0.669921875 0.939453125 0.673828125 0.955078125 0.650390625 0.9609375 0.66015625 1 0.724609375 1 0.923828125 0.94921875 0.91015625 0.89453125 0.890625 0.900390625 0.884765625 0.8828125
0 0.345703125 0.806640625 0.525390625 0.763671875 0.513671875 0.712890625 0.333984375 0.755859375
0 0.921875 0.4375 0.8515625 0.455078125 0.966796875 0.94140625 1 0.93359375 1 0.767578125
0 0.828125 0.18359375 0.572265625 0.205078125 0.578125 0.25390625 0.818359375 0.232421875 0.83203125 0.240234375 0.87109375 0.421875 0.919921875 0.41015625 0.87890625 0.21875
0 0.482421875 0.24609375 0.4375 0.22265625 0.26171875 0.25390625 0.23828125 0.2890625 0.240234375 0.30859375 0.484375 0.265625
0 0.384765625 0.884765625 0.3984375 0.966796875 0.578125 0.935546875 0.568359375 0.875 0.537109375 0.880859375 0.533203125 0.859375
0 0.103515625 0.4453125 0.09375 0.380859375 0 0.392578125 0 0.458984375
0 0.001953125 0.28515625 0 0.28515625 0 0.375 0.013671875 0.37890625 0.015625 0.392578125 0.0703125 0.384765625 0.0625 0.330078125
0 0.0703125 0.6484375 0.072265625 0.6796875 0.0546875 0.681640625 0.052734375 0.650390625 0.015625 0.65234375 0.01953125 0.6875 0.001953125 0.6875 0.00390625 0.6953125 0 0.6953125 0 0.7421875 0.1640625 0.73046875 0.16015625 0.68359375 0.134765625 0.685546875 0.1328125 0.642578125
0 0.6484375 0.017578125 0.78515625 0.0078125 0.783203125 0 0.646484375 0
0 0.21484375 0.044921875 0.271484375 0.080078125 0.27734375 0.080078125 0.265625 0 0.2109375 0
0 0.369140625 0.01171875 0.341796875 0.013671875 0.33984375 0 0.3125 0 0.314453125 0.021484375 0.279296875 0.0234375 0.283203125 0.078125 0.419921875 0.068359375 0.416015625 0.015625 0.396484375 0.017578125 0.39453125 0 0.3671875 0
0 0.78515625 0.0078125 0.708984375 0.013671875 0.720703125 0.072265625 0.822265625 0.052734375 0.86328125 0 0.783203125 0
0 0.830078125 0.541015625 0.81640625 0.462890625 0.78125 0.46875 0.794921875 0.546875 0.830078125 0.541015625