0 0.755859375 0 0.66015625 0 0.53125 0.099609375 0.56640625 0.146484375 0.619140625 0.10546875
0 0.619140625 0.10546875 0.56640625 0.146484375 0.623046875 0.21875 0.67578125 0.1796875
0 0.53125 0 0.453125 0 0.53125 0.099609375 0.580078125 0.0625
0 0.669921875 0.271484375 0.88671875 0.10546875 0.853515625 0.060546875 0.63671875 0.228515625
0 0.91015625 0.09375 1 0.0234375 1 0 0.943359375 0 0.87890625 0.05078125
0 0.365234375 0.498046875 0.55859375 0.373046875 0.521484375 0.318359375 0.330078125 0.443359375
0 0.2890625 0.34765625 0.44140625 0.23046875 0.40625 0.18359375 0.251953125 0.302734375
0 0.337890625 0.095703125 0.28125 0.140625 0.349609375 0.228515625 0.40625 0.18359375
0 0.2734375 0.009765625 0.21484375 0.0546875 0.244140625 0.09375 0.302734375 0.048828125
0 0.302734375 0.048828125 0.146484375 0.16796875 0.18359375 0.21484375 0.337890625 0.095703125
0 0.111328125 0.6171875 0.306640625 0.48828125 0.271484375 0.435546875 0.076171875 0.564453125
0 0.033203125 0.46875 0.220703125 0.337890625 0.189453125 0.29296875 0.001953125 0.42578125
0 0.083984375 0.2578125 0.150390625 0.232421875 0.134765625 0.19140625 0.068359375 0.216796875
0 0.052734375 0.04296875 0.052734375 0 0 0 0 0.04296875 0.052734375 0.04296875