0 0.931640625 0.259765625 0.927734375 0.1640625 0.595703125 0.177734375 0.599609375 0.2734375 0.609375 0.2734375
0 0.935546875 0.357421875 0.931640625 0.259765625 0.599609375 0.2734375 0.603515625 0.37109375 0.611328125 0.37109375
0 0.927734375 0.1640625 0.923828125 0.072265625 0.591796875 0.0859375 0.595703125 0.177734375 0.60546875 0.177734375
0 0.33203125 0.521484375 0.556640625 0.513671875 0.546875 0.30078125 0.32421875 0.30859375
0 0.24609375 0.546875 0.2421875 0.470703125 0.0546875 0.478515625 0.056640625 0.5546875 0.091796875 0.5546875 0.091796875 0.572265625 0.21484375 0.56640625 0.21484375 0.548828125
0 0.033203125 0.240234375 0.11328125 0.236328125 0.107421875 0.095703125 0.02734375 0.099609375
0 0.525390625 0.078125 0.107421875 0.095703125 0.11328125 0.236328125 0.53125 0.220703125
0 0.005859375 0.900390625 0.01171875 1 0.54296875 1 0.541015625 0.94140625 0.416015625 0.94921875 0.41015625 0.873046875
0 0.48828125 0.849609375 0.486328125 0.810546875 0.41015625 0.814453125 0.412109375 0.85546875 0.48828125 0.849609375
0 0.234375 0.3828125 0.2265625 0.236328125 0.01953125 0.24609375 0.025390625 0.392578125 0.234375 0.3828125
0 0.728515625 0.58984375 0.7265625 0.55859375 0.662109375 0.560546875 0.6640625 0.591796875 0.728515625 0.58984375
0 1 0.529296875 0.998046875 0.416015625 0.97265625 0.416015625 0.974609375 0.529296875 1 0.529296875
0 0.580078125 0.59765625 0.580078125 0.560546875 0.482421875 0.5625 0.484375 0.6015625 0.580078125 0.59765625
0 0.486328125 0.59765625 0.484375 0.564453125 0.4375 0.568359375 0.439453125 0.6015625 0.486328125 0.59765625
0 1 0.400390625 0.998046875 0.361328125 0.97265625 0.361328125 0.97265625 0.400390625 1 0.400390625
0 1 0.35546875 0.998046875 0.31640625 0.97265625 0.318359375 0.974609375 0.35546875 1 0.35546875
0 0.65625 0.998046875 0.65625 0.970703125 0.609375 0.97265625 0.609375 1 0.65625 0.998046875
0 0.41015625 0.8515625 0.408203125 0.822265625 0.265625 0.830078125 0.267578125 0.859375 0.41015625 0.8515625