0 0.826171875 1 1 1 1 0.650390625 0.80078125 0.666015625
0 0.818359375 0.60546875 0.87890625 0.603515625 0.87890625 0.54296875 0.818359375 0.544921875
0 0.6640625 0.552734375 0.720703125 0.556640625 0.724609375 0.501953125 0.666015625 0.5
0 0.560546875 0.5078125 0.55078125 0.572265625 0.525390625 0.568359375 0.501953125 0.734375 0.46484375 0.728515625 0.458984375 0.775390625 0.55859375 0.7890625 0.59765625 0.51171875
0 0.744140625 0.716796875 0.603515625 0.693359375 0.591796875 0.76953125 0.62890625 0.775390625 0.591796875 0.998046875 0.603515625 1 0.6953125 1 0.736328125 0.76953125
0 0.740234375 0.529296875 0.708984375 0.7109375 0.744140625 0.716796875 0.775390625 0.53515625
0 0.759765625 0.869140625 0.732421875 0.87109375 0.736328125 0.982421875 0.763671875 0.982421875
0 0.763671875 0.982421875 0.716796875 0.982421875 0.716796875 1 0.763671875 1
0 0.5234375 0.888671875 0.525390625 0.798828125 0.48046875 0.796875 0.478515625 0.888671875 0.5234375 0.888671875
0 0.517578125 0.537109375 0.517578125 0.4609375 0.486328125 0.4609375 0.484375 0.53515625 0.517578125 0.537109375
0 0.798828125 0.82421875 0.80078125 0.7265625 0.759765625 0.7265625 0.7578125 0.82421875 0.798828125 0.82421875