0 0.140625 0.205078125 0.142578125 0.146484375 0 0.142578125 0 0.19921875
0 0.12890625 0.029296875 0.12890625 0 0 0 0 0.025390625
0 0.271484375 0.224609375 0.267578125 0.314453125 0.123046875 0.310546875 0.12109375 0.380859375 0.34765625 0.38671875 0.3515625 0.2265625
0 0.005859375 0.5546875 0.015625 0.267578125 0 0.265625 0 0.552734375
0 0.419921875 0.376953125 0.6484375 0.3828125 0.65625 0.1328125 0.427734375 0.126953125
0 0.330078125 0.072265625 0.73828125 0.083984375 0.740234375 0 0.330078125 0
0 0.150390625 0.55859375 0.146484375 0.66015625 0.435546875 0.669921875 0.4375 0.56640625
0 0 0.57421875 0 0.72265625 0.091796875 0.7265625 0.095703125 0.578125
0 0.064453125 0.943359375 0.06640625 0.8671875 0 0.86328125 0 0.94140625
0 0.615234375 0.94921875 0.92578125 0.958984375 0.927734375 0.876953125 0.6171875 0.8671875
0 0.30859375 1 0.697265625 1 0.69921875 0.98046875 0.310546875 0.96875
0 0.21875 0.978515625 0.216796875 1 0.283203125 1 0.28515625 0.98046875
0 0.150390625 0.98828125 0.1484375 1 0.216796875 1 0.21875 0.990234375
0 0.142578125 0.736328125 0.13671875 0.91796875 0.220703125 0.919921875 0.2265625 0.73828125
0 0.3046875 0.75 0.298828125 0.931640625 0.369140625 0.93359375 0.373046875 0.833984375 0.576171875 0.83984375 0.578125 0.7578125
0 1 0.865234375 0.998046875 0.771484375 0.962890625 0.771484375 0.962890625 0.865234375 1 0.865234375
0 0.26953125 0.21875 0.26953125 0 0.1484375 0 0.1484375 0.21875 0.26953125 0.21875