0 0.861328125 0.92578125 0.861328125 0.982421875 1 0.982421875 1 0.92578125
0 0.759765625 0.98046875 0.76171875 0.9140625 0.48046875 0.912109375 0.48046875 0.978515625
0 0.248046875 0.90625 0.248046875 0.919921875 0.216796875 0.919921875 0.216796875 0.9765625 0.48046875 0.978515625 0.48046875 0.921875 0.44921875 0.921875 0.44921875 0.908203125 0.431640625 0.908203125 0.431640625 0.921875 0.36328125 0.921875 0.36328125 0.908203125 0.33984375 0.908203125 0.33984375 0.919921875 0.271484375 0.919921875 0.2734375 0.90625
0 0.033203125 0.580078125 0.033203125 0.54296875 0.029296875 0.54296875 0.029296875 0.51953125 0.017578125 0.51953125 0.017578125 0.51171875 0 0.509765625 0 0.578125
0 0.037109375 0.08984375 0.0390625 0.04296875 0.015625 0.04296875 0.017578125 0.029296875 0.00390625 0.029296875 0.00390625 0.01953125 0 0.01953125 0 0.087890625
0 0.890625 0.439453125 0.888671875 0.5234375 1 0.5234375 1 0.439453125
0 0.232421875 0.265625 0.232421875 0.271484375 0.21484375 0.271484375 0.21484375 0.29296875 0.201171875 0.29296875 0.201171875 0.32421875 0.509765625 0.326171875 0.509765625 0.294921875 0.494140625 0.294921875 0.494140625 0.27734375 0.48046875 0.27734375 0.48046875 0.267578125 0.423828125 0.267578125 0.423828125 0.275390625 0.41015625 0.275390625 0.41015625 0.294921875 0.3984375 0.294921875 0.3984375 0.2734375 0.38671875 0.2734375 0.38671875 0.267578125 0.326171875 0.267578125 0.326171875 0.275390625 0.3125 0.275390625 0.3125 0.29296875 0.30078125 0.29296875 0.30078125 0.275390625 0.287109375 0.275390625 0.287109375 0.265625
0 0.578125 0.265625 0.578125 0.28125 0.54296875 0.28125 0.54296875 0.318359375 0.5703125 0.318359375 0.5703125 0.333984375 0.595703125 0.333984375 0.595703125 0.318359375 0.615234375 0.318359375 0.615234375 0.333984375 0.634765625 0.333984375 0.63671875 0.318359375 0.671875 0.3203125 0.671875 0.333984375 0.6875 0.333984375 0.6875 0.3203125 0.705078125 0.3203125 0.705078125 0.333984375 0.732421875 0.333984375 0.734375 0.3203125 0.759765625 0.3203125 0.759765625 0.283203125 0.736328125 0.283203125 0.736328125 0.265625 0.662109375 0.265625 0.662109375 0.296875 0.65234375 0.296875 0.65234375 0.265625
0 0.587890625 0.0234375 0.587890625 0.037109375 0.5546875 0.03515625 0.5546875 0.083984375 0.74609375 0.0859375 0.74609375 0.037109375 0.72265625 0.037109375 0.72265625 0.025390625 0.681640625 0.025390625 0.681640625 0.037109375 0.630859375 0.037109375 0.630859375 0.0234375
0 0.234375 0.5078125 0.232421875 0.513671875 0.216796875 0.513671875 0.216796875 0.53515625 0.201171875 0.53515625 0.201171875 0.56640625 0.51171875 0.568359375 0.51171875 0.537109375 0.49609375 0.537109375 0.49609375 0.517578125 0.482421875 0.517578125 0.482421875 0.509765625 0.423828125 0.509765625 0.423828125 0.515625 0.412109375 0.515625 0.412109375 0.537109375 0.3984375 0.53515625 0.400390625 0.515625 0.388671875 0.515625 0.388671875 0.509765625 0.328125 0.5078125 0.328125 0.517578125 0.314453125 0.517578125 0.314453125 0.53515625 0.302734375 0.53515625 0.302734375 0.517578125 0.2890625 0.517578125 0.2890625 0.5078125
0 0.87109375 0.275390625 0.87109375 0.28125 0.8515625 0.28125 0.8515625 0.2890625 0.8203125 0.2890625 0.8203125 0.33203125 1 0.33203125 1 0.28125 0.978515625 0.28125 0.978515625 0.291015625 0.91015625 0.291015625 0.91015625 0.28125 0.888671875 0.28125 0.888671875 0.275390625
0 0.234375 0.025390625 0.234375 0.03125 0.216796875 0.03125 0.216796875 0.05078125 0.203125 0.05078125 0.203125 0.08203125 0.513671875 0.083984375 0.513671875 0.0546875 0.498046875 0.052734375 0.498046875 0.03515625 0.482421875 0.03515625 0.482421875 0.02734375 0.42578125 0.025390625 0.42578125 0.033203125 0.412109375 0.033203125 0.412109375 0.052734375 0.400390625 0.052734375 0.400390625 0.033203125 0.388671875 0.033203125 0.388671875 0.025390625 0.328125 0.025390625 0.328125 0.03515625 0.31640625 0.033203125 0.314453125 0.052734375 0.302734375 0.052734375 0.3046875 0.033203125 0.291015625 0.033203125 0.291015625 0.025390625
0 0.578125 0.505859375 0.578125 0.521484375 0.54296875 0.521484375 0.541015625 0.55859375 0.5703125 0.560546875 0.5703125 0.57421875 0.595703125 0.57421875 0.595703125 0.560546875 0.615234375 0.560546875 0.615234375 0.57421875 0.634765625 0.57421875 0.634765625 0.560546875 0.671875 0.560546875 0.671875 0.57421875 0.6875 0.57421875 0.6875 0.560546875 0.705078125 0.560546875 0.705078125 0.576171875 0.732421875 0.576171875 0.732421875 0.560546875 0.759765625 0.560546875 0.759765625 0.5234375 0.734375 0.5234375 0.736328125 0.5078125 0.662109375 0.505859375 0.662109375 0.5390625 0.65234375 0.5390625 0.65234375 0.505859375
0 0.849609375 0.025390625 0.84765625 0.037109375 0.8203125 0.037109375 0.8203125 0.087890625 1 0.08984375 1 0.0390625 0.98828125 0.0390625 0.98828125 0.025390625 0.94140625 0.025390625 0.94140625 0.037109375 0.890625 0.037109375 0.890625 0.025390625
0 0.033203125 0.341796875 0.033203125 0.259765625 0 0.259765625 0 0.341796875 0.033203125 0.341796875