0 0.2265625 0.09375 0.228515625 0.033203125 0 0.03125 0 0.091796875
0 0.291015625 0.3515625 0 0.349609375 0 0.404296875 0.2890625 0.40625
0 0.228515625 0.25390625 0.23046875 0.1953125 0 0.193359375 0 0.251953125
0 0.171875 0.55859375 0.171875 0.49609375 0 0.494140625 0 0.556640625
0 0.51171875 0.0703125 0.71875 0.0703125 0.71875 0.013671875 0.51171875 0.013671875
0 0.2734375 0.146484375 0.291015625 0.146484375 0.291015625 0.03515625 0.2734375 0.03515625
0 0.45703125 0.1484375 0.4765625 0.1484375 0.4765625 0.041015625 0.458984375 0.041015625
0 0.26953125 0.65625 0.208984375 0.58984375 0 0.787109375 0 0.904296875 0.08984375 0.8203125
0 0.474609375 0.455078125 0.408203125 0.380859375 0.34765625 0.435546875 0.361328125 0.451171875 0.208984375 0.58984375 0.26171875 0.6484375 0.4140625 0.509765625
0 0.71484375 0.716796875 0.841796875 0.59765625 0.80859375 0.560546875 0.681640625 0.6796875
0 0.611328125 0.775390625 0.419921875 0.9609375 0.4296875 0.970703125 0.419921875 0.98046875 0.4375 1 0.4609375 1 0.650390625 0.81640625
0 0.892578125 0.69140625 0.68359375 0.892578125 0.7265625 0.9375 0.935546875 0.734375
0 0.787109375 0.087890625 0.697265625 0.171875 0.65625 0.12890625 0.6171875 0.16796875 0.599609375 0.150390625 0.51953125 0.224609375 0.52734375 0.234375 0.505859375 0.25390625 0.58984375 0.341796875 0.8203125 0.123046875
0 0.5234375 0.32421875 0.484375 0.28125 0.396484375 0.359375 0.43359375 0.40234375 0.5234375 0.32421875
0 0.962890625 0.0625 0.962890625 0 0.83984375 0 0.83984375 0.0625 0.962890625 0.0625
0 0.56640625 0.40234375 0.537109375 0.3671875 0.470703125 0.42578125 0.501953125 0.4609375 0.56640625 0.40234375
0 0.970703125 0.501953125 0.8984375 0.419921875 0.849609375 0.462890625 0.921875 0.544921875 0.970703125 0.501953125