0 0.4609375 0.951171875 0.484375 0.943359375 0.48046875 0.93359375 0.45703125 0.94140625
0 0.509765625 0.95703125 0.51953125 0.974609375 0.525390625 0.970703125 0.515625 0.953125
0 0.501953125 0.978515625 0.5078125 0.986328125 0.513671875 0.982421875 0.509765625 0.974609375
0 0.63671875 0.537109375 0.646484375 0.58203125 0.701171875 0.568359375 0.70703125 0.5859375 0.720703125 0.58203125 0.70703125 0.51953125
0 0.728515625 0.572265625 0.7578125 0.568359375 0.751953125 0.48046875 0.72265625 0.482421875
0 0.708984375 0.478515625 0.728515625 0.474609375 0.72265625 0.4453125 0.703125 0.44921875
0 0.638671875 0.443359375 0.7109375 0.423828125 0.703125 0.3984375 0.6328125 0.416015625 0.63671875 0.435546875
0 0.61328125 0.419921875 0.6171875 0.439453125 0.63671875 0.435546875 0.6328125 0.416015625
0 0.435546875 0.296875 0.458984375 0.296875 0.458984375 0.185546875 0.435546875 0.185546875
0 0.435546875 0.35546875 0.458984375 0.35546875 0.458984375 0.296875 0.435546875 0.296875
0 0.974609375 0.287109375 0.958984375 0.306640625 0.96484375 0.3125 0.9609375 0.318359375 1 0.349609375 1 0.306640625
0 0.94140625 0.26953125 0.9140625 0.3046875 0.94140625 0.328125 0.96875 0.29296875
0 0.96484375 0.3125 0.958984375 0.306640625 0.94140625 0.328125 0.94921875 0.33203125 0.9609375 0.318359375
0 0.896484375 0.234375 0.880859375 0.25390625 0.92578125 0.291015625 0.94140625 0.26953125
0 0.646484375 1 0.63671875 0.916015625 0.603515625 0.919921875 0.61328125 1 0.646484375 1
0 0.580078125 0.41796875 0.5625 0.30859375 0.46484375 0.32421875 0.482421875 0.43359375 0.580078125 0.41796875
0 0.431640625 0.396484375 0.427734375 0.345703125 0.3828125 0.34765625 0.384765625 0.3984375 0.431640625 0.396484375