0 0.990234375 0.087890625 0.990234375 0.103515625 0.951171875 0.103515625 0.951171875 0.087890625 0.92578125 0.087890625 0.92578125 0.1015625 0.89453125 0.1015625 0.89453125 0.087890625 0.87109375 0.087890625 0.87109375 0.103515625 0.83203125 0.103515625 0.83203125 0.087890625 0.810546875 0.087890625 0.810546875 0.111328125 0.791015625 0.111328125 0.791015625 0.16796875 1 0.16796875 1 0.087890625
0 0.982421875 0.26171875 0.982421875 0.275390625 0.94921875 0.275390625 0.94921875 0.26171875 0.927734375 0.26171875 0.927734375 0.27734375 0.896484375 0.27734375 0.896484375 0.26171875 0.869140625 0.26171875 0.869140625 0.279296875 0.83203125 0.279296875 0.83203125 0.26171875 0.8125 0.26171875 0.8125 0.2890625 0.791015625 0.2890625 0.791015625 0.34375 1 0.34375 1 0.26171875
0 0.70703125 0.462890625 0.70703125 0.470703125 0.681640625 0.470703125 0.681640625 0.462890625 0.6484375 0.462890625 0.6484375 0.470703125 0.6171875 0.470703125 0.6171875 0.462890625 0.591796875 0.462890625 0.591796875 0.470703125 0.576171875 0.470703125 0.576171875 0.48828125 0.57421875 0.48828125 0.57421875 0.529296875 0.75 0.529296875 0.75 0.47265625 0.732421875 0.47265625 0.732421875 0.462890625
0 0.75390625 0.3046875 0.5703125 0.3046875 0.5703125 0.341796875 0.75390625 0.341796875
0 0.75390625 0.126953125 0.5703125 0.126953125 0.5703125 0.1640625 0.75390625 0.1640625
0 0.611328125 0.640625 0.5703125 0.638671875 0.5703125 0.650390625 0.55859375 0.650390625 0.55859375 0.69921875 0.73828125 0.701171875 0.73828125 0.6484375 0.724609375 0.6484375 0.724609375 0.640625 0.689453125 0.640625 0.689453125 0.6484375 0.66796875 0.6484375 0.66796875 0.640625 0.630859375 0.640625 0.630859375 0.6484375 0.611328125 0.6484375
0 0.615234375 0.80859375 0.572265625 0.80859375 0.572265625 0.818359375 0.5625 0.818359375 0.560546875 0.8671875 0.740234375 0.869140625 0.7421875 0.81640625 0.728515625 0.81640625 0.728515625 0.80859375 0.693359375 0.80859375 0.693359375 0.81640625 0.671875 0.81640625 0.671875 0.80859375 0.634765625 0.80859375 0.634765625 0.818359375 0.615234375 0.81640625
0 0.833984375 0.6328125 0.802734375 0.6328125 0.802734375 0.642578125 0.7890625 0.642578125 0.7890625 0.6953125 1 0.6953125 1 0.634765625 0.982421875 0.634765625 0.982421875 0.642578125 0.962890625 0.642578125 0.962890625 0.634765625 0.923828125 0.6328125 0.923828125 0.640625 0.892578125 0.640625 0.892578125 0.6328125 0.857421875 0.6328125 0.857421875 0.640625 0.833984375 0.640625
0 0.79296875 0.875 1 0.873046875 1 0.814453125 0.79296875 0.81640625
0 0.982421875 0.44140625 0.982421875 0.455078125 0.94921875 0.455078125 0.94921875 0.44140625 0.927734375 0.44140625 0.927734375 0.45703125 0.896484375 0.45703125 0.896484375 0.44140625 0.869140625 0.44140625 0.869140625 0.458984375 0.83203125 0.458984375 0.83203125 0.44140625 0.8125 0.44140625 0.8125 0.46875 0.791015625 0.46875 0.791015625 0.5234375 1 0.5234375 1 0.44140625
0 0 0.8026514237451738 0.0007842664092663765 0.998046875 0.17724420849420847 0.998046875 0.1779983108108108 0.7993786196911198
0 0.060546875 0.3515625 0.044921875 0.28125 0.001953125 0.29296875 0.017578125 0.361328125
0 0 0.3503257722007722 0 0.7812801640926641 0.17875241312741313 0.7752473455598455 0.1779983108108108 0.34705296814671815