0 0.087890625 0.08203125 0.06640625 0.08203125 0.06640625 0.126953125 0.123046875 0.126953125 0.123046875 0.146484375 0.150390625 0.146484375 0.150390625 0.134765625 0.2109375 0.134765625 0.2109375 0.146484375 0.240234375 0.146484375 0.240234375 0.12890625 0.2890625 0.12890625 0.291015625 0.0859375 0.26953125 0.0859375 0.26953125 0.09375 0.248046875 0.091796875 0.248046875 0.0859375 0.2109375 0.083984375 0.2109375 0.091796875 0.197265625 0.091796875 0.197265625 0.083984375 0.15625 0.083984375 0.15625 0.091796875 0.1484375 0.091796875 0.1484375 0.083984375 0.1171875 0.083984375 0.115234375 0.091796875 0.087890625 0.08984375
0 0.103515625 0.45703125 0.08203125 0.45703125 0.08203125 0.5 0.138671875 0.501953125 0.138671875 0.51953125 0.1640625 0.51953125 0.1640625 0.5078125 0.2265625 0.509765625 0.2265625 0.521484375 0.25390625 0.521484375 0.255859375 0.501953125 0.3046875 0.50390625 0.3046875 0.458984375 0.283203125 0.458984375 0.283203125 0.466796875 0.26171875 0.466796875 0.26171875 0.458984375 0.2265625 0.458984375 0.2265625 0.466796875 0.212890625 0.466796875 0.212890625 0.458984375 0.169921875 0.45703125 0.169921875 0.46484375 0.1640625 0.46484375 0.1640625 0.45703125 0.130859375 0.45703125 0.130859375 0.46484375 0.103515625 0.46484375
0 0.302734375 0.271484375 0.2421875 0.271484375 0.240234375 0.40625 0.30078125 0.40625
0 0.046875 0.48046875 0.009765625 0.48046875 0.0078125 0.55859375 0.046875 0.55859375
0 0.1171875 0.703125 0.1171875 0.7265625 0.09375 0.7265625 0.09375 0.76171875 0.185546875 0.763671875 0.185546875 0.7734375 0.21484375 0.775390625 0.21484375 0.763671875 0.298828125 0.763671875 0.298828125 0.73046875 0.263671875 0.73046875 0.263671875 0.705078125 0.216796875 0.705078125 0.216796875 0.728515625 0.171875 0.728515625 0.171875 0.703125
0 0.306640625 0.87890625 0.09375 0.876953125 0.09375 0.9375 0.3046875 0.939453125
0 0.88671875 0 0.82421875 0 0.828125 0.068359375 0.888671875 0.06640625
0 0.83203125 0.08984375 0.83203125 0.1015625 0.8203125 0.103515625 0.822265625 0.134765625 0.833984375 0.1328125 0.833984375 0.14453125 0.865234375 0.14453125 0.865234375 0.16015625 0.890625 0.158203125 0.890625 0.142578125 0.9140625 0.142578125 0.9140625 0.158203125 0.94921875 0.15625 0.94921875 0.140625 0.974609375 0.140625 0.974609375 0.126953125 0.984375 0.126953125 0.982421875 0.095703125 0.97265625 0.095703125 0.97265625 0.083984375
0 0.84765625 0.330078125 0.84765625 0.341796875 0.8359375 0.341796875 0.837890625 0.373046875 0.849609375 0.373046875 0.849609375 0.384765625 0.880859375 0.3828125 0.880859375 0.3984375 0.90625 0.3984375 0.90625 0.3828125 0.9296875 0.380859375 0.9296875 0.396484375 0.96484375 0.396484375 0.96484375 0.380859375 0.990234375 0.37890625 0.990234375 0.3671875 0.998046875 0.3671875 0.998046875 0.3359375 0.98828125 0.3359375 0.98828125 0.32421875
0 0.859375 0.57421875 0.84765625 0.57421875 0.849609375 0.60546875 0.861328125 0.60546875 0.861328125 0.6171875 0.892578125 0.615234375 0.892578125 0.630859375 0.91796875 0.630859375 0.91796875 0.615234375 0.94140625 0.61328125 0.94140625 0.62890625 0.9765625 0.62890625 0.974609375 0.61328125 1 0.611328125 1 0.568359375 1 0.556640625 0.859375 0.5625
0 0.904296875 0.306640625 0.900390625 0.203125 0.837890625 0.205078125 0.841796875 0.30859375
0 0.90234375 0.560546875 0.896484375 0.453125 0.85546875 0.455078125 0.859375 0.5625
0 0.68359375 0.39453125 0.626953125 0.267578125 0.578125 0.2890625 0.634765625 0.416015625 0.68359375 0.39453125
0 0.1015625 0.375 0.1015625 0.21875 0.033203125 0.21875 0.033203125 0.375 0.1015625 0.375
0 0.02734375 0.98046875 0.029296875 0.8984375 0 0.8984375 0 0.98046875 0.02734375 0.98046875
0 0.6015625 0.927734375 0.560546875 0.81640625 0.49609375 0.841796875 0.537109375 0.951171875 0.6015625 0.927734375