0 0.751953125 0.701171875 0.7578125 0.72265625 0.7421875 0.728515625 0.734375 0.705078125 0.708984375 0.7109375 0.716796875 0.734375 0.6953125 0.7421875 0.6875 0.720703125 0.65625 0.73046875 0.6640625 0.75 0.650390625 0.75390625 0.662109375 0.794921875 0.806640625 0.751953125 0.794921875 0.712890625 0.77734375 0.716796875 0.76953125 0.6953125
0 0.421875 0.408203125 0.40625 0.359375 0.24609375 0.41015625 0.26171875 0.458984375 0.39453125 0.41796875
0 0.12109375 0.3984375 0 0.435546875 0 0.509765625 0.142578125 0.46484375
0 0.2421875 0.69921875 0.060546875 0.755859375 0.078125 0.810546875 0.259765625 0.75390625
0 0.619140625 0.876953125 0.59375 0.794921875 0.390625 0.859375 0.416015625 0.94140625 0.572265625 0.890625
0 0.56640625 0.703125 0.548828125 0.64453125 0.337890625 0.7109375 0.35546875 0.76953125 0.55078125 0.70703125
0 0.361328125 0.046875 0.208984375 0.07421875 0.21875 0.126953125 0.37109375 0.099609375
0 0.12109375 0.087890625 0 0.11328125 0 0.173828125 0.134765625 0.14453125
0 0.76953125 0.34765625 0.765625 0.33984375 0.73828125 0.349609375 0.744140625 0.36328125 0.69921875 0.37890625 0.6953125 0.36328125 0.673828125 0.37109375 0.6796875 0.38671875 0.634765625 0.40234375 0.62890625 0.38671875 0.611328125 0.392578125 0.61328125 0.400390625 0.5703125 0.416015625 0.576171875 0.4296875 0.572265625 0.4296875 0.580078125 0.455078125 0.583984375 0.453125 0.58984375 0.470703125 0.595703125 0.46875 0.595703125 0.470703125 0.8125 0.396484375 0.80859375 0.384765625 0.814453125 0.3828125 0.8046875 0.35546875 0.798828125 0.357421875 0.79296875 0.337890625
0 0.9609375 0.39453125 0.96484375 0.404296875 0.88671875 0.427734375 0.884765625 0.41796875 0.865234375 0.423828125 0.8671875 0.4296875 0.830078125 0.44140625 0.845703125 0.48828125 0.85546875 0.486328125 0.859375 0.50390625 0.908203125 0.48828125 0.90625 0.478515625 0.96484375 0.4609375 0.966796875 0.470703125 1 0.458984375 1 0.388671875 0.994140625 0.390625 0.9921875 0.384765625
0 0.66796875 0.998046875 0.66796875 0.955078125 0.4765625 0.955078125 0.4765625 0.998046875 0.66796875 0.998046875
0 0.693359375 0.572265625 0.671875 0.50390625 0.62109375 0.51953125 0.642578125 0.587890625 0.693359375 0.572265625