0 0.296875 0.390625 0.48828125 0.498046875 0.517578125 0.447265625 0.326171875 0.337890625
0 0.0859375 0.4765625 0.015625 0.603515625 0.09765625 0.650390625 0.169921875 0.5234375
0 0.189453125 0.296875 0.1484375 0.37109375 0.20703125 0.404296875 0.248046875 0.330078125
0 0.015625 0.603515625 0 0.630859375 0 0.75 0.0234375 0.763671875 0.08984375 0.646484375
0 0.1484375 0.37109375 0.087890625 0.478515625 0.169921875 0.5234375 0.23046875 0.41796875 0.20703125 0.404296875
0 0.228515625 0.2265625 0.1875 0.296875 0.189453125 0.296875 0.248046875 0.330078125 0.255859375 0.333984375 0.294921875 0.263671875
0 0.052734375 0.822265625 0.240234375 0.9296875 0.30859375 0.810546875 0.26171875 0.78515625 0.22265625 0.85546875 0.080078125 0.7734375
0 0.013671875 1 0.12890625 1 0 0.92578125 0 0.990234375
0 0.353515625 0.62109375 0.306640625 0.705078125 0.166015625 0.623046875 0.142578125 0.6640625 0.330078125 0.76953125 0.3984375 0.6484375
0 0.234375 0.505859375 0.419921875 0.611328125 0.44921875 0.55859375 0.263671875 0.453125
0 0.76953125 0.92578125 0.796875 0.876953125 0.46484375 0.6875 0.4375 0.736328125
0 0.51171875 0.580078125 0.490234375 0.62109375 0.7734375 0.78125 0.767578125 0.791015625 0.82421875 0.82421875 0.853515625 0.7734375
0 0.38671875 0.83984375 0.365234375 0.876953125 0.580078125 1 0.66796875 1
0 0.75390625 0.986328125 0.712890625 0.962890625 0.689453125 1 0.74609375 1
0 0.484375 0.84375 0.5546875 0.884765625 0.576171875 0.845703125 0.505859375 0.806640625
0 0.333984375 0.953125 0.306640625 1 0.416015625 1
0 0.44921875 0.13671875 0.490234375 0.0625 0.462890625 0.046875 0.48828125 0 0.36328125 0 0.35546875 0.013671875 0.392578125 0.03515625 0.3984375 0.025390625 0.427734375 0.041015625 0.421875 0.05078125 0.458984375 0.072265625 0.427734375 0.123046875
0 0.326171875 0.06640625 0.427734375 0.125 0.458984375 0.072265625 0.421875 0.05078125 0.427734375 0.041015625 0.3984375 0.025390625 0.392578125 0.03515625 0.35546875 0.013671875
0 0.61328125 0.220703125 0.640625 0.171875 0.533203125 0.111328125 0.505859375 0.158203125
0 0.626953125 0.46484375 0.611328125 0.45703125 0.58203125 0.509765625 0.693359375 0.57421875 0.72265625 0.51953125 0.70703125 0.509765625 0.7109375 0.501953125 0.6328125 0.45703125
0 0.775390625 0.619140625 0.89453125 0.6875 0.927734375 0.62890625 0.90625 0.6171875 0.91015625 0.609375 0.830078125 0.564453125 0.82421875 0.572265625 0.806640625 0.560546875
0 0.994140625 0.833984375 0.953125 0.90625 1 0.931640625 1 0.8359375
0 0.9296875 0.9375 0.916015625 0.962890625 0.98046875 1 1 1 1 0.978515625
0 0.814453125 0.107421875 0.7890625 0.1484375 0.96484375 0.25 0.9921875 0.205078125 0.96484375 0.126953125 0.935546875 0.177734375 0.845703125 0.125
0 0.998046875 0.068359375 0.87890625 0 0.875 0 0.814453125 0.107421875 0.935546875 0.177734375 0.96484375 0.126953125
0 0.962890625 0.404296875 1 0.423828125 1 0.337890625
0 0.93359375 0.296875 0.9140625 0.33203125 0.982421875 0.37109375 1 0.337890625 1 0.333984375
0 0.759765625 0.1953125 0.73046875 0.24609375 0.751953125 0.259765625 0.744140625 0.275390625 0.7734375 0.291015625 0.763671875 0.306640625 0.82421875 0.33984375 0.830078125 0.33203125 0.861328125 0.349609375 0.87109375 0.333984375 0.890625 0.34375 0.923828125 0.287109375
0 0.572265625 0.375 0.59375 0.341796875 0.39453125 0.21875 0.373046875 0.25390625 0.572265625 0.375