0 0.076171875 0.1796875 0.185546875 0.24609375 0.212890625 0.201171875 0.103515625 0.13671875
0 0.234375 0.296875 0.203125 0.34765625 0.509765625 0.53125 0.498046875 0.548828125 0.546875 0.578125 0.58984375 0.509765625
0 0.25 0.259765625 0.283203125 0.279296875 0.30859375 0.234375 0.56640625 0.380859375 0.541015625 0.42578125 0.568359375 0.44140625 0.615234375 0.359375 0.296875 0.177734375
0 0.126953125 0.494140625 0.474609375 0.708984375 0.505859375 0.66015625 0.158203125 0.4453125
0 0.88671875 0.578125 0.9296875 0.48828125 0.771484375 0.408203125 0.7265625 0.498046875
0 0.74609375 0.826171875 0.7890625 0.736328125 0.62890625 0.658203125 0.5859375 0.74609375
0 1 0.720703125 1 0.591796875 0.955078125 0.568359375 0.900390625 0.66796875
0 0.990234375 0.876953125 0.83203125 0.78125 0.791015625 0.84765625 0.94921875 0.9453125
0 0.23828125 0.759765625 0.396484375 0.861328125 0.431640625 0.8046875 0.2734375 0.703125
0 0.08984375 1 0.18359375 1 0.11328125 0.958984375
0 0.2421875 1 0.3046875 1 0.3203125 0.9765625 0.2734375 0.94921875
0 0.20703125 0.83203125 0.171875 0.884765625 0.32421875 0.98046875 0.357421875 0.927734375
0 0.458984375 0.8984375 0.642578125 0.9921875 0.673828125 0.931640625 0.490234375 0.837890625
0 0.404296875 1 0.5 1 0.427734375 0.9609375
0 0.794921875 0 0.78125 0 0.767578125 0.0234375 0.72265625 0 0.689453125 0 0.669921875 0.037109375 0.76171875 0.08984375 0.767578125 0.080078125 0.794921875 0.095703125 0.818359375 0.052734375 0.806640625 0.044921875 0.822265625 0.015625 0.818359375 0.013671875
0 0 0.34375 0 0.41796875 0.08203125 0.4609375 0.111328125 0.40234375
0 0.115234375 0.404296875 0.17578125 0.287109375 0.115234375 0.255859375 0.0546875 0.373046875 0.111328125 0.40234375
0 0.013671875 0.66015625 0.060546875 0.685546875 0.0859375 0.642578125 0.201171875 0.705078125 0.22265625 0.66796875 0.05859375 0.578125
0 0.005859375 0.67578125 0 0.685546875 0 0.73828125 0.146484375 0.822265625 0.17578125 0.771484375
0 0.150390625 0.7109375 0.130859375 0.74609375 0.1953125 0.78125 0.21484375 0.74609375
0 0.07421875 0.8515625 0.046875 0.900390625 0.08203125 0.919921875 0.080078125 0.923828125 0.091796875 0.931640625 0.123046875 0.87890625
0 0.08203125 0.919921875 0 0.87109375 0 0.951171875 0.046875 0.98046875 0.080078125 0.923828125
0 0.82421875 1 0.82421875 0.955078125 0.72265625 0.955078125 0.72265625 0.998046875 0.82421875 1