0 0.615234375 0.3515625 0.681640625 0.390625 0.716796875 0.330078125 0.908203125 0.4375 0.927734375 0.404296875 0.9140625 0.396484375 0.93359375 0.359375 0.689453125 0.220703125
0 0.681640625 0.390625 0.615234375 0.3515625 0.505859375 0.54296875 0.806640625 0.712890625 0.98046875 0.40625 0.92578125 0.375 0.9140625 0.396484375 0.927734375 0.404296875 0.908203125 0.4375 0.716796875 0.330078125
0 0.93359375 0.181640625 1 0.220703125 1 0.072265625
0 0.2265625 0.478515625 0.11328125 0.4140625 0.0234375 0.57421875 0.13671875 0.638671875 0.16015625 0.59765625
0 0.2265625 0.478515625 0.13671875 0.638671875 0.302734375 0.732421875 0.392578125 0.572265625
0 0.0234375 0.57421875 0 0.615234375 0 0.666015625 0.2578125 0.810546875 0.302734375 0.732421875 0.13671875 0.638671875
0 0.970703125 0.6953125 0.94140625 0.74609375 1 0.77734375 1 0.7109375
0 0.826171875 0.95703125 0.80078125 1 0.900390625 1
0 1 0.990234375 1 0.9140625 0.88671875 0.8515625 0.853515625 0.908203125 0.93359375 0.953125
0 0.853515625 0.90625 0.826171875 0.95703125 0.900390625 1 0.904296875 1 0.93359375 0.953125 0.853515625 0.908203125
0 0.283203125 0.875 0.255859375 0.927734375 0.396484375 1 0.52734375 1
0 0.7578125 0.794921875 0.4375 0.6171875 0.40234375 0.6796875 0.72265625 0.857421875
0 0.302734375 0.859375 0.35546875 0.888671875 0.455078125 0.708984375 0.40234375 0.6796875
0 0.6484375 0.81640625 0.603515625 0.896484375 0.677734375 0.9375 0.72265625 0.857421875
0 0.662109375 0.982421875 0.578125 0.939453125 0.546875 1 0.65234375 1
0 0.640625 0 0.572265625 0 0.564453125 0.015625 0.6640625 0.072265625 0.689453125 0.02734375
0 0 0.666015625 0 0.783203125 0.20703125 0.90234375 0.2578125 0.810546875
0 0.4662312982625483 0.03345951978764483 0.39442567567567566 0.16744087837837834 0.259441361003861 0.09052244208494206 0.1312439671814672 0.3265564671814672 0.4419341216216216 0.5128197393822393 0.6322469232625483 0.12720951978764483