0 0.03125 0.15625 0.22265625 0.099609375 0.20703125 0.044921875 0.015625 0.1015625
0 0.484375 0.240234375 0.46875 0.244140625 0.462890625 0.22265625 0.435546875 0.23046875 0.44140625 0.251953125 0.41796875 0.259765625 0.41015625 0.23828125 0.373046875 0.248046875 0.37890625 0.271484375 0.359375 0.27734375 0.37109375 0.31640625 0.384765625 0.3125 0.38671875 0.322265625 0.478515625 0.294921875 0.474609375 0.28515625 0.49609375 0.279296875 0.490234375 0.259765625
0 0.36328125 0.001953125 0.349609375 0.005859375 0.353515625 0.015625 0.3359375 0.021484375 0.345703125 0.056640625 0.38671875 0.044921875 0.390625 0.060546875 0.46484375 0.0390625 0.4609375 0.0234375 0.49609375 0.01171875 0.4921875 0 0.361328125 0
0 0.7421875 0.171875 0.712890625 0.181640625 0.716796875 0.193359375 0.685546875 0.203125 0.681640625 0.189453125 0.650390625 0.19921875 0.658203125 0.220703125 0.623046875 0.232421875 0.634765625 0.26953125 0.677734375 0.255859375 0.68359375 0.271484375 0.751953125 0.251953125 0.748046875 0.236328125 0.791015625 0.22265625 0.779296875 0.185546875 0.748046875 0.1953125 0.74609375 0.18359375
0 0.982421875 0.09765625 0.990234375 0.119140625 0.966796875 0.126953125 0.958984375 0.10546875 0.927734375 0.11328125 0.93359375 0.134765625 0.90625 0.14453125 0.916015625 0.177734375 0.931640625 0.173828125 0.935546875 0.189453125 1 0.169921875 1 0.091796875
0 0.935546875 0.189453125 0.931640625 0.17578125 0.8125 0.2109375 0.837890625 0.296875 1 0.248046875 1 0.169921875
0 0.93359375 0.111328125 0.958984375 0.10546875 0.966796875 0.126953125 0.990234375 0.119140625 0.982421875 0.09765625 1 0.091796875 1 0.0234375 0.9921875 0 0.900390625 0
0 0.658203125 0.220703125 0.654296875 0.2109375 0.490234375 0.259765625 0.49609375 0.279296875 0.474609375 0.28515625 0.478515625 0.294921875 0.38671875 0.322265625 0.384765625 0.3125 0.37109375 0.31640625 0.365234375 0.296875 0.34375 0.3046875 0.35546875 0.341796875 0.599609375 0.34375 0.75390625 0.328125 0.798828125 0.314453125 0.7734375 0.228515625 0.748046875 0.236328125 0.751953125 0.251953125 0.68359375 0.271484375 0.677734375 0.255859375 0.634765625 0.26953125 0.623046875 0.232421875
0 0.759765625 0.1796875 0.74609375 0.18359375 0.748046875 0.1953125 0.76171875 0.19140625
0 0.232421875 0.34375 0.23828125 0.25390625 0 0.236328125 0 0.326171875
0 0.30859375 0.94140625 0.31640625 0.970703125 0.287109375 0.978515625 0.279296875 0.94921875 0.25 0.958984375 0.255859375 0.9765625 0.22265625 0.986328125 0.2265625 1 0.375 1 0.361328125 0.9453125 0.341796875 0.951171875 0.3359375 0.93359375
0 0.767578125 0.978515625 0.771484375 1 0.82421875 1 0.8203125 0.98046875 0.80078125 0.986328125 0.794921875 0.96875
0 0.837890625 0.673828125 0.84375 0.6953125 0.814453125 0.703125 0.806640625 0.68359375 0.78125 0.689453125 0.787109375 0.7109375 0.75390625 0.720703125 0.767578125 0.76953125 0.908203125 0.728515625 0.892578125 0.6796875 0.8671875 0.6875 0.861328125 0.666015625
0 0.98046875 0.453125 0.98828125 0.48046875 0.962890625 0.48828125 0.97265625 0.5234375 0.984375 0.51953125 0.986328125 0.53125 1 0.525390625 1 0.4453125
0 0.56640625 0.861328125 0.576171875 0.890625 0.546875 0.8984375 0.537109375 0.869140625 0.5078125 0.87890625 0.513671875 0.896484375 0.482421875 0.90625 0.498046875 0.962890625 0.63671875 0.921875 0.619140625 0.865234375 0.599609375 0.87109375 0.59375 0.853515625
0 0.19140625 0.66796875 0.2890625 0.638671875 0.26953125 0.572265625 0.171875 0.6015625 0.185546875 0.6484375
0 0.66015625 0.603515625 0.64453125 0.607421875 0.63671875 0.580078125 0.61328125 0.587890625 0.62109375 0.615234375 0.595703125 0.623046875 0.587890625 0.595703125 0.55859375 0.603515625 0.56640625 0.630859375 0.52734375 0.642578125 0.51953125 0.615234375 0.486328125 0.626953125 0.494140625 0.654296875 0.478515625 0.658203125 0.46875 0.630859375 0.439453125 0.640625 0.447265625 0.66796875 0.416015625 0.67578125 0.427734375 0.712890625 0.443359375 0.708984375 0.4453125 0.720703125 0.498046875 0.705078125 0.494140625 0.693359375 0.671875 0.640625 0.6640625 0.615234375
0 0.171875 0.6015625 0 0.525390625 0.013671875 0.5703125 0 0.57421875 0 0.6171875 0.166015625 0.69140625 0.185546875 0.6484375
0 0.333984375 0.35546875 0.3359375 0.3203125 0.248046875 0.314453125 0.24609375 0.3515625 0.333984375 0.35546875
0 0.1328125 0.025390625 0.1328125 0 0 0 0 0.025390625 0.1328125 0.025390625