0 0.82421875 0.0390625 0.822265625 0 0.767578125 0 0.76953125 0.041015625
0 0.76953125 0.041015625 0.771484375 0.087890625 1 0.076171875 1 0.029296875
0 0.8125 0.12890625 0.763671875 0.130859375 0.76953125 0.236328125 0.81640625 0.232421875
0 0.984375 0.171875 0.814453125 0.181640625 0.81640625 0.232421875 0.986328125 0.224609375
0 0.841796875 0.982421875 0.96484375 0.978515625 0.962890625 0.91015625 0.83984375 0.9140625
0 0.8359375 0.7421875 1 0.732421875 1 0.65625 0.83203125 0.6640625
0 0.185546875 0.962890625 0 0.97265625 0 1 0.1875 1
0 0.7109375 0.587890625 0.3515625 0.609375 0.357421875 0.72265625 0.171875 0.734375 0.1875 1 0.734375 1
0 0.81640625 0.5625 1 0.5546875 1 0.388671875 0.80859375 0.3984375
0 0.986328125 0.13671875 1 0.134765625 1 0.08984375 0.982421875 0.091796875
0 0.095703125 0.28515625 0.091796875 0.232421875 0 0.236328125 0 0.291015625
0 0.015625 0.091796875 0.09375 0.0859375 0.08984375 0.03125 0.01171875 0.03515625
0 0.181640625 0 0.134765625 0 0.13671875 0.033203125 0.185546875 0.03125
0 0.140625 0.099609375 0.6796875 0.07421875 0.677734375 0.005859375 0.13671875 0.033203125
0 0.6484375 0.1640625 0.65234375 0.23828125 0.22265625 0.2578125 0.21875 0.18359375 0.1640625 0.185546875 0.169921875 0.318359375 0.70703125 0.29296875 0.701171875 0.16015625
0 0.642578125 0.181640625 0.642578125 0.111328125 0.494140625 0.11328125 0.494140625 0.18359375 0.642578125 0.181640625
0 0.130859375 0.8359375 0.12890625 0.796875 0 0.802734375 0 0.841796875 0.130859375 0.8359375
0 0.1015625 0.19140625 0.09765625 0.12109375 0.009765625 0.126953125 0.013671875 0.197265625 0.1015625 0.19140625