0 0 0.947265625 0 1 0.033203125 1 0.00390625 0.9453125
0 0.10546875 0.845703125 0.138671875 0.88671875 0.1796875 0.8515625 0.14453125 0.8125
0 0.154296875 0.91015625 0.19921875 0.9609375 0.234375 0.931640625 0.189453125 0.880859375
0 0.33203125 0.943359375 0.36328125 0.982421875 0.37109375 0.9765625 0.376953125 0.982421875 0.408203125 0.958984375 0.40234375 0.953125 0.408203125 0.947265625 0.38671875 0.919921875 0.37890625 0.927734375 0.369140625 0.9140625
0 0.216796875 0.78515625 0.248046875 0.82421875 0.255859375 0.818359375 0.26171875 0.82421875 0.29296875 0.80078125 0.287109375 0.794921875 0.29296875 0.7890625 0.271484375 0.76171875 0.267578125 0.765625 0.2578125 0.75390625
0 0.275390625 0.8671875 0.306640625 0.90625 0.314453125 0.900390625 0.3203125 0.90625 0.349609375 0.8828125 0.345703125 0.876953125 0.3515625 0.87109375 0.330078125 0.84375 0.322265625 0.849609375 0.3125 0.837890625
0 0.08984375 0.693359375 0.099609375 0.70703125 0.09375 0.712890625 0.11328125 0.73828125 0.162109375 0.701171875 0.158203125 0.6953125 0.171875 0.68359375 0.162109375 0.669921875 0.146484375 0.6796875 0.140625 0.671875 0.1328125 0.677734375 0.125 0.66796875
0 0.177734375 0.630859375 0.1953125 0.6796875 0.23046875 0.666015625 0.224609375 0.646484375 0.23828125 0.640625 0.24609375 0.66015625 0.28125 0.646484375 0.26171875 0.59765625
0 0.30078125 0.580078125 0.298828125 0.591796875 0.294921875 0.591796875 0.29296875 0.640625 0.361328125 0.642578125 0.36328125 0.595703125 0.353515625 0.595703125 0.35546875 0.583984375 0.33203125 0.583984375 0.330078125 0.59375 0.32421875 0.59375 0.32421875 0.58203125
0 0.40625 0.599609375 0.400390625 0.6171875 0.39453125 0.615234375 0.3828125 0.6484375 0.388671875 0.650390625 0.38671875 0.66015625 0.44140625 0.6796875 0.4453125 0.66796875 0.451171875 0.669921875 0.462890625 0.638671875 0.443359375 0.6328125 0.44921875 0.6171875
0 0.376953125 0.716796875 0.359375 0.73046875 0.376953125 0.751953125 0.373046875 0.755859375 0.35546875 0.734375 0.333984375 0.75 0.373046875 0.798828125 0.41796875 0.763671875 0.38671875 0.7265625
0 0.4140625 0.822265625 0.451171875 0.86328125 0.486328125 0.83203125 0.451171875 0.7890625
0 0.552734375 0.96484375 0.53125 0.919921875 0.48046875 0.943359375 0.50390625 0.98828125
0 0.615234375 0.984375 0.66015625 0.96484375 0.62890625 0.884765625 0.58203125 0.904296875 0.607421875 0.96484375
0 0.58203125 0.947265625 0.591796875 0.970703125 0.607421875 0.96484375 0.59765625 0.94140625
0 0.7109375 0.91015625 0.703125 0.890625 0.68359375 0.900390625 0.69140625 0.91796875 0.705078125 0.9140625
0 0.705078125 0.9140625 0.6796875 0.923828125 0.689453125 0.9453125 0.712890625 0.935546875
0 0.537109375 0.791015625 0.572265625 0.87890625 0.625 0.859375 0.58984375 0.76953125
0 0.64453125 0.86328125 0.65234375 0.857421875 0.640625 0.8359375 0.630859375 0.841796875