0 0.220703125 0.966796875 0.224609375 0.982421875 0.205078125 0.98828125 0.208984375 1 0.3203125 1 0.310546875 0.966796875 0.28515625 0.974609375 0.287109375 0.982421875 0.279296875 0.984375 0.275390625 0.96875 0.263671875 0.970703125 0.259765625 0.955078125
0 0.6875 0.517578125 0.64453125 0.529296875 0.640625 0.513671875 0.595703125 0.52734375 0.6015625 0.54296875 0.5390625 0.5625 0.5546875 0.615234375 0.599609375 0.6015625 0.603515625 0.615234375 0.67578125 0.59375 0.671875 0.580078125 0.703125 0.5703125 0.6953125 0.548828125
0 0.35546875 0.62109375 0.33203125 0.626953125 0.326171875 0.609375 0.248046875 0.6328125 0.25390625 0.65234375 0.208984375 0.666015625 0.22265625 0.7109375 0.267578125 0.697265625 0.2734375 0.712890625 0.349609375 0.689453125 0.345703125 0.673828125 0.369140625 0.666015625 0.36328125 0.6484375
0 0.806640625 0.830078125 0.76953125 0.841796875 0.763671875 0.8203125 0.697265625 0.83984375 0.705078125 0.861328125 0.650390625 0.876953125 0.662109375 0.91796875 0.716796875 0.90234375 0.72265625 0.91796875 0.787109375 0.8984375 0.78125 0.880859375 0.8203125 0.87109375 0.810546875 0.84375
0 0.16796875 0 0.11328125 0 0.125 0.048828125 0.177734375 0.0390625
0 0.83203125 0.021484375 0.833984375 0.033203125 0.798828125 0.04296875 0.802734375 0.056640625 0.787109375 0.060546875 0.798828125 0.099609375 0.818359375 0.095703125 0.828125 0.126953125 0.859375 0.1171875 0.86328125 0.1328125 0.9453125 0.109375 0.94140625 0.09765625 0.953125 0.09375 0.9375 0.0390625 0.923828125 0.04296875 0.9140625 0.0078125 0.888671875 0.015625 0.884765625 0.005859375
0 0.333984375 0.103515625 0.3359375 0.1171875 0.3203125 0.12109375 0.32421875 0.173828125 0.591796875 0.111328125 0.580078125 0.060546875 0.552734375 0.06640625 0.55078125 0.052734375
0 0.169921875 0.00390625 0.1796875 0.044921875 0.357421875 0 0.16796875 0
0 0.248046875 0.115234375 0.248046875 0.12890625 0.216796875 0.12890625 0.216796875 0.1171875 0.158203125 0.119140625 0.158203125 0.1328125 0.140625 0.1328125 0.142578125 0.181640625 0.32421875 0.173828125 0.322265625 0.125 0.296875 0.126953125 0.296875 0.11328125
0 0.62109375 0.048828125 0.736328125 0.013671875 0.73046875 0 0.60546875 0
0 0.076171875 0.158203125 0 0.162109375 0 0.220703125 0.080078125 0.216796875
0 0.025390625 0.072265625 0 0.072265625 0 0.162109375 0.033203125 0.16015625
0 0.072265625 0.0703125 0.046875 0.0703125 0.05078125 0.158203125 0.076171875 0.158203125
0 0.07421875 0.0703125 0.0703125 0 0.013671875 0 0.015625 0.009765625 0 0.009765625 0 0.072265625 0.072265625 0.0703125
0 0 0.69921875 0 0.779296875 0.0234375 0.7734375 0.017578125 0.755859375 0.048828125 0.748046875 0.037109375 0.705078125 0.0078125 0.71484375 0.00390625 0.69921875
0 0.048828125 0.431640625 0.103515625 0.421875 0.087890625 0.3359375 0.033203125 0.345703125