0 0.490234375 0.046875 0.740234375 0.0859375 0.75 0.01953125 0.630859375 0 0.49609375 0
0 0.416015625 0.28515625 0.720703125 0.328125 0.7265625 0.2734375 0.423828125 0.23046875
0 0.822265625 0.2109375 1 0.23828125 1 0.173828125 0.83203125 0.1484375
0 0.771484375 0.34375 1 0.376953125 1 0.322265625 0.779296875 0.2890625
0 0.87890625 0.107421875 1 0.123046875 1 0.060546875 0.88671875 0.046875
0 0.451171875 0.150390625 0.734375 0.19140625 0.744140625 0.130859375 0.4609375 0.08984375
0 0.388671875 1 0.509765625 1 0.513671875 0.984375 0.392578125 0.96875
0 0.11328125 0.97265625 0.296875 1 0.32421875 1 0.33203125 0.943359375 0.123046875 0.912109375
0 0.0390625 0.984375 0.048828125 0.908203125 0 0.900390625 0 0.978515625
0 0.86328125 0.60546875 1 0.623046875 1 0.56640625 0.869140625 0.55078125
0 0.0703125 0.072265625 0.34765625 0.1171875 0.35546875 0.064453125 0.078125 0.01953125
0 0.037109375 0.244140625 0.322265625 0.291015625 0.330078125 0.2421875 0.044921875 0.1953125
0 0 0.50390625 0 0.537109375 0.05859375 0.548828125 0.06640625 0.50390625 0.001953125 0.494140625
0 0.837890625 0.46484375 0.7265625 0.44921875 0.71875 0.51171875 0.830078125 0.525390625
0 0.787109375 0.51953125 0.779296875 0.5859375 0.8203125 0.591796875 0.830078125 0.525390625
0 0.7109375 0.533203125 0.705078125 0.580078125 0.748046875 0.5859375 0.75390625 0.5390625 0.71484375 0.53515625
0 0.5703125 0.421875 0.55859375 0.513671875 0.71484375 0.53515625 0.7265625 0.443359375
0 0.75390625 0.5390625 0.748046875 0.5859375 0.779296875 0.58984375 0.78515625 0.54296875
0 0.486328125 0.451171875 0.5390625 0.4609375 0.544921875 0.435546875 0.490234375 0.42578125
0 0.03515625 0.068359375 0.03515625 0 0 0 0 0.068359375 0.03515625 0.068359375
0 0.779296875 1 0.779296875 0.97265625 0.59765625 0.970703125 0.59765625 0.998046875 0.779296875 1
0 0.90234375 0.673828125 0.908203125 0.61328125 0.87109375 0.609375 0.865234375 0.669921875 0.90234375 0.673828125