0 0.056640625 0.009765625 0.05859375 0 0.01953125 0 0 0.091796875 0 0.3203125 0.0859375 0.33984375 0.154296875 0.03125
0 0.54296875 0.373046875 0.56640625 0.37890625 0.611328125 0.205078125 0.587890625 0.19921875
0 0.41796875 0.076171875 0.3984375 0.1484375 0.611328125 0.205078125 0.630859375 0.1328125
0 0.203125 0.263671875 0.18359375 0.35546875 0.30078125 0.3828125 0.322265625 0.291015625 0.2265625 0.26953125
0 0.244140625 0.0546875 0.1953125 0.263671875 0.2265625 0.26953125 0.2734375 0.0625
0 0.275390625 0.052734375 0.2265625 0.26953125 0.32421875 0.29296875 0.375 0.076171875
0 0.876953125 0 0.626953125 0 1 0.083984375 1 0.025390625
0 0.630859375 0.1328125 0.544921875 0.458984375 0.783203125 0.521484375 0.869140625 0.1953125
0 0.853515625 0.4765625 0.845703125 0.5390625 0.8984375 0.546875 0.90234375 0.515625 0.923828125 0.517578125 0.927734375 0.48828125
0 0.90234375 0.275390625 1 0.294921875 1 0.240234375 0.912109375 0.22265625
0 0.435546875 0.77734375 0.455078125 0.701171875 0.20703125 0.638671875 0.1875 0.712890625 0.435546875 0.77734375
0 0.466796875 0.69140625 0.4765625 0.6484375 0 0.54296875 0 0.587890625 0.466796875 0.69140625
0 0.505859375 0.80078125 0.521484375 0.7265625 0.451171875 0.7109375 0.435546875 0.78515625 0.505859375 0.80078125