0 0 0.275390625 0.15625 0.28515625 0.16015625 0.220703125 0.00390625 0.212890625
0 0.1875 0.28515625 0.390625 0.296875 0.39453125 0.240234375 0.19140625 0.228515625
0 0.41015625 0.27734375 0.40625 0.353515625 0.46484375 0.357421875 0.470703125 0.28125
0 0.1796875 0.41796875 0.38671875 0.431640625 0.390625 0.376953125 0.18359375 0.365234375
0 0.1796875 0.55859375 0.384765625 0.5703125 0.38671875 0.517578125 0.18359375 0.505859375
0 0.150390625 0.685546875 0.15234375 0.62890625 0 0.62109375 0 0.67578125
0 0.388671875 0.794921875 0.38671875 0.837890625 0.498046875 0.845703125 0.5 0.802734375
0 0.171875 0.783203125 0.169921875 0.826171875 0.373046875 0.837890625 0.375 0.794921875
0 0 0.771484375 0 0.814453125 0.134765625 0.82421875 0.13671875 0.78125
0 0.40234375 0.64453125 0.400390625 0.693359375 0.5078125 0.69921875 0.509765625 0.650390625
0 0.181640625 0.630859375 0.1796875 0.6796875 0.37890625 0.69140625 0.380859375 0.642578125
0 0.513671875 0.01171875 0.69921875 0.021484375 0.69921875 0 0.513671875 0
0 0.1796875 0.16015625 0.466796875 0.177734375 0.46875 0.12109375 0.18359375 0.103515625
0 0.8671875 0.37109375 1 0.376953125 1 0.318359375 0.87109375 0.3125
0 0.908203125 0.18359375 1 0.1875 1 0.130859375 0.912109375 0.126953125
0 0.51953125 0.18359375 0.853515625 0.205078125 0.857421875 0.15234375 0.5234375 0.1328125
0 0.5234375 0.34375 0.8359375 0.361328125 0.83984375 0.30859375 0.525390625 0.291015625
0 0.95703125 0.01953125 0.953125 0.08203125 1 0.083984375 1 0.021484375
0 0.865234375 0.01953125 0.93359375 0.0234375 0.93359375 0 0.865234375 0
0 0.37890625 0.09765625 0.4609375 0.103515625 0.462890625 0.048828125 0.380859375 0.04296875
0 0 0.07421875 0 0.150390625 0.16015625 0.16015625 0.166015625 0.083984375
0 0.67578125 0.087890625 0.677734375 0.029296875 0.501953125 0.02734375 0.501953125 0.0859375 0.67578125 0.087890625