0 0.06640625 0.59375 0.078125 0.498046875 0 0.48828125 0 0.5859375
0 0.19140625 0.634765625 0.1796875 0.5859375 0 0.62890625 0 0.6796875
0 0.181640625 0.8359375 0.1640625 0.78125 0 0.83203125 0 0.892578125
0 0.259765625 0.17578125 0.333984375 0.18359375 0.337890625 0.15234375 0.263671875 0.142578125
0 0.236328125 0.353515625 0.310546875 0.33984375 0.30078125 0.28125 0.2265625 0.294921875
0 0.998046875 0.865234375 0.95703125 0.87890625 0.99609375 1 1 1 1 0.87109375
0 0.673828125 0.16796875 0.62109375 0.16796875 0.62109375 0.2890625 0.673828125 0.2890625 0.673828125 0.189453125
0 0.916015625 0.19921875 0.7578125 0.19921875 0.7578125 0.26171875 0.916015625 0.26171875
0 0.7578125 0.189453125 0.673828125 0.189453125 0.673828125 0.234375 0.7578125 0.234375
0 0.943359375 0.28125 0.974609375 0.27734375 0.96484375 0.2109375 0.93359375 0.21484375
0 0.89453125 0.291015625 0.673828125 0.36328125 0.673828125 0.2890625 0.62109375 0.2890625 0.62109375 0.40625 0.638671875 0.4609375 0.919921875 0.3671875
0 0.716796875 0.83984375 0.62890625 0.8671875 0.625 0.859375 0.48828125 0.900390625 0.50390625 0.951171875 0.728515625 0.880859375 0.72265625 0.859375
0 0.703125 0.896484375 0.708984375 0.9140625 0.607421875 0.94921875 0.6015625 0.931640625 0.54296875 0.951171875 0.546875 0.958984375 0.517578125 0.96875 0.52734375 1 0.720703125 1 0.818359375 0.966796875 0.79296875 0.88671875 0.765625 0.896484375 0.7578125 0.876953125
0 0.78515625 0 0.728515625 0 0.732421875 0.095703125 0.787109375 0.09375
0 0.7890625 0.12890625 0.96875 0.154296875 0.96484375 0 0.78515625 0
0 0.953125 0.8671875 0.91015625 0.880859375 0.90625 0.9609375 0.9765625 0.9375 0.95703125 0.87890625
0 0.994140625 0.7890625 1 0.806640625 1 0.78515625
0 0.798828125 0.44921875 0.990234375 0.384765625 0.978515625 0.34765625 0.78515625 0.412109375
0 0.615234375 0.55078125 0.64453125 0.544921875 0.615234375 0.41796875 0.587890625 0.423828125
0 0.603515625 0.734375 0.6875 0.70703125 0.640625 0.55859375 0.556640625 0.583984375
0 0.439453125 0.83984375 0.693359375 0.7578125 0.681640625 0.71875 0.42578125 0.802734375
0 0.93359375 0.580078125 0.88671875 0.59765625 0.921875 0.705078125 0.970703125 0.6875
0 0.857421875 0.705078125 0.865234375 0.7265625 0.818359375 0.7421875 0.83203125 0.78515625 0.986328125 0.732421875 0.970703125 0.6875 0.921875 0.705078125 0.916015625 0.685546875
0 0.958984375 0.408203125 0.990234375 0.595703125 1 0.59375 1 0.40234375
0 0.712890625 0.486328125 0.654296875 0.505859375 0.75390625 0.826171875 0.8125 0.80859375
0 0.447265625 0.912109375 0.431640625 0.875 0.400390625 0.888671875 0.4140625 0.923828125 0.447265625 0.912109375
0 0.384765625 0.931640625 0.369140625 0.89453125 0.3359375 0.91015625 0.349609375 0.9453125 0.384765625 0.931640625
0 0.880859375 0.69140625 0.857421875 0.615234375 0.779296875 0.638671875 0.802734375 0.71484375 0.880859375 0.69140625