0 0.486328125 0.216796875 0.5 0.15234375 0.53515625 0.15625 0.5234375 0.22265625
0 0.2850534539473684 0.2954358552631579 0.2928659539473684 0.2427014802631579 0.5057565789473683 0.2739514802631579 0.4979440789473684 0.3286389802631579
0 0.3118832236842105 0.18184621710526316 0.3196957236842105 0.12715871710526316 0.4603207236842105 0.14864309210526316 0.4525082236842105 0.20333059210526316
0 0.7174136513157895 0.10947779605263153 0.8967927631578947 0.11554276315789477 0.8731496710526315 0.16385690789473686 0.7252261513157895 0.16221217105263153
0 0.5652754934210527 0.16282894736842105 0.5652754934210527 0.10423519736842106 0.7059004934210527 0.10423519736842106 0.7059004934210527 0.16282894736842105
0 0.5489309210526315 0.26953125 0.5528371710526315 0.21484374999999997 0.6934621710526315 0.22460937499999997 0.6895559210526315 0.2792968750000001
0 0.8076636904761905 0.7765997023809523 0.9326636904761905 0.7765997023809523 0.9326636904761905 0.8371465773809523 0.8076636904761905 0.8371465773809523
0 0.81640625 0.912109375 0.9921875 0.912109375 0.9921875 0.97265625 0.81640625 0.97265625
0 0.609375 0.740234375 0.779296875 0.728515625 0.783203125 0.779296875 0.61328125 0.791015625
0 0.2542509191176471 0.8940716911764706 0.4046415441176471 0.8940716911764706 0.4046415441176471 0.9526654411764706 0.2542509191176471 0.9526654411764706
0 0.25020559210526316 0.4259868421052631 0.2604851973684211 0.36636513157894735 0.47851562499999994 0.3993626644736841 0.46875 0.4560032894736841
0 0.6449424342105263 0.49691611842105265 0.655530427631579 0.4377055921052631 0.7611019736842106 0.4578536184210526 0.759046052631579 0.5123355263157894
0 0.9345238095238095 0.7718563988095238 0.9989769345238095 0.7718563988095238 0.9989769345238095 0.8324032738095238 0.9345238095238095 0.8324032738095238
0 0.80859375 0.6589471726190477 1 0.6589471726190477 1 0.7155877976190477 0.80859375 0.7155877976190477
0 0.6518841911764707 0.8521369485294118 0.8010110294117647 0.8538602941176471 0.8102022058823529 0.9113051470588235 0.6518841911764707 0.9126838235294117
0 0.6097470238095238 0.6219308035714286 0.8011532738095238 0.6219308035714286 0.8011532738095238 0.6785714285714286 0.6097470238095238 0.6785714285714286
0 0.4296875 0.10546875 0.443359375 0.05078125 0.53515625 0.06640625 0.521484375 0.12109375
0 0.69921875 0.27734375 0.69921875 0.21484375 0.865234375 0.21484375 0.865234375 0.27734375
0 0.14935661764705882 0.95703125 0.24896599264705882 0.95703125 0.24896599264705882 1 0.14935661764705882 1
0 0.099609375 0.646484375 0.248046875 0.646484375 0.248046875 0.701171875 0.099609375 0.701171875
0 0.091796875 0.85546875 0.24609375 0.85546875 0.24609375 0.9140625 0.091796875 0.9140625
0 0.087890625 0.751953125 0.248046875 0.751953125 0.248046875 0.80859375 0.087890625 0.80859375
0 0.07719494047619048 0.6129092261904762 0.07254464285714285 0.5403645833333333 0.25204613095238076 0.5408296130952381 0.25204613095238076 0.6072358630952381
0 0.011204769736842105 0.08501233552631579 0.022923519736842105 0.002981085526315784 0.0971422697368421 0.008840460526315784 0.0834703947368421 0.09673108552631579
0 0.08377878289473682 0.3841488486842105 0.09159128289473682 0.3372738486842105 0.25760690789473684 0.3587582236842105 0.24784128289473684 0.4075863486842105
0 0.4810855263157895 0.45672286184210525 0.5142886513157895 0.34148848684210525 0.6058799342105262 0.3334703947368421 0.5812088815789472 0.40234374999999994 0.6624177631578947 0.4146792763157895 0.6510074013157895 0.47430098684210525
0 0.41015625 0.958984375 0.611328125 0.958984375 0.611328125 1 0.41015625 1
0 0.12386924342105265 0.15265213815789475 0.13168174342105265 0.09796463815789475 0.29769736842105265 0.12530838815789475 0.28597861842105265 0.17999588815789475
0 0.130859375 0.001953125 0.2734375 0.001953125 0.2734375 0.052734375 0.130859375 0.052734375
0 0.09888980263157893 0.2641858552631579 0.10670230263157893 0.21340460526315788 0.2668585526315789 0.23879523026315788 0.2570929276315789 0.2895764802631579
0 0.021484375 0.3515625 0.064453125 0.09765625 0.119140625 0.107421875 0.07421875 0.359375
0 0.26553199404761907 0.6985677083333333 0.39248511904761907 0.6888020833333333 0.39639136904761907 0.7278645833333333 0.26943824404761907 0.7376302083333333
0 0.26525297619047616 0.5401785714285714 0.40587797619047616 0.5401785714285714 0.40587797619047616 0.6046316964285714 0.26525297619047616 0.6046316964285714
0 0.6875 0.3359375 0.85546875 0.32421875 0.859375 0.376953125 0.693359375 0.388671875
0 0.43359375 0.8671875 0.646484375 0.859375 0.646484375 0.89453125 0.4375 0.904296875
0 0.404296875 0.884765625 0.43359375 0.884765625 0.43359375 0.9140625 0.404296875 0.9140625
0 0.7970610119047619 0.9709821428571428 0.83984375 0.9747023809523809 0.8380766369047619 0.9999999999999998 0.7970610119047619 0.9999999999999998
0 0.8967927631578947 0.08675986842105267 0.8988486842105262 0.1391858552631579 0.998046875 0.1337254043940126 0.998046875 0.049753289473684244
0 0.8864103618421051 0.2152549342105263 0.8699629934210524 0.2820723684210526 0.9999999999999998 0.2977097299716855 0.9999999999999998 0.23067434210526316
0 0.8864103618421053 0.34169407894736836 0.8699629934210527 0.4085115131578947 0.9999999999999999 0.4241488747085276 0.9999999999999999 0.35711348684210525
0 0.7806332236842105 0.4506578947368421 0.7693256578947367 0.5030838815789473 0.998046875 0.5349548708477135 0.998046875 0.48663651315789475
0 0.34784226190476186 0.7738095238095238 0.607328869047619 0.7793898809523809 0.5915178571428571 0.8668154761904762 0.3524925595238095 0.8547247023809524
0 0.3487723214285714 0.601748511904762 0.6082589285714285 0.6073288690476191 0.5924479166666666 0.6947544642857143 0.353422619047619 0.6826636904761906
0 0.6217830882352942 0.9618566176470589 0.6228170955882353 0.998046875 0.7987132352941176 0.998046875 0.8010110294117647 0.9733455882352942
0 0.072265625 0.8046875 0.072265625 0.751953125 0 0.751953125 0 0.8046875 0.072265625 0.8046875
0 0.0625 0.91015625 0.0625 0.859375 0 0.859375 0 0.91015625 0.0625 0.91015625
0 0.083984375 0.697265625 0.083984375 0.6484375 0 0.650390625 0 0.69921875 0.083984375 0.697265625
0 0.052734375 0.59375 0.0546875 0.53515625 0 0.533203125 0 0.591796875 0.052734375 0.59375
0 0.658203125 0.02734375 0.658203125 0 0.5625 0 0.5625 0.02734375 0.658203125 0.02734375
0 0.044921875 0.404296875 0.05078125 0.357421875 0 0.353515625 0 0.400390625 0.044921875 0.404296875
0 0.998046875 0.189453125 1 0.14453125 0.916015625 0.142578125 0.916015625 0.189453125 0.998046875 0.189453125