0 0.8671875 0.384765625 0.8671875 0.3984375 0.802734375 0.39453125 0.798828125 0.451171875 1 0.462890625 1 0.40625 0.927734375 0.40234375 0.927734375 0.388671875
0 0.775390625 0.62109375 1 0.634765625 1 0.5703125 0.78125 0.556640625
0 0.765625 0.802734375 1 0.81640625 1 0.759765625 0.76953125 0.744140625
0 0.814453125 0.908203125 0.818359375 0.84375 0.75390625 0.83984375 0.74609375 0.947265625 0.810546875 0.951171875 0.810546875 0.966796875 1 0.978515625 1 0.919921875
0 0 0.859375 0 0.9453125 0.078125 0.982421875 0.09765625 0.919921875
0 0.09765625 0.919921875 0.078125 0.982421875 0.095703125 0.98828125 0.091796875 1 0.1328125 1 0.263671875 1 0.271484375 0.974609375
0 0.486328125 0.8984375 0.5859375 0.919921875 0.599609375 0.85546875 0.5 0.833984375
0 0.7109375 0.7578125 0.666015625 0.748046875 0.654296875 0.796875 0.701171875 0.806640625
0 0.4140625 0.744140625 0.400390625 0.810546875 0.685546875 0.873046875 0.701171875 0.806640625
0 0.2890625 0.408203125 0.12890625 0.57421875 0.095703125 0.56640625 0.08203125 0.626953125 0.3515625 0.693359375 0.4140625 0.4375
0 0.484375 0.021484375 0.57421875 0.015625 0.572265625 0 0.482421875 0
0 0.802734375 0.064453125 0.900390625 0.056640625 0.896484375 0.009765625 0.798828125 0.017578125
0 0.9296875 0.03515625 1 0.03125 1 0 0.92578125 0
0 0.919921875 0.279296875 0.916015625 0.3359375 1 0.341796875 1 0.28515625
0 0.45703125 0.494140625 0.734375 0.515625 0.73828125 0.46875 0.4609375 0.447265625
0 0.4375 0.650390625 0.724609375 0.671875 0.728515625 0.62890625 0.44140625 0.607421875
0 0.134765625 0.443359375 0.18359375 0.453125 0.20703125 0.3359375 0.15625 0.326171875
0 0.107421875 0 0 0 0 0.021484375 0.224609375 0.068359375 0.234375 0.025390625
0 0.330078125 0.06640625 0.3359375 0.001953125 0.248046875 0 0.2421875 0.05859375 0.330078125 0.06640625
0 0.759765625 0.06640625 0.755859375 0.01953125 0.69921875 0.025390625 0.703125 0.072265625 0.759765625 0.06640625
0 0.140625 0.15234375 0.15234375 0.0859375 0.001953125 0.060546875 0 0.126953125 0.140625 0.15234375
0 0.13671875 0.345703125 0.166015625 0.17578125 0.125 0.16796875 0.095703125 0.337890625 0.13671875 0.345703125
0 0.806640625 0.189453125 0.802734375 0.115234375 0.748046875 0.119140625 0.75 0.19140625 0.806640625 0.189453125
0 0.130859375 0.421875 0.138671875 0.353515625 0.095703125 0.34765625 0.0859375 0.416015625 0.130859375 0.421875
0 0.732421875 0.189453125 0.734375 0.12890625 0.68359375 0.126953125 0.681640625 0.1875 0.732421875 0.189453125
0 0.119140625 0.1875 0.126953125 0.146484375 0.001953125 0.123046875 0 0.166015625 0.119140625 0.1875
0 0.736328125 0.431640625 0.740234375 0.38671875 0.453125 0.359375 0.44921875 0.40234375 0.736328125 0.431640625
0 0.740234375 0.0234375 0.740234375 0 0.677734375 0 0.677734375 0.025390625 0.740234375 0.0234375
0 0.876953125 0.162109375 0.87109375 0.119140625 0.82421875 0.126953125 0.83203125 0.16796875 0.876953125 0.162109375