0 0.796875 0.259765625 0.755859375 0.28515625 0.767578125 0.302734375 0.80859375 0.275390625
0 0.728515625 0.037109375 0.6484375 0.087890625 0.748046875 0.24609375 0.828125 0.1953125 0.818359375 0.1796875
0 0.59765625 0.025390625 0.439453125 0.125 0.474609375 0.177734375 0.630859375 0.078125
0 0.837890625 0.369140625 0.921875 0.50390625 0.994140625 0.458984375 0.908203125 0.32421875 0.888671875 0.337890625
0 0.830078125 0.248046875 0.853515625 0.232421875 0.859375 0.2421875 0.82421875 0.265625 0.859375 0.322265625 0.873046875 0.314453125 0.888671875 0.337890625 0.9140625 0.322265625 0.921875 0.333984375 0.962890625 0.30859375 0.953125 0.296875 0.974609375 0.283203125 0.951171875 0.244140625 0.93359375 0.25390625 0.8984375 0.19921875 0.916015625 0.189453125 0.892578125 0.154296875 0.875 0.1640625 0.865234375 0.150390625 0.818359375 0.1796875 0.828125 0.1953125 0.806640625 0.208984375
0 0.755859375 0.595703125 0.79296875 0.65234375 0.939453125 0.560546875 0.90234375 0.501953125
0 0.25390625 0.91796875 0.265625 0.912109375 0.236328125 0.859375 0.189453125 0.8828125 0.220703125 0.947265625 0.2578125 0.927734375
0 0.181640625 0.88671875 0.12890625 0.9140625 0.154296875 0.96484375 0.169921875 0.95703125 0.177734375 0.96875 0.212890625 0.951171875
0 0.1171875 0.919921875 0.064453125 0.947265625 0.08984375 1 0.115234375 1 0.1484375 0.984375
0 0.02734375 0.484375 0 0.498046875 0 0.53125 0.029296875 0.5859375 0.0703125 0.564453125
0 0.234375 0.318359375 0.19921875 0.33984375 0.22265625 0.37890625 0.16015625 0.41796875 0.13671875 0.37890625 0.1015625 0.40234375 0.146484375 0.474609375 0.1875 0.447265625 0.197265625 0.462890625 0.2421875 0.43359375 0.234375 0.419921875 0.279296875 0.390625
0 0.1875 0.765625 0 0.86328125 0 0.927734375 0.21484375 0.818359375
0 0.427734375 0.6640625 0.439453125 0.65625 0.43359375 0.646484375 0.453125 0.634765625 0.416015625 0.57421875 0.3515625 0.61328125 0.380859375 0.658203125 0.337890625 0.685546875 0.310546875 0.640625 0.2578125 0.673828125 0.294921875 0.732421875 0.306640625 0.7265625 0.3125 0.736328125 0.322265625 0.73046875 0.330078125 0.7421875 0.435546875 0.67578125
0 0.5703125 0.8671875 0.580078125 0.861328125 0.57421875 0.849609375 0.59375 0.837890625 0.556640625 0.77734375 0.494140625 0.818359375 0.521484375 0.86328125 0.48046875 0.888671875 0.451171875 0.84375 0.3984375 0.876953125 0.435546875 0.9375 0.447265625 0.9296875 0.453125 0.939453125 0.46484375 0.93359375 0.47265625 0.9453125 0.578125 0.880859375
0 0.12109375 0.12890625 0.076171875 0.056640625 0.041015625 0.078125 0.064453125 0.1171875 0.001953125 0.15625 0 0.15234375 0 0.205078125 0.029296875 0.1875 0.0390625 0.201171875 0.08203125 0.173828125 0.083984375 0.171875 0.076171875 0.158203125 0.1171875 0.1328125
0 0.1171875 0.1328125 0.076171875 0.158203125 0.083984375 0.171875 0.08203125 0.173828125 0.189453125 0.345703125 0.234375 0.318359375
0 0.451171875 0.63671875 0.43359375 0.646484375 0.439453125 0.65625 0.427734375 0.6640625 0.435546875 0.67578125 0.419921875 0.6875 0.5 0.814453125 0.544921875 0.78515625
0 0.9140625 0.044921875 0.9140625 0 0.8046875 0 0.8046875 0.04296875 0.9140625 0.044921875