0 0.955078125 0.02734375 0.9921875 0.02734375 0.9921875 0 0.955078125 0
0 0.427734375 0.078125 0.42578125 0.146484375 0.5078125 0.1484375 0.509765625 0.080078125
0 0.42578125 0.146484375 0.42578125 0.185546875 0.478515625 0.185546875 0.5078125 0.1484375
0 0.509765625 0.080078125 0.5078125 0.162109375 0.607421875 0.1640625 0.609375 0.08203125
0 0.609375 0.08203125 0.607421875 0.10546875 0.62890625 0.107421875 0.626953125 0.140625 0.685546875 0.142578125 0.685546875 0.107421875 0.75 0.109375 0.751953125 0.083984375
0 0.349609375 0.078125 0.349609375 0.11328125 0.427734375 0.11328125 0.427734375 0.078125
0 0.306640625 0.306640625 0.349609375 0.30859375 0.353515625 0.138671875 0.310546875 0.13671875
0 0 0.048828125 0 0.123046875 0.166015625 0.126953125 0.1640625 0.208984375 0.244140625 0.2109375 0.24609375 0.158203125 0.287109375 0.16015625 0.2890625 0.0546875
0 0 0.26953125 0 0.40625 0.07421875 0.408203125 0.076171875 0.271484375
0 0.095703125 0.224609375 0.095703125 0.18359375 0 0.1796875 0 0.220703125
0 0.583984375 0.73828125 0.841796875 0.48046875 0.7421875 0.37890625 0.658203125 0.462890625 0.609375 0.412109375 0.4296875 0.58203125
0 0.275390625 0.568359375 0.02734375 0.80078125 0.171875 0.955078125 0.123046875 1 0.30859375 1 0.5078125 0.814453125
0 0.412109375 1 0.689453125 1 0.556640625 0.861328125
0 0 0.7171588441119692 0 0.7718463441119692 0.091796875 0.6820025941119692 0.064453125 0.6546588441119692
0 1 0.7393822393822395 1 0.6078366312741313 0.9343629343629345 0.6772140444015444 0.9702506636100385 0.7126568532818534
0 0.212890625 0.296875 0.21484375 0.2578125 0.12109375 0.251953125 0.1171875 0.2890625
0 0.998046875 0.7428209459459459 0.8657396235521235 0.5957709942084941 0.63347611003861 0.8137065637065637 0.7149191602316602 0.9260678088803089 0.7986245173745175 0.998046875 0.8272804054054055 0.9826254826254827 0.998046875 0.849903474903475 0.998046875 0.7903293918918919