0 0.09375 0.337890625 0.08984375 0.275390625 0 0.28125 0 0.34375
0 0.126953125 0.326171875 0.4140625 0.306640625 0.41015625 0.240234375 0.123046875 0.26171875
0 0.142578125 0.466796875 0.427734375 0.447265625 0.423828125 0.3828125 0.138671875 0.404296875
0 0.37890625 0.5703125 0.37890625 0.578125 0.361328125 0.580078125 0.359375 0.5703125 0.30859375 0.57421875 0.310546875 0.5859375 0.287109375 0.587890625 0.287109375 0.576171875 0.23828125 0.580078125 0.240234375 0.59375 0.21484375 0.595703125 0.21484375 0.587890625 0.166015625 0.591796875 0.166015625 0.599609375 0.150390625 0.599609375 0.154296875 0.650390625 0.181640625 0.6484375 0.18359375 0.65625 0.212890625 0.654296875 0.212890625 0.646484375 0.2578125 0.642578125 0.2578125 0.650390625 0.283203125 0.6484375 0.283203125 0.640625 0.326171875 0.638671875 0.326171875 0.646484375 0.353515625 0.64453125 0.353515625 0.63671875 0.404296875 0.6328125 0.404296875 0.640625 0.423828125 0.638671875 0.423828125 0.630859375 0.4453125 0.62890625 0.44140625 0.572265625 0.427734375 0.57421875 0.427734375 0.56640625
0 0.12109375 0.646484375 0.1171875 0.58984375 0 0.59765625 0 0.654296875
0 0.12890625 0.736328125 0.125 0.693359375 0 0.701171875 0 0.744140625
0 0.15234375 0.8671875 0.150390625 0.822265625 0 0.83203125 0 0.876953125
0 0.171875 0.818359375 0.4609375 0.798828125 0.45703125 0.73828125 0.16796875 0.759765625
0 0.427734375 0.974609375 0.775390625 0.94921875 0.771484375 0.88671875 0.421875 0.91015625
0 0.49609375 0.798828125 0.693359375 0.78515625 0.689453125 0.7265625 0.4921875 0.740234375
0 0.482421875 0.646484375 0.68359375 0.6328125 0.6796875 0.56640625 0.478515625 0.580078125
0 0.462890625 0.486328125 0.66796875 0.47265625 0.6640625 0.40234375 0.458984375 0.416015625
0 0.11328125 0.470703125 0.109375 0.41015625 0 0.41796875 0 0.478515625
0 0.03515625 0.169921875 0.31640625 0.150390625 0.3125 0.083984375 0.029296875 0.103515625 0.033203125 0.16015625
0 0.029296875 0.103515625 0 0.10546875 0 0.162109375 0.033203125 0.16015625
0 0.408203125 0.138671875 0.685546875 0.080078125 0.673828125 0.021484375 0.39453125 0.080078125
0 0.71484375 0.068359375 0.91796875 0.025390625 0.912109375 0 0.728515625 0 0.701171875 0.005859375
0 0.53515625 0.30859375 0.61328125 0.30078125 0.603515625 0.23046875 0.52734375 0.240234375
0 0.783203125 0.888671875 1 0.853515625 1 0.806640625 0.775390625 0.841796875
0 0.876953125 0.203125 0.83984375 0.2109375 0.841796875 0.220703125 0.734375 0.240234375 0.841796875 0.810546875 0.986328125 0.783203125
0 0.734375 0.240234375 0.681640625 0.25 0.7109375 0.404296875 0.763671875 0.39453125
0 0.841796875 0.935546875 0.79296875 0.943359375 0.80078125 1 0.849609375 1
0 0.90234375 0.16015625 1 0.140625 1 0.0859375 0.892578125 0.107421875
0 0.166015625 1 0.166015625 0.96875 0 0.966796875 0 1 0.166015625 1
0 0.20703125 0.9296875 0.201171875 0.87109375 0.16796875 0.873046875 0.173828125 0.93359375 0.20703125 0.9296875
0 0.673828125 0.6875 0.671875 0.642578125 0.48046875 0.650390625 0.482421875 0.6953125 0.673828125 0.6875