0 0.154296875 0.0859375 0.173828125 0.0859375 0.173828125 0.12890625 0.216796875 0.12890625 0.21875 0.05859375 0.20703125 0.05859375 0.20703125 0.029296875 0.21875 0.029296875 0.21875 0 0.17578125 0 0.154296875 0
0 0.107421875 0.26171875 0.109375 0.26171875 0.111328125 0.26171875 0.11328125 0.259765625 0.115234375 0.2578125 0.1171875 0.2578125 0.1171875 0.255859375 0.119140625 0.25390625 0.119140625 0.25 0.119140625 0.248046875 0.119140625 0.24609375 0.119140625 0.244140625 0.1484375 0.24609375 0.150390625 0.201171875 0.08984375 0.197265625 0.08984375 0.2109375 0.046875 0.208984375 0.048828125 0.1953125 0 0.19140625 0 0.234375 0.01171875 0.236328125 0.015625 0.2421875 0.017578125 0.248046875 0.021484375 0.25390625 0.02734375 0.2578125
0 0.056640625 0.4296875 0.0859375 0.431640625 0.087890625 0.345703125 0.05859375 0.34375 0.05859375 0.365234375
0 0.05859375 0.337890625 0.046875 0.337890625 0.046875 0.365234375 0.05859375 0.365234375 0.05859375 0.34375
0 0.146484375 0.447265625 0.1484375 0.4296875 0.09765625 0.427734375 0.09765625 0.447265625
0 0.177734375 0.48046875 0.1796875 0.45703125 0.046875 0.453125 0.046875 0.478515625
0 0.17578125 0.51953125 0.17578125 0.49609375 0.048828125 0.494140625 0.046875 0.515625
0 0.2578125 0.521484375 0.2578125 0.498046875 0.19921875 0.49609375 0.197265625 0.51953125
0 0.171875 0.55859375 0.173828125 0.53515625 0.048828125 0.52734375 0.046875 0.552734375
0 0.263671875 0.5625 0.265625 0.54296875 0.1953125 0.5390625 0.1953125 0.560546875 0.25390625 0.5625
0 0.189453125 0.560546875 0.189453125 0.576171875 0.25390625 0.580078125 0.25390625 0.5625 0.1953125 0.560546875
0 0.169921875 0.599609375 0.171875 0.576171875 0.04296875 0.572265625 0.04296875 0.595703125
0 0.16796875 0.642578125 0.169921875 0.6171875 0.041015625 0.611328125 0.041015625 0.63671875 0.138671875 0.640625
0 0.064453125 0.63671875 0.064453125 0.662109375 0.138671875 0.666015625 0.138671875 0.640625
0 0.05078125 0.63671875 0.05078125 0.6484375 0.064453125 0.6484375 0.064453125 0.63671875
0 0.14453125 0.666015625 0.166015625 0.666015625 0.16796875 0.6484375 0.146484375 0.646484375
0 0.044921875 0.662109375 0.04296875 0.69140625 0.10546875 0.693359375 0.107421875 0.6640625 0.064453125 0.662109375
0 0.044921875 0.6484375 0.044921875 0.662109375 0.064453125 0.662109375 0.064453125 0.6484375 0.05078125 0.6484375
0 0.111328125 0.6640625 0.111328125 0.69140625 0.166015625 0.6953125 0.16796875 0.66796875 0.138671875 0.666015625
0 0.173828125 0.6953125 0.1875 0.697265625 0.189453125 0.673828125 0.17578125 0.673828125
0 0.578125 0.75390625 0.578125 0.7421875 0.5546875 0.744140625 0.5546875 0.75390625
0 0.578125 0.720703125 0.5625 0.720703125 0.5625 0.7421875 0.578125 0.7421875
0 0.6015625 0.7421875 0.611328125 0.73828125 0.603515625 0.71875 0.59375 0.72265625
0 0.533203125 0.822265625 0.546875 0.8125 0.5390625 0.802734375 0.525390625 0.8125
0 0.642578125 0.74609375 0.66015625 0.73828125 0.65234375 0.720703125 0.634765625 0.728515625
0 0.5625 0.71484375 0.556640625 0.71484375 0.556640625 0.7265625 0.5625 0.7265625 0.5625 0.720703125
0 0.5078125 0.78125 0.5078125 0.76953125 0.48046875 0.771484375 0.48046875 0.783203125
0 0.5078125 0.765625 0.5078125 0.75390625 0.482421875 0.755859375 0.484375 0.767578125
0 0.537109375 0.7265625 0.544921875 0.728515625 0.546875 0.71875 0.5390625 0.716796875
0 0.73046875 0.6796875 0.744140625 0.677734375 0.744140625 0.66015625 0.73046875 0.66015625