0 0.537109375 0.8125 0.765625 0.794921875 0.759765625 0.720703125 0.53125 0.73828125
0 0.712890625 0.587890625 0.560546875 0.59765625 0.564453125 0.630859375 0.716796875 0.619140625
0 0.564453125 0.630859375 0.5703125 0.720703125 0.755859375 0.70703125 0.751953125 0.673828125 0.720703125 0.67578125 0.716796875 0.619140625
0 0.560546875 0.587890625 0.515625 0.58984375 0.52734375 0.724609375 0.5703125 0.720703125
0 0.796875 0.66015625 0.806640625 0.7734375 0.853515625 0.771484375 0.865234375 0.919921875 0.888671875 0.91796875 0.869140625 0.654296875
0 0.853515625 0.771484375 0.79296875 0.775390625 0.80859375 1 0.87109375 1
0 0.55078125 1 0.65625 1 0.646484375 0.859375 0.541015625 0.8671875
0 0.47265625 0.841796875 0.134765625 0.869140625 0.142578125 0.994140625 0.482421875 0.96875
0 0.4453125 0.677734375 0.130859375 0.701171875 0.134765625 0.7421875 0.447265625 0.71875
0 0.46484375 0.716796875 0.134765625 0.7421875 0.140625 0.837890625 0.470703125 0.8125
0 0.291015625 0.65234375 0.478515625 0.638671875 0.47265625 0.583984375 0.287109375 0.59765625 0.2890625 0.61328125
0 0.28515625 0.5703125 0.21484375 0.57421875 0.21875 0.619140625 0.2890625 0.61328125 0.287109375 0.59765625
0 0.115234375 0.642578125 0.19921875 0.634765625 0.197265625 0.591796875 0.111328125 0.599609375
0 0.111328125 0.50390625 0.111328125 0.544921875 0.466796875 0.546875 0.466796875 0.505859375
0 0.69921875 0.548828125 0.69921875 0.482421875 0.63671875 0.48046875 0.634765625 0.548828125
0 0.603515625 0.5078125 0.60546875 0.455078125 0.486328125 0.453125 0.484375 0.505859375
0 0.466796875 0.505859375 0.466796875 0.546875 0.634765625 0.548828125 0.63671875 0.5078125
0 0.154296875 0.44921875 0.154296875 0.50390625 0.439453125 0.505859375 0.439453125 0.451171875
0 0.71484375 0.576171875 0.857421875 0.580078125 0.857421875 0.533203125 0.716796875 0.529296875
0 0.328125 0.98046875 0.142578125 0.994140625 0.142578125 1 0.328125 1
0 0.470703125 0.8125 0.130859375 0.837890625 0.134765625 0.869140625 0.47265625 0.841796875
0 0.064453125 0.646484375 0 0.650390625 0 1 0.08984375 1
0 0.8671875 0.52734375 0.8671875 0.44921875 0.73046875 0.44921875 0.73046875 0.52734375 0.8671875 0.52734375
0 0.0703125 0.57421875 0.0703125 0.541015625 0 0.541015625 0 0.57421875 0.0703125 0.57421875
0 0.052734375 0.5234375 0.0546875 0.490234375 0 0.486328125 0 0.51953125 0.052734375 0.5234375