0 0.0625 0.63671875 0.05078125 0.578125 0 0.587890625 0 0.6484375
0 0.078125 0.236328125 0.326171875 0.193359375 0.318359375 0.140625 0.0703125 0.18359375
0 0.19140625 0.546875 0.201171875 0.607421875 0.248046875 0.599609375 0.24609375 0.587890625 0.279296875 0.58203125 0.28125 0.59375 0.30078125 0.58984375 0.298828125 0.578125 0.3125 0.576171875 0.31640625 0.587890625 0.33203125 0.583984375 0.330078125 0.572265625 0.375 0.564453125 0.376953125 0.576171875 0.40625 0.572265625 0.39453125 0.509765625
0 0.1171875 0.41796875 0.369140625 0.375 0.359375 0.32421875 0.107421875 0.3671875
0 0.041015625 0.05859375 0.29296875 0.01171875 0.2890625 0 0.05078125 0 0.03125 0.00390625
0 1 0.689453125 1 0.6484375 0.99609375 0.62890625 0.79296875 0.66796875 0.806640625 0.728515625
0 0.697265625 0.947265625 1 0.88671875 1 0.822265625 0.68359375 0.884765625
0 0.791015625 0.658203125 0.666015625 0.68359375 0.681640625 0.765625 0.80859375 0.740234375 0.79296875 0.66796875
0 0.603515625 0.716796875 0.3515625 0.765625 0.36328125 0.822265625 0.61328125 0.7734375
0 0.36328125 0.822265625 0.37109375 0.8671875 0.412109375 0.859375 0.408203125 0.841796875 0.55078125 0.814453125 0.5546875 0.830078125 0.615234375 0.818359375 0.60546875 0.775390625
0 0.228515625 0.853515625 0.216796875 0.802734375 0.00390625 0.84375 0.013671875 0.89453125
0 0.240234375 0.796875 0.216796875 0.802734375 0.228515625 0.853515625 0.013671875 0.89453125 0.021484375 0.931640625 0.2578125 0.884765625
0 0.638671875 0.265625 0.462890625 0.296875 0.46875 0.33984375 0.482421875 0.337890625 0.486328125 0.35546875 0.6484375 0.328125
0 0.646484375 0.458984375 0.482421875 0.48828125 0.4921875 0.552734375 0.658203125 0.521484375
0 0.80078125 0.44140625 0.79296875 0.439453125 0.78515625 0.4375 0.77734375 0.4375 0.76953125 0.4375 0.76171875 0.439453125 0.75390625 0.443359375 0.748046875 0.447265625 0.7421875 0.453125 0.736328125 0.458984375 0.73828125 0.46875 0.66015625 0.484375 0.6640625 0.515625 0.87109375 0.478515625 0.8671875 0.447265625 0.810546875 0.45703125 0.80859375 0.4453125
0 0.80078125 0.26953125 0.693359375 0.2890625 0.705078125 0.349609375 0.8125 0.330078125
0 0.837890625 0.337890625 0.650390625 0.375 0.658203125 0.412109375 0.775390625 0.388671875 0.77734375 0.400390625 0.84765625 0.38671875
0 0.427734375 0.078125 0.77734375 0.01171875 0.7734375 0 0.56640625 0 0.41796875 0.029296875
0 0.88671875 0.314453125 1 0.29296875 1 0.2421875 0.876953125 0.267578125
0 0.8984375 0.47265625 1 0.453125 1 0.408203125 0.890625 0.4296875
0 0.849609375 0.150390625 1 0.12109375 1 0.072265625 0.841796875 0.103515625
0 0.46484375 0.248046875 0.802734375 0.181640625 0.79296875 0.138671875 0.455078125 0.205078125
0 0.6484375 0.443359375 0.6328125 0.361328125 0.544921875 0.376953125 0.560546875 0.458984375 0.6484375 0.443359375
0 0.02734375 0.3671875 0.02734375 0.291015625 0 0.291015625 0 0.3671875 0.02734375 0.3671875
0 1 0.998046875 1 0.96484375 0.74609375 0.96875 0.74609375 1 1 0.998046875