0 0.658203125 0.3125 0.7890625 0.326171875 0.79296875 0.302734375 0.66015625 0.2890625
0 0.6640625 0.390625 0.673828125 0.392578125 0.677734375 0.375 0.66796875 0.373046875
0 0.87890625 0.4765625 0.88671875 0.46875 0.869140625 0.451171875 0.861328125 0.458984375
0 0.94921875 0.47265625 0.994140625 0.494140625 1 0.482421875 1 0.46875 0.958984375 0.451171875
0 0.958984375 0.302734375 0.96875 0.298828125 0.96484375 0.28125 0.953125 0.283203125
0 0.259765625 0.779296875 0.36328125 0.7734375 0.341796875 0.396484375 0.23828125 0.40234375
0 0.513671875 0.763671875 0.509765625 0.6796875 0.357421875 0.6875 0.36328125 0.7734375
0 0.494140625 0.41796875 0.34375 0.42578125 0.357421875 0.6875 0.509765625 0.6796875
0 0.462890625 0.36328125 0.490234375 0.361328125 0.482421875 0.236328125 0.453125 0.23828125
0 0.54296875 0.18359375 0.517578125 0.150390625 0.48046875 0.1796875 0.505859375 0.212890625 0.54296875 0.18359375
0 0.462890625 0.376953125 0.4609375 0.34375 0.357421875 0.349609375 0.359375 0.380859375 0.462890625 0.376953125
0 0.041015625 0.291015625 0.052734375 0.263671875 0.017578125 0.25 0.0078125 0.279296875 0.041015625 0.291015625