0 0.908203125 0.888671875 0.951171875 0.900390625 0.9609375 0.86328125 0.91796875 0.8515625
0 0.986328125 0.994140625 0.966796875 0.990234375 0.962890625 1 0.984375 1
0 0.640625 1 0.681640625 1 0.646484375 0.98828125
0 0.76953125 0.91015625 0.826171875 0.9296875 0.83984375 0.892578125 0.783203125 0.873046875
0 0.6796875 0.892578125 0.69921875 0.845703125 0.619140625 0.8125 0.599609375 0.861328125 0.677734375 0.892578125
0 0.658203125 0.884765625 0.642578125 0.919921875 0.662109375 0.927734375 0.677734375 0.892578125
0 1 0.71484375 1 0.673828125 0.98828125 0.712890625
0 0.9765625 0.681640625 0.96875 0.708984375 0.98828125 0.71484375 0.99609375 0.6875
0 0.40625 0.6875 0.4140625 0.65234375 0.3984375 0.6484375 0.390625 0.68359375
0 0.390625 0.65234375 0.365234375 0.64453125 0.357421875 0.673828125 0.3828125 0.6796875
0 0.333984375 0.61328125 0.330078125 0.630859375 0.359375 0.638671875 0.365234375 0.62109375
0 0.3125 0.587890625 0.30859375 0.607421875 0.365234375 0.62109375 0.369140625 0.603515625
0 0.314453125 0.6328125 0.30859375 0.65625 0.322265625 0.66015625 0.328125 0.63671875
0 0.294921875 0.603515625 0.283203125 0.6484375 0.30859375 0.65625 0.314453125 0.6328125 0.328125 0.63671875 0.333984375 0.61328125 0.30859375 0.607421875
0 0.330078125 0.630859375 0.322265625 0.66015625 0.359375 0.66796875 0.3671875 0.640625 0.359375 0.638671875
0 0.59375 0.443359375 0.646484375 0.45703125 0.654296875 0.4296875 0.599609375 0.416015625
0 0.5859375 0.53515625 0.607421875 0.46875 0.568359375 0.455078125 0.546875 0.521484375 0.5859375 0.53515625
0 0.130859375 0.291015625 0.150390625 0.203125 0.064453125 0.185546875 0.044921875 0.2734375 0.130859375 0.291015625
0 0.373046875 0.25 0.37890625 0.16015625 0.267578125 0.15234375 0.26171875 0.2421875 0.373046875 0.25