0 0.548828125 0.044921875 0.826171875 0.04296875 0.826171875 0.001953125 0.791015625 0.001953125 0.791015625 0 0.548828125 0
0 0.86328125 0 0.86328125 0.046875 1 0.044921875 1 0 0.921875 0 0.904296875 0
0 0.94921875 0.16015625 0.94921875 0.154296875 0.931640625 0.154296875 0.931640625 0.16015625 0.890625 0.162109375 0.890625 0.20703125 1 0.205078125 1 0.16015625
0 0.94140625 0.294921875 0.94140625 0.287109375 0.923828125 0.2890625 0.923828125 0.294921875 0.8828125 0.294921875 0.8828125 0.341796875 1 0.33984375 1 0.294921875
0 0.7578125 0.142578125 0.7578125 0.150390625 0.6953125 0.150390625 0.6953125 0.14453125 0.671875 0.14453125 0.671875 0.150390625 0.59765625 0.150390625 0.59765625 0.14453125 0.580078125 0.14453125 0.580078125 0.15234375 0.5390625 0.15234375 0.5390625 0.19921875 0.81640625 0.1953125 0.81640625 0.154296875 0.779296875 0.154296875 0.779296875 0.142578125
0 0.755859375 0.28125 0.755859375 0.2890625 0.693359375 0.2890625 0.693359375 0.283203125 0.671875 0.283203125 0.671875 0.2890625 0.595703125 0.291015625 0.595703125 0.283203125 0.578125 0.283203125 0.578125 0.291015625 0.537109375 0.291015625 0.537109375 0.337890625 0.814453125 0.333984375 0.814453125 0.29296875 0.779296875 0.29296875 0.779296875 0.28125
0 0.35546875 0.029296875 0.490234375 0.025390625 0.490234375 0 0.35546875 0
0 0.435546875 0.203125 0.435546875 0.216796875 0.396484375 0.21875 0.396484375 0.205078125 0.375 0.205078125 0.375 0.21875 0.3359375 0.220703125 0.337890625 0.283203125 0.47265625 0.279296875 0.47265625 0.2265625 0.455078125 0.228515625 0.453125 0.203125
0 0.845703125 0.556640625 1 0.55859375 1 0.490234375 0.84765625 0.48828125
0 0.84765625 0.6796875 0.84765625 0.75390625 1 0.75 1 0.677734375
0 0.52734375 0.708984375 0.818359375 0.708984375 0.818359375 0.634765625 0.52734375 0.634765625
0 0.47265625 0.435546875 0.47265625 0.453125 0.447265625 0.453125 0.447265625 0.4375 0.4140625 0.4375 0.4140625 0.455078125 0.388671875 0.455078125 0.388671875 0.4375 0.359375 0.439453125 0.359375 0.453125 0.330078125 0.453125 0.33203125 0.5234375 0.5234375 0.51953125 0.5234375 0.458984375 0.490234375 0.4609375 0.490234375 0.435546875
0 0.564453125 0.5 0.765625 0.501953125 0.765625 0.43359375 0.56640625 0.431640625
0 0.345703125 0.9375 0.376953125 0.9375 0.375 0.8359375 0.34375 0.8359375
0 0.400390625 0.9375 0.54296875 0.935546875 0.541015625 0.90234375 0.400390625 0.904296875
0 0.55078125 0.83984375 0.404296875 0.8359375 0.40234375 0.861328125 0.55078125 0.865234375
0 0.5859375 0.87109375 0.728515625 0.869140625 0.7265625 0.837890625 0.5859375 0.83984375
0 0.58203125 0.90625 0.580078125 0.943359375 0.732421875 0.9453125 0.732421875 0.908203125
0 0.03125 0.091796875 0.0859375 0.08984375 0.083984375 0.0625 0.03125 0.064453125
0 0.025390625 0.51953125 0.056640625 0.517578125 0.056640625 0.466796875 0.0234375 0.466796875
0 0.0625 0.44921875 0.0625 0.416015625 0.0078125 0.416015625 0.0078125 0.44921875 0.0625 0.44921875
0 0.400390625 0.359375 0.400390625 0.318359375 0.31640625 0.31640625 0.314453125 0.357421875 0.400390625 0.359375
0 0.068359375 0.40234375 0.068359375 0.353515625 0.0078125 0.353515625 0.0078125 0.404296875 0.068359375 0.40234375