0 0.685546875 0.30859375 0.638671875 0.306640625 0.65625 0.029296875 0.591796875 0.025390625 0.572265625 0.337890625 0.607421875 0.33984375 0.59765625 0.48828125 0.490234375 0.482421875 0.484375 0.5625 0.669921875 0.572265625 0.685546875 0.318359375
0 0 0.408203125 0 0.48828125 0.197265625 0.501953125 0.201171875 0.419921875
0 0.201171875 0.419921875 0.19140625 0.583984375 0.458984375 0.599609375 0.46875 0.435546875
0 0 0.48828125 0 0.5390625 0.193359375 0.552734375 0.197265625 0.501953125
0 0.064453125 0.998046875 0.068359375 0.90625 0 0.900390625 0 0.994140625
0 0.068359375 0.923828125 0.0625 1 0.099609375 1 0.10546875 0.92578125
0 0.107421875 0.904296875 0.1015625 1 0.33203125 1 0.337890625 0.91796875
0 0.48828125 0.86328125 0.482421875 0.9921875 0.5859375 1 0.587890625 1 0.59765625 0.869140625
0 0.91015625 0.0625 0.943359375 0.064453125 0.9453125 0.0546875 0.9453125 0.046875 0.98046875 0.048828125 0.978515625 0.06640625 1 0.06640625 1 0 0.912109375 0
0 0.9453125 0.046875 0.9453125 0.064453125 0.91015625 0.0625 0.90625 0.111328125 1 0.1171875 1 0.06640625 0.978515625 0.06640625 0.98046875 0.048828125
0 0.904296875 0.3828125 0.900390625 0.4375 0.9296875 0.4375 0.923828125 0.515625 0.990234375 0.51953125 0.99609375 0.443359375 1 0.443359375 1 0.38671875
0 0.970703125 0.818359375 0.955078125 0.87109375 0.94921875 0.923828125 0.953125 0.986328125 0.955078125 1 1 1 1 0.826171875
0 0.642578125 0.763671875 0.640625 0.783203125 0.6171875 0.78125 0.609375 0.896484375 0.73828125 0.904296875 0.744140625 0.7890625 0.724609375 0.7890625 0.724609375 0.76953125
0 0.2109375 0.72265625 0.208984375 0.76953125 0.240234375 0.771484375 0.23828125 0.78515625 0.21875 0.78515625 0.216796875 0.8203125 0.373046875 0.830078125 0.375 0.79296875 0.353515625 0.79296875 0.35546875 0.78515625 0.35546875 0.779296875 0.375 0.779296875 0.37890625 0.732421875
0 0 0.71484375 0 0.8125 0.09765625 0.8203125 0.099609375 0.783203125 0.080078125 0.783203125 0.080078125 0.76953125 0.1015625 0.76953125 0.103515625 0.72265625
0 0 0.68359375 0 0.71484375 0.103515625 0.72265625 0.1015625 0.76953125 0.240234375 0.77734375 0.240234375 0.771484375 0.208984375 0.76953125 0.2109375 0.72265625 0.37890625 0.732421875 0.375 0.779296875 0.35546875 0.779296875 0.35546875 0.78515625 0.615234375 0.80078125 0.6171875 0.78125 0.640625 0.783203125 0.642578125 0.763671875 0.724609375 0.76953125 0.724609375 0.7890625 0.744140625 0.7890625 0.74609375 0.73046875
0 0.751953125 0.044921875 0.796875 0.048828125 0.798828125 0 0.75390625 0
0 1 0.23046875 1 0.18359375 0.9375 0.18359375 0.9375 0.23046875 1 0.23046875