0 0.13671875 0.91015625 0.13671875 0.86328125 0 0.861328125 0 0.908203125
0 0 0.3515625 0 0.40234375 0.150390625 0.40234375 0.150390625 0.47265625 0.19921875 0.47265625 0.197265625 0.390625 0.150390625 0.390625 0.150390625 0.3515625
0 0.138671875 0.55859375 0.138671875 0.521484375 0 0.521484375 0 0.5703125 0.138671875 0.5703125 0.138671875 0.6328125 0.1875 0.6328125 0.189453125 0.55859375
0 0.16015625 0.712890625 0.16015625 0.673828125 0 0.673828125 0 0.72265625 0.150390625 0.724609375 0.1484375 0.791015625 0.201171875 0.791015625 0.201171875 0.712890625
0 0.0625 0.2265625 0.0625 0.16796875 0 0.16796875 0 0.2265625
0 0.361328125 0.970703125 0.361328125 0.986328125 0.322265625 0.986328125 0.322265625 1 0.66796875 1 0.66796875 0.970703125
0 0.3671875 0.857421875 0.66796875 0.8515625 0.66796875 0.802734375 0.3671875 0.80859375 0.3671875 0.828125 0.3203125 0.828125 0.322265625 0.9140625 0.369140625 0.912109375
0 0.36328125 0.640625 0.36328125 0.6640625 0.3203125 0.6640625 0.3203125 0.7578125 0.369140625 0.7578125 0.369140625 0.69140625 0.666015625 0.693359375 0.666015625 0.642578125
0 0.3828125 0.498046875 0.3828125 0.515625 0.333984375 0.515625 0.333984375 0.607421875 0.3828125 0.607421875 0.3828125 0.546875 0.681640625 0.548828125 0.681640625 0.498046875
0 0.369140625 0.3515625 0.369140625 0.376953125 0.326171875 0.375 0.326171875 0.431640625 0.37890625 0.431640625 0.37890625 0.400390625 0.671875 0.40234375 0.671875 0.35546875
0 0.70703125 0.408203125 0.99609375 0.408203125 0.998046875 0.359375 0.70703125 0.357421875
0 0.705078125 0.5546875 0.990234375 0.556640625 0.990234375 0.505859375 0.70703125 0.50390625
0 0.732421875 0.494140625 0.904296875 0.494140625 0.904296875 0.447265625 0.732421875 0.447265625
0 0.693359375 0.71484375 0.974609375 0.716796875 0.974609375 0.666015625 0.693359375 0.666015625
0 0.69140625 0.8671875 0.974609375 0.8671875 0.974609375 0.818359375 0.69140625 0.818359375
0 0.984375 0.21875 0.984375 0.171875 0.65625 0.171875 0.65625 0.21875
0 0.982421875 0.048828125 0.982421875 0.001953125 0.658203125 0 0.658203125 0.046875
0 0.12109375 0.08203125 0.12109375 0.193359375 0.169921875 0.193359375 0.169921875 0.21484375 0.447265625 0.21484375 0.447265625 0.169921875 0.169921875 0.169921875 0.169921875 0.08203125
0 0.587890625 0.095703125 0.44921875 0.095703125 0.44921875 0.146484375 0.587890625 0.146484375 0.587890625 0.138671875
0 0.56640625 0.080078125 0.56640625 0.095703125 0.587890625 0.095703125 0.587890625 0.138671875 0.609375 0.138671875 0.609375 0.080078125
0 0.98046875 1 0.98046875 0.9765625 0.791015625 0.9765625 0.791015625 1 0.98046875 1
0 0.89453125 0.810546875 0.89453125 0.75 0.69921875 0.748046875 0.69921875 0.80859375 0.89453125 0.810546875
0 0.171875 0.04296875 0.171875 0 0.1015625 0 0.1015625 0.04296875 0.171875 0.04296875
0 0.783203125 1 0.783203125 0.97265625 0.6953125 0.97265625 0.6953125 0.998046875 0.783203125 1