0 0.251953125 0.060546875 0.25390625 0.0078125 0.080078125 0 0 0 0 0.048828125
0 1 0.123046875 1 0.041015625 0.962890625 0.041015625 0.96484375 0.125
0 0.3125 0.263671875 0.525390625 0.271484375 0.52734375 0.19921875 0.314453125 0.193359375
0 0.671875 0.419921875 0.642578125 0.419921875 0.642578125 0.466796875 0.671875 0.466796875
0 0.955078125 0.404296875 0.671875 0.404296875 0.671875 0.466796875 0.955078125 0.46484375
0 0 0.412109375 0 0.55859375 0.173828125 0.75 0.19921875 0.751953125 0.22265625 0.4296875
0 0 0.82421875 0 0.927734375 0.244140625 0.93359375 0.248046875 0.830078125 0.10546875 0.826171875
0 0.162109375 0.751953125 0.10546875 0.69921875 0 0.798828125 0 0.81640625 0.02734375 0.81640625 0.1640625 0.8203125
0 0.30859375 0.25 0.3125 0.19921875 0 0.1796875 0 0.23046875
0 0.37109375 0.0390625 0.572265625 0.046875 0.57421875 0 0.37109375 0
0 0.580078125 0.26953125 0.822265625 0.26953125 0.822265625 0.2109375 0.580078125 0.212890625
0 0.912109375 0.224609375 0.91015625 0.2734375 1 0.275390625 1 0.2265625
0 0.83984375 0.021484375 0.83984375 0 0.712890625 0 0.712890625 0.021484375 0.83984375 0.021484375
0 0.310546875 0.154296875 0.318359375 0.01171875 0.275390625 0.009765625 0.267578125 0.15234375 0.310546875 0.154296875