0 0.40625 0.638671875 0.4296875 0.642578125 0.43359375 0.62890625 0.408203125 0.625
0 0.42578125 0.66015625 0.43359375 0.662109375 0.44140625 0.630859375 0.43359375 0.62890625 0.4296875 0.642578125
0 0.416015625 0.685546875 0.43359375 0.689453125 0.4375 0.671875 0.419921875 0.66796875
0 0.400390625 0.78515625 0.4140625 0.787109375 0.423828125 0.734375 0.41015625 0.73046875
0 0.431640625 0.8046875 0.451171875 0.80859375 0.45703125 0.78515625 0.435546875 0.78125
0 0.41015625 0.80078125 0.40625 0.822265625 0.427734375 0.82421875 0.431640625 0.8046875
0 0.369140625 0.818359375 0.392578125 0.82421875 0.400390625 0.796875 0.375 0.791015625
0 0.5234375 0.59765625 0.529296875 0.5859375 0.5 0.57421875 0.49609375 0.5859375
0 0.33203125 0.482421875 0.357421875 0.486328125 0.365234375 0.42578125 0.337890625 0.423828125
0 0.35546875 0.40625 0.359375 0.384765625 0.318359375 0.376953125 0.314453125 0.3984375
0 0.369140625 0.37109375 0.369140625 0.357421875 0.34765625 0.357421875 0.34765625 0.369140625
0 0.49609375 0.26171875 0.498046875 0.23828125 0.443359375 0.232421875 0.439453125 0.255859375
0 0.744140625 0.248046875 0.748046875 0.236328125 0.701171875 0.216796875 0.6953125 0.2265625
0 0.951171875 0.423828125 0.978515625 0.451171875 0.99609375 0.435546875 0.96875 0.408203125
0 0.896484375 0.54296875 0.91796875 0.5625 0.955078125 0.521484375 0.93359375 0.501953125
0 0.59375 0.078125 0.607421875 0.080078125 0.61328125 0.03125 0.59765625 0.029296875
0 0.66796875 0.8515625 0.650390625 0.8046875 0.591796875 0.82421875 0.609375 0.87109375 0.66796875 0.8515625