0 0.30078125 0.107421875 0.484375 0.296875 0.740234375 0.05078125 0.689453125 0 0.412109375 0
0 0.1809619329150579 0.2699535472972973 0.3626025579150579 0.4613597972972973 0.4446338079150579 0.3832347972972973 0.2610400579150579 0.1918285472972973
0 0.81640625 0.12890625 0.732421875 0.203125 0.828125 0.310546875 0.912109375 0.236328125
0 0.748046875 0.279296875 0.640625 0.373046875 0.6953125 0.431640625 0.80078125 0.337890625
0 0.333984375 0.65625 0.39453125 0.71875 0.611328125 0.51171875 0.55078125 0.44921875
0 0.314453125 0.58984375 0.345703125 0.62109375 0.53515625 0.4375 0.505859375 0.40625
0 0.607421875 0.6015625 0.56640625 0.640625 0.650390625 0.728515625 0.689453125 0.689453125
0 0.70703125 0.70703125 0.689453125 0.689453125 0.5546875 0.818359375 0.572265625 0.8359375 0.666015625 0.74609375
0 0.482421875 0.927734375 0.53125 0.91015625 0.52734375 0.900390625 0.48046875 0.87109375 0.419921875 0.892578125 0.451171875 0.9765625 0.494140625 0.9609375
0 0.40234375 0.791015625 0.421875 0.814453125 0.453125 0.78515625 0.43359375 0.763671875
0 0.595703125 1 0.615234375 1 0.6015625 0.951171875 0.583984375 0.95703125
0 0.6796875 0.900390625 0.771484375 1 0.896484375 1 0.982421875 0.919921875 0.83203125 0.7578125
0 0.69140625 0.791015625 0.6640625 0.759765625 0.564453125 0.84765625 0.59375 0.87890625