0 1 0.75390625 1 0.697265625 0.96875 0.703125 0.98046875 0.767578125 1 0.763671875
0 1 0.6015625 1 0.56640625 0.9453125 0.576171875 0.951171875 0.611328125
0 1 0.548828125 1 0.51171875 0.9375 0.5234375 0.9453125 0.55859375
0 0.966796875 0.439453125 0.970703125 0.4609375 0.9453125 0.46484375 0.951171875 0.5 1 0.490234375 1 0.43359375
0 1 0.369140625 1 0.31640625 0.931640625 0.330078125 0.94140625 0.380859375
0 0.857421875 0.30859375 1 0.2890625 1 0 0.81640625 0
0 0.32421875 0.708984375 0.548828125 0.68359375 0.54296875 0.623046875 0.318359375 0.6484375
0 0.755859375 0.6640625 0.8046875 0.658203125 0.798828125 0.6171875 0.751953125 0.623046875
0 0.45778535231660233 0.48362089768339767 0.45192597731660233 0.42893339768339767 0.08278535231660233 0.45823027268339767 0.08669160231660233 0.5109646476833977
0 0.8503634773166023 0.517578125 0.8464572273166023 0.46484375 0.49098847731660233 0.490234375 0.49489472731660233 0.54296875
0 0.4609375 0.55078125 0.45703125 0.5078125 0.08984375 0.53515625 0.09375 0.578125
0 0.8366916023166023 0.44846464768339767 0.8327853523166023 0.39377714768339767 0.47926972731660233 0.41721464768339767 0.48317597731660233 0.47385527268339767
0 0.44801972731660233 0.41721464768339767 0.44411347731660233 0.35862089768339767 0.08669160231660233 0.38596464768339767 0.09255097731660233 0.44455839768339767
0 0.8308322273166023 0.36838652268339767 0.8269259773166023 0.32151152268339767 0.46559785231660233 0.35862089768339767 0.46950410231660233 0.40549589768339767
0 0.93359375 0.46484375 0.919921875 0.404296875 0.89453125 0.41015625 0.908203125 0.470703125
0 0.97265625 0.798828125 0.939453125 0.650390625 0.904296875 0.658203125 0.9375 0.806640625
0 1 0.671875 1 0.638671875 0.953125 0.646484375 0.958984375 0.681640625