0 0.1328125 0.072265625 0.1484375 0.08984375 0.15625 0.083984375 0.171875 0.095703125 0.16796875 0.107421875 0.181640625 0.125 0.251953125 0.125 0.265625 0.107421875 0.2578125 0.099609375 0.275390625 0.0859375 0.287109375 0.08984375 0.296875 0.078125 0.298828125 0.001953125 0.296875 0 0.134765625 0
0 0.63671875 0.033203125 0.662109375 0.052734375 0.650390625 0.068359375 0.728515625 0.1484375 0.7890625 0.15234375 0.884765625 0.078125 0.875 0.060546875 0.900390625 0.0390625 0.859375 0 0.8515625 0 0.82421875 0.029296875 0.80078125 0.0078125 0.763671875 0.041015625 0.732421875 0.005859375 0.712890625 0.025390625 0.6875 0 0.669921875 0
0 0.443359375 0.34375 0.82421875 0.349609375 0.826171875 0.275390625 0.443359375 0.26953125
0 0.162109375 0.380859375 0.361328125 0.359375 0.3515625 0.2734375 0.11328125 0.298828125 0.115234375 0.310546875 0.068359375 0.314453125 0.095703125 0.50390625 0.1796875 0.49609375
0 0.1953125 0.9296875 0.373046875 0.90625 0.330078125 0.578125 0.15234375 0.599609375
0 0.587890625 0.443359375 0.435546875 0.4375 0.43359375 0.494140625 0.5859375 0.501953125 0.587890625 0.45703125
0 0.583984375 0.525390625 1 0.544921875 1 0.4765625 0.587890625 0.45703125 0.5859375 0.501953125
0 0.451171875 0.646484375 0.703125 0.654296875 0.703125 0.59765625 0.453125 0.591796875
0 0.732421875 0.65234375 0.951171875 0.658203125 0.953125 0.607421875 0.732421875 0.599609375
0 0.6875 0.86328125 0.486328125 0.884765625 0.4921875 0.94140625 0.693359375 0.919921875
0 0.501953125 0.689453125 0.439453125 0.6953125 0.4609375 0.888671875 0.521484375 0.880859375
0 0.69921875 0.822265625 0.69921875 0.87109375 0.8359375 0.873046875 0.8359375 0.822265625
0 0.8359375 0.798828125 0.8359375 0.853515625 0.9609375 0.853515625 0.9609375 0.80078125
0 0.955078125 0.970703125 0.953125 1 1 1 1 0.970703125
0 0.95703125 0.787109375 0.9609375 0.716796875 0.8515625 0.708984375 0.84765625 0.78125 0.95703125 0.787109375
0 1 0.876953125 1 0.80859375 0.962890625 0.80859375 0.962890625 0.876953125 1 0.876953125
0 0.841796875 0.998046875 0.841796875 0.970703125 0.630859375 0.97265625 0.630859375 1 0.841796875 0.998046875
0 0.998046875 0.4453125 1 0.400390625 0.876953125 0.39453125 0.875 0.439453125 0.998046875 0.4453125
0 0.71484375 0.751953125 0.716796875 0.703125 0.666015625 0.703125 0.6640625 0.751953125 0.71484375 0.751953125