0 0.4140625 0.69921875 0.361328125 0.810546875 0.529296875 0.890625 0.583984375 0.779296875 0.494140625 0.736328125
0 0.9453125 0.755859375 0.7421875 0.880859375 0.798828125 0.96875 1 0.84375 0.955078125 0.7734375
0 1 0.73046875 1 0.66796875 0.95703125 0.6640625 0.923828125 0.642578125 0.85546875 0.736328125 0.787109375 0.6953125 0.794921875 0.673828125 0.759765625 0.662109375 0.755859375 0.677734375 0.681640625 0.66796875 0.6796875 0.65234375 0.6484375 0.65234375 0.6484375 0.669921875 0.529296875 0.69140625 0.494140625 0.736328125 0.583984375 0.779296875 0.529296875 0.890625 0.59765625 0.865234375 0.626953125 0.853515625 0.673828125 0.849609375 0.7109375 0.85546875 0.73828125 0.87109375 0.75390625 0.873046875 0.9453125 0.755859375 0.955078125 0.7734375
0 0.791015625 0.015625 0.91796875 0.064453125 0.94140625 0 0.794921875 0
0 0.95703125 0 0.94140625 0 0.921875 0.052734375 1 0.080078125 1 0.009765625
0 0.36328125 0.33203125 0.689453125 0.30859375 0.68359375 0.228515625 0.357421875 0.251953125
0 0.373046875 0.048828125 0.685546875 0.138671875 0.708984375 0.05859375 0.5078125 0 0.38671875 0
0 0.74609375 0.572265625 0.978515625 0.576171875 0.98046875 0.4921875 0.74609375 0.48828125
0 0.435546875 0.458984375 0.353515625 0.466796875 0.361328125 0.53515625 0.44140625 0.529296875
0 0.443359375 0.537109375 0.65625 0.517578125 0.6484375 0.4375 0.435546875 0.458984375 0.44140625 0.529296875
0 0.298828125 0 0.22265625 0 0.203125 0.021484375 0.130859375 0.04296875 0.130859375 0.017578125 0.02734375 0.017578125 0.02734375 0 0 0 0 0.060546875 0.029296875 0.060546875 0.029296875 0.095703125 0.1328125 0.09375 0.15625 0.09765625 0.224609375 0.0859375 0.2890625 0.033203125
0 0.27734375 0.181640625 0.275390625 0.103515625 0 0.11328125 0 0.193359375
0 0.291015625 0.5 0.287109375 0.43359375 0 0.451171875 0 0.517578125 0.228515625 0.50390625
0 0.291015625 0.3203125 0.287109375 0.248046875 0 0.259765625 0 0.33203125
0 0.251953125 0.6171875 0.248046875 0.54296875 0 0.556640625 0 0.6328125
0 0.056640625 0.896484375 0.056640625 0.888671875 0 0.888671875 0 0.986328125 0.05859375 0.984375 0.05859375 0.95703125 0.2421875 0.951171875 0.240234375 0.890625 0.140625 0.89453125
0 0.2265625 0.677734375 0.134765625 0.681640625 0.140625 0.89453125 0.232421875 0.890625
0 1 1 1 0.904296875 0.931640625 0.904296875 0.931640625 1 1 1