0 0.005859375 0.6484375 0.267578125 0.6015625 0.27734375 0.64453125 0.015625 0.69140625
0 0.03423108552631579 0.5364925986842105 0.2256373355263158 0.4954769736842105 0.2373560855263158 0.5462582236842105 0.04399671052631579 0.5833675986842105
0 0.171875 0.171875 0.216796875 0.1640625 0.234375 0.267578125 0.189453125 0.275390625
0 0.005550986842105296 0.33963815789473684 0.19366776315789477 0.2974917763157895 0.2305715460526315 0.4591899671052635 0 0.5215871710526315
0 0.3154810855263158 0.47543174342105265 0.3721217105263158 0.46371299342105265 0.4095394736842105 0.533922697368421 0.3519736842105263 0.6130756578947368 0.28207236842105265 0.5812088815789473
0 0 0.09909539473684213 0 0.003495065789473719 0.1206825657894737 0.014802631578947402 0.1800986842105263 0.10125411184210528 0.1039268092105263 0.13055098684210534
0 0.5391652960526316 0.18359375 0.6719777960526316 0.107421875 0.7051809210526316 0.166015625 0.5743215460526316 0.244140625
0 0.6953125 0.06620065789473688 0.8351151315789473 0.006578947368421088 0.8648231907894737 0.08090049342105264 0.7398231907894737 0.14730674342105265
0 0.765625 0.19921875 0.8828125 0.13671875 0.9140625 0.185546875 0.796875 0.248046875
0 0.378186677631579 0.27703536184210564 0.510999177631579 0.20672286184210528 0.546155427631579 0.26336348684210564 0.413342927631579 0.33172286184210564
0 0.32277960526315796 0.16375411184210525 0.44387335526315796 0.09148848684210525 0.47902960526315796 0.14812911184210525 0.35598273026315796 0.22039473684210525
0 0.4778988486842105 0.06558388157894737 0.6048519736842105 0.008943256578947366 0.6380550986842105 0.05386513157894736 0.5091488486842105 0.11441200657894737
0 0.9609375 0.140625 0.99609375 0.10546875 0.998046875 0.13712993421052636 0.998046875 0.18338815789473686
0 0.8772615131578947 0.027138157894736874 0.958984375 0 0.994140625 0.0234375 0.9142680921052632 0.0733963815789474
0 0.234375 0.064453125 0.41015625 0 0.435546875 0.037109375 0.259765625 0.103515625
0 0.06825657894736845 0.998046875 0.21319901315789477 0.9091282894736842 0.2512335526315789 0.9095394736842105 0.2629523026315789 0.9622738486842105 0.19058388157894737 0.998046875
0 0.0078125 0.927734375 0.189453125 0.81640625 0.22265625 0.857421875 0.037109375 0.96875
0 0.21875 0.775390625 0.421875 0.6640625 0.451171875 0.712890625 0.24609375 0.822265625
0 0.267578125 0.88671875 0.46875 0.779296875 0.5 0.830078125 0.298828125 0.9375
0 0.640625 0.388671875 0.71484375 0.34375 0.736328125 0.384765625 0.662109375 0.4296875
0 0.71484375 0.5 0.787109375 0.45703125 0.82421875 0.515625 0.75 0.55859375
0 0.451171875 0.642578125 0.685546875 0.51953125 0.7109375 0.5546875 0.4765625 0.677734375
0 0.5770970394736842 0.709498355263158 0.7060032894736842 0.689967105263158 0.7158717105263158 0.7765213815789473 0.607935855263158 0.8042763157894736
0 0.55078125 0.71484375 0.583984375 0.7109375 0.59375 0.7890625 0.560546875 0.79296875
0 0.5693873355263157 0.8089021381578947 0.5967310855263157 0.8030427631578947 0.6201685855263157 0.9085115131578947 0.5908717105263157 0.9143708881578947
0 0.529296875 0.9453125 0.548828125 0.94140625 0.5625 0.9921875 0.541015625 0.998046875
0 0.6875 0.974609375 0.765625 0.93359375 0.779296875 0.95703125 0.703125 0.998046875
0 0.759765625 0.767578125 0.8046875 0.759765625 0.822265625 0.880859375 0.77734375 0.890625
0 0.73828125 0.546875 0.8046875 0.53515625 0.830078125 0.6796875 0.759765625 0.693359375
0 0.8700657894736843 0.7896792763157895 0.9091282894736843 0.7779605263157895 0.9169407894736843 0.8404605263157895 0.8798314144736843 0.8560855263157895
0 0.909477557915058 0.6206563706563707 0.998046875 0.6002956081081081 1 0.6251135122434466 0.998046875 0.6824927606177607 0.998046875 0.7126568532818534 0.9298383204633205 0.6840009652509653
0 0.8108552631578947 0.746607730263158 0.8733552631578947 0.734888980263158 0.8792146381578947 0.764185855263158 0.8167146381578947 0.773951480263158
0 0.7308799342105263 0.721936677631579 0.8129111842105263 0.706311677631579 0.8187705592105263 0.739514802631579 0.7367393092105263 0.755139802631579
0 0.68359375 0.19921875 0.7265625 0.171875 0.783203125 0.2421875 0.740234375 0.26953125
0 0.20271381578947367 0.3024259868421052 0.24763569078947362 0.2946134868421052 0.2652138157894736 0.3981291118421052 0.22029194078947367 0.4059416118421052
0 0.23355263157894737 0.4412006578947367 0.27847450657894735 0.4333881578947367 0.29605263157894735 0.5369037828947367 0.25113075657894735 0.5447162828947367
0 0.6998355263157895 0.6891447368421053 0.7330386513157895 0.6852384868421053 0.759046052631579 0.8762335526315789 0.7271792763157895 0.8916529605263157
0 0.140625 0.185546875 0.134765625 0.14453125 0 0.16796875 0 0.2109375
0 0.361328125 0.439453125 0.306640625 0.322265625 0.265625 0.33984375 0.318359375 0.458984375
0 0.171875 0.26171875 0.1640625 0.216796875 0 0.244140625 0 0.2890625
0 0.703125 0.666015625 0.69140625 0.607421875 0.556640625 0.63671875 0.568359375 0.693359375
0 0.84765625 0.326171875 0.810546875 0.2734375 0.71484375 0.33984375 0.75 0.392578125
0 0.630859375 0.998046875 0.62890625 0.96484375 0.580078125 0.96484375 0.58203125 1