0 0.294921875 0.015625 0.546875 0.013671875 0.546875 0 0.294921875 0
0 0.58203125 0.01953125 0.822265625 0.01953125 0.822265625 0 0.58203125 0
0 0.892578125 0.0078125 0.833984375 0.0078125 0.833984375 0.0390625 0.892578125 0.0390625 0.892578125 0.03125
0 1 0.029296875 1 0 0.892578125 0 0.892578125 0.03125
0 0.189453125 0.470703125 0.189453125 0.513671875 0.166015625 0.513671875 0.166015625 0.470703125 0.138671875 0.470703125 0.138671875 0.5078125 0.119140625 0.5078125 0.119140625 0.556640625 0.373046875 0.5546875 0.373046875 0.5078125 0.3515625 0.5078125 0.3515625 0.470703125 0.326171875 0.470703125 0.326171875 0.5078125 0.3046875 0.5078125 0.3046875 0.470703125 0.27734375 0.470703125 0.279296875 0.498046875 0.22265625 0.498046875 0.22265625 0.470703125
0 0.80859375 0.46875 0.80859375 0.501953125 0.787109375 0.501953125 0.787109375 0.46875 0.76171875 0.46875 0.76171875 0.49609375 0.7421875 0.49609375 0.7421875 0.5546875 0.9765625 0.5546875 0.974609375 0.48046875 0.94140625 0.48046875 0.94140625 0.513671875 0.916015625 0.513671875 0.916015625 0.48046875 0.8828125 0.48046875 0.8828125 0.515625 0.849609375 0.515625 0.849609375 0.49609375 0.837890625 0.49609375 0.837890625 0.46875
0 0.326171875 0.880859375 0.326171875 0.919921875 0.302734375 0.919921875 0.302734375 0.880859375 0.279296875 0.880859375 0.279296875 0.90625 0.2578125 0.90625 0.2578125 0.919921875 0.23046875 0.919921875 0.228515625 0.8828125 0.193359375 0.8828125 0.193359375 0.919921875 0.16796875 0.919921875 0.16796875 0.8828125 0.13671875 0.8828125 0.13671875 0.919921875 0.119140625 0.919921875 0.119140625 0.96484375 0.373046875 0.96484375 0.373046875 0.919921875 0.35546875 0.919921875 0.35546875 0.880859375
0 0.95703125 0.9296875 0.95703125 0.962890625 0.9375 0.962890625 0.9375 0.9296875 0.90234375 0.9296875 0.90234375 0.97265625 0.873046875 0.97265625 0.873046875 0.953125 0.861328125 0.953125 0.861328125 0.931640625 0.826171875 0.931640625 0.826171875 0.978515625 0.798828125 0.978515625 0.798828125 0.931640625 0.7734375 0.931640625 0.775390625 0.96484375 0.74609375 0.96484375 0.74609375 1 0.99609375 1 0.99609375 0.962890625 0.982421875 0.962890625 0.982421875 0.9296875
0 0.03125 0.5703125 0.03125 0.537109375 0.015625 0.537109375 0.013671875 0.5234375 0 0.5234375 0 0.5703125
0 0.5078125 0.908203125 0.5078125 0.931640625 0.48828125 0.931640625 0.48828125 0.953125 0.46875 0.953125 0.46875 0.994140625 0.6796875 0.9921875 0.6796875 0.953125 0.658203125 0.953125 0.658203125 0.92578125 0.640625 0.92578125 0.640625 0.91015625 0.62109375 0.91015625 0.623046875 0.953125 0.59765625 0.953125 0.59765625 0.935546875 0.58203125 0.935546875 0.58203125 0.91796875 0.56640625 0.91796875 0.56640625 0.935546875 0.55078125 0.935546875 0.55078125 0.953125 0.529296875 0.953125 0.529296875 0.908203125
0 0.634765625 0.44140625 0.634765625 0.462890625 0.599609375 0.462890625 0.599609375 0.44140625 0.572265625 0.44140625 0.572265625 0.451171875 0.54296875 0.451171875 0.54296875 0.51953125 0.6875 0.51953125 0.6875 0.451171875 0.65625 0.451171875 0.65625 0.44140625
0 0.1328125 0.34375 0.1328125 0.35546875 0.01171875 0.35546875 0.01171875 0.4140625 0.111328125 0.4140625 0.111328125 0.404296875 0.435546875 0.40234375 0.435546875 0.353515625 0.27734375 0.35546875 0.27734375 0.34375
0 0.642578125 0.34375 0.642578125 0.35546875 0.474609375 0.35546875 0.474609375 0.4140625 0.958984375 0.412109375 0.958984375 0.353515625 0.744140625 0.35546875 0.744140625 0.34375