0 0.869140625 0.158203125 1 0.158203125 1 0.107421875 0.869140625 0.107421875
0 0.845703125 0.9609375 0.615234375 0.9609375 0.615234375 0.998046875 0.845703125 0.998046875
0 0.845703125 0.814453125 0.62109375 0.814453125 0.62109375 0.9609375 0.845703125 0.9609375
0 0.6171875 0.796875 0.76953125 0.796875 0.76953125 0.78125 0.638671875 0.673828125 0.6171875 0.673828125
0 0.79296875 0.03515625 0.8046875 0 0.693359375 0
0 0.49609375 0.775390625 0 0.775390625 0 1 0.49609375 1
0 0.3515625 0.595703125 0.3515625 0.697265625 0.48828125 0.697265625 0.48828125 0.634765625 0.4375 0.634765625 0.4375 0.595703125
0 0.271484375 0.572265625 0.271484375 0.67578125 0.306640625 0.67578125 0.306640625 0.572265625
0 0.185546875 0.69921875 0.185546875 0.5 0 0.5 0 0.69921875
0 0.509765625 0.076171875 0.529296875 0.048828125 0.462890625 0 0.40625 0
0 0.537109375 0.09765625 0.728515625 0.236328125 0.74609375 0.212890625 0.5546875 0.07421875
0 0.662109375 0.11328125 0.6796875 0.08984375 0.5546875 0 0.5390625 0.0234375 0.662109375 0.11328125
0 0.939453125 0.294921875 0.962890625 0.265625 0.9375 0.24609375 0.9140625 0.275390625 0.939453125 0.294921875
0 0.68359375 0.6953125 0.69921875 0.671875 0.63671875 0.62890625 0.62109375 0.65234375 0.68359375 0.6953125
0 0.5234375 0.13671875 0.546875 0.107421875 0.521484375 0.0859375 0.498046875 0.115234375 0.5234375 0.13671875