0 0.46875 0.28125 0.650390625 0.193359375 0.630859375 0.154296875 0.44921875 0.2421875
0 0.869140625 0 0.859375 0 0.72265625 0.0703125 0.748046875 0.1171875 0.890625 0.04296875
0 0.720703125 0.06640625 0.66796875 0.09375 0.69921875 0.15625 0.75390625 0.12890625
0 0.4609375 0.125 0.59375 0.056640625 0.57421875 0.017578125 0.44140625 0.0859375
0 0.072265625 0.029296875 0.13671875 0 0.056640625 0
0 0.27734375 0.06640625 0.251953125 0.015625 0.21875 0.033203125 0.244140625 0.083984375
0 0.03515625 0.140625 0 0.15625 0 0.201171875 0.00390625 0.2109375 0.056640625 0.185546875 0.04296875 0.15625
0 0.234375 0.0625 0.04296875 0.15625 0.0625 0.1953125 0.25390625 0.103515625
0 0.03515625 0.052734375 0.015625 0.009765625 0 0.015625 0 0.068359375
0 0.310546875 0.193359375 0.283203125 0.14453125 0.24609375 0.1640625 0.271484375 0.212890625
0 0.103515625 0.24609375 0.05078125 0.2734375 0.076171875 0.322265625 0.12890625 0.294921875
0 0.2578125 0.1875 0.111328125 0.263671875 0.134765625 0.306640625 0.28125 0.23046875 0.271484375 0.212890625
0 0 0.25390625 0 0.330078125 0.03125 0.31640625
0 0.6953125 0.69140625 0.6015625 0.73828125 0.60546875 0.748046875 0.560546875 0.76953125 0.556640625 0.759765625 0.458984375 0.80859375 0.486328125 0.865234375 0.72265625 0.748046875
0 0.87109375 0.517578125 0.849609375 0.47265625 0.736328125 0.52734375 0.7578125 0.57421875 0.853515625 0.52734375
0 0.8828125 0.591796875 0.93359375 0.568359375 0.90234375 0.50390625 0.853515625 0.52734375
0 1 0.796875 1 0.708984375 0.99609375 0.701171875 0.95703125 0.720703125 0.994140625 0.80078125
0 0.779296875 0.740234375 0.974609375 0.6484375 0.94921875 0.595703125 0.75390625 0.6875
0 0.79296875 0.9453125 0.76171875 0.888671875 0.546875 1 0.6875 1
0 0.072265625 0.83984375 0.052734375 0.904296875 0.107421875 0.919921875 0.111328125 0.908203125 0.138671875 0.916015625 0.13671875 0.927734375 0.169921875 0.935546875 0.171875 0.927734375 0.1953125 0.935546875 0.193359375 0.943359375 0.234375 0.955078125 0.236328125 0.9453125 0.267578125 0.953125 0.263671875 0.962890625 0.310546875 0.9765625 0.3125 0.96875 0.326171875 0.97265625 0.34375 0.916015625 0.080078125 0.841796875
0 0.06640625 0.814453125 0 0.84765625 0 0.91015625 0.060546875 0.880859375 0.072265625 0.83984375 0.080078125 0.841796875
0 0.16796875 0.3984375 0.162109375 0.35546875 0 0.380859375 0 0.423828125
0 0.310546875 0.33203125 0.162109375 0.35546875 0.16796875 0.3984375 0.31640625 0.373046875
0 0.43359375 0.255859375 0.400390625 0.2578125 0.40234375 0.318359375 0.435546875 0.31640625
0 0.435546875 0.31640625 0.41015625 0.318359375 0.4140625 0.365234375 0.439453125 0.365234375
0 0.40625 0 0.37109375 0 0.375 0.0546875 0.41015625 0.052734375
0 0.41796875 0.052734375 0.376953125 0.0546875 0.388671875 0.2578125 0.4296875 0.255859375
0 0.322265625 0.001953125 0.328125 0 0.27734375 0 0.3046875 0.068359375 0.341796875 0.052734375
0 1 0.998046875 0.998046875 0.9609375 0.927734375 0.9609375 0.927734375 1 1 0.998046875
0 0.341796875 0.685546875 0.318359375 0.646484375 0.26953125 0.67578125 0.291015625 0.71484375 0.341796875 0.685546875