0 0.009765625 0.703125 0.1328125 0.712890625 0.13671875 0.65625 0.013671875 0.646484375
0 0.42578125 0.990234375 0.42578125 1 0.5078125 1 0.5078125 0.9921875 0.4296875 0.990234375
0 0.1796875 0.65234375 0.1796875 0.7109375 0.208984375 0.7109375 0.208984375 0.720703125 0.228515625 0.720703125 0.228515625 0.7109375 0.265625 0.7109375 0.265625 0.720703125 0.279296875 0.720703125 0.279296875 0.7109375 0.333984375 0.7109375 0.333984375 0.72265625 0.353515625 0.72265625 0.353515625 0.7109375 0.40625 0.712890625 0.40625 0.72265625 0.423828125 0.72265625 0.423828125 0.712890625 0.46484375 0.712890625 0.46484375 0.72265625 0.4921875 0.72265625 0.4921875 0.712890625 0.513671875 0.712890625 0.515625 0.65625 0.458984375 0.65625
0 0.591796875 0.357421875 0.259765625 0.28515625 0.248046875 0.33984375 0.26953125 0.345703125 0.267578125 0.35546875 0.287109375 0.361328125 0.291015625 0.349609375 0.34375 0.361328125 0.341796875 0.373046875 0.357421875 0.375 0.359375 0.365234375 0.41015625 0.375 0.408203125 0.38671875 0.427734375 0.390625 0.4296875 0.37890625 0.466796875 0.388671875 0.46484375 0.3984375 0.484375 0.40234375 0.486328125 0.392578125 0.5234375 0.400390625 0.521484375 0.41015625 0.54296875 0.416015625 0.544921875 0.404296875 0.580078125 0.412109375 0.580078125 0.41015625
0 0.197265625 0.466796875 0.19140625 0.513671875 0.224609375 0.51953125 0.22265625 0.529296875 0.2421875 0.53125 0.244140625 0.521484375 0.29296875 0.52734375 0.291015625 0.5390625 0.310546875 0.541015625 0.3125 0.53125 0.36328125 0.537109375 0.361328125 0.548828125 0.3828125 0.55078125 0.384765625 0.541015625 0.416015625 0.544921875 0.416015625 0.556640625 0.447265625 0.560546875 0.44921875 0.548828125 0.49609375 0.556640625 0.49609375 0.56640625 0.51953125 0.5703125 0.521484375 0.560546875 0.54296875 0.5625 0.55078125 0.515625 0.486328125 0.505859375
0 0.169921875 0.986328125 0.16796875 1 0.42578125 1 0.42578125 0.990234375
0 0.431640625 0.9453125 0.4296875 0.990234375 0.5078125 0.9921875 0.5078125 1 0.513671875 1 0.515625 0.9453125
0 0.439453125 0.82421875 0.4375 0.890625 0.513671875 0.892578125 0.515625 0.826171875 0.451171875 0.82421875
0 0.17578125 0.814453125 0.173828125 0.8828125 0.4375 0.890625 0.439453125 0.82421875
0 0.5234375 0.400390625 0.51171875 0.396484375 0.486328125 0.505859375 0.55078125 0.515625 0.54296875 0.5625 0.521484375 0.560546875 0.51953125 0.5703125 0.49609375 0.56640625 0.49609375 0.556640625 0.4765625 0.552734375 0.458984375 0.6328125 0.458984375 0.65625 0.515625 0.65625 0.513671875 0.712890625 0.4921875 0.712890625 0.4921875 0.72265625 0.46484375 0.72265625 0.46484375 0.712890625 0.455078125 0.712890625 0.451171875 0.82421875 0.515625 0.826171875 0.513671875 0.892578125 0.447265625 0.890625 0.4453125 0.9296875 0.521484375 0.93359375 0.53515625 0.634765625 0.583984375 0.41015625 0.580078125 0.41015625 0.580078125 0.412109375 0.544921875 0.404296875 0.54296875 0.416015625 0.521484375 0.41015625
0 0.099609375 0.873046875 0.103515625 0.806640625 0 0.802734375 0 0.869140625 0.099609375 0.873046875
0 0.1875 0.357421875 0.19140625 0.287109375 0 0.2734375 0 0.34375 0.1875 0.357421875
0 0.109375 0.501953125 0.11328125 0.435546875 0 0.427734375 0 0.494140625 0.109375 0.501953125
0 0.099609375 1 0.099609375 0.962890625 0 0.962890625 0 1 0.099609375 1