0 0.12109375 0.11328125 0.44921875 0.28125 0.54296875 0.09765625 0.3515625 0 0.177734375 0
0 0.349609375 0.3359375 0.314453125 0.39453125 0.33203125 0.40625 0.337890625 0.3984375 0.3671875 0.416015625 0.396484375 0.36328125
0 0.216796875 0.27734375 0.240234375 0.279296875 0.240234375 0.26953125 0.216796875 0.267578125
0 0.46484375 0.986328125 0.515625 0.962890625 0.47265625 0.869140625 0.421875 0.890625
0 0.673828125 0.6171875 0.671875 0.646484375 0.658203125 0.646484375 0.658203125 0.666015625 0.693359375 0.666015625 0.693359375 0.654296875 0.8359375 0.658203125 0.8359375 0.669921875 0.869140625 0.671875 0.869140625 0.6484375 0.857421875 0.6484375 0.859375 0.62109375
0 0.673828125 0.482421875 0.671875 0.513671875 0.658203125 0.513671875 0.658203125 0.53125 0.693359375 0.533203125 0.693359375 0.51953125 0.8359375 0.5234375 0.8359375 0.53515625 0.869140625 0.537109375 0.869140625 0.515625 0.857421875 0.515625 0.859375 0.486328125
0 0.826171875 0.01171875 0.830078125 0 0.798828125 0
0 0.794921875 0.03515625 0.81640625 0.037109375 0.818359375 0.013671875 0.796875 0.01171875
0 0.79296875 0.099609375 0.8125 0.099609375 0.814453125 0.046875 0.794921875 0.044921875
0 0.7578125 0.158203125 0.7265625 0.21875 0.724609375 0.25 0.7265625 0.279296875 0.8671875 0.283203125 0.865234375 0.240234375 0.76953125 0.248046875 0.76953125 0.23046875 0.796875 0.181640625
0 0.716796875 0.30859375 0.71484375 0.330078125 0.68359375 0.328125 0.68359375 0.359375 0.748046875 0.35546875 0.748046875 0.30859375
0 0.80859375 0.3359375 0.75390625 0.3359375 0.751953125 0.361328125 0.806640625 0.361328125 0.80859375 0.345703125
0 0.82421875 0.298828125 0.82421875 0.318359375 0.853515625 0.318359375 0.853515625 0.345703125 0.80859375 0.345703125 0.806640625 0.361328125 0.876953125 0.361328125 0.876953125 0.30078125
0 0.625 0.36328125 0.638671875 0.36328125 0.638671875 0.3515625 0.625 0.3515625
0 0.6328125 0.458984375 0.634765625 0.447265625 0.61328125 0.447265625 0.611328125 0.45703125
0 0.611328125 0.45703125 0.611328125 0.484375 0.6328125 0.484375 0.6328125 0.458984375
0 0.609375 0.5078125 0.609375 0.53515625 0.640625 0.537109375 0.640625 0.509765625 0.63671875 0.509765625
0 0.611328125 0.484375 0.609375 0.5078125 0.63671875 0.509765625 0.63671875 0.484375 0.6328125 0.484375
0 0.634765625 0.572265625 0.634765625 0.544921875 0.611328125 0.544921875 0.611328125 0.572265625 0.62890625 0.572265625
0 0.611328125 0.625 0.62890625 0.623046875 0.62890625 0.59375 0.611328125 0.59375
0 0.62890625 0.572265625 0.611328125 0.572265625 0.611328125 0.59375 0.62890625 0.59375
0 0.46484375 0.62109375 0.455078125 0.6484375 0.474609375 0.654296875 0.484375 0.62890625
0 0.50390625 0.595703125 0.48046875 0.578125 0.46875 0.595703125 0.4921875 0.611328125
0 0.53515625 0.546875 0.513671875 0.537109375 0.50390625 0.5625 0.5234375 0.572265625
0 0.455078125 0.8515625 0.455078125 0.83984375 0.43359375 0.83984375 0.43359375 0.8515625
0 0.65625 0.716796875 0.65625 0.74609375 0.68359375 0.74609375 0.68359375 0.716796875
0 0.748046875 0.734375 0.814453125 0.736328125 0.814453125 0.71875 0.75 0.71875
0 0.68359375 0.716796875 0.68359375 0.734375 0.748046875 0.734375 0.75 0.71875
0 0.830078125 0.736328125 0.861328125 0.736328125 0.861328125 0.71484375 0.830078125 0.71484375
0 0.90625 0.734375 0.98828125 0.736328125 0.98828125 0.71875 0.90625 0.716796875
0 0.98828125 0.736328125 1 0.736328125 1 0.71875 0.98828125 0.71875
0 0.470703125 1 0.537109375 1 0.6484375 0.94921875 0.630859375 0.91015625 0.46484375 0.986328125
0 0.662109375 0.9375 0.6796875 0.9296875 0.666015625 0.8984375 0.6484375 0.908203125
0 0.669921875 0.830078125 0.669921875 0.85546875 0.77734375 0.861328125 0.779296875 0.8359375
0 0.8515625 0.837890625 0.779296875 0.8359375 0.779296875 0.857421875 0.8515625 0.861328125 0.8515625 0.83984375
0 0.890625 0.830078125 0.890625 0.841796875 0.8515625 0.83984375 0.8515625 0.861328125 0.9140625 0.86328125 0.9140625 0.830078125
0 0.6484375 0.833984375 0.6484375 0.85546875 0.669921875 0.85546875 0.669921875 0.8359375
0 0.5703125 0.74609375 0.62890625 0.744140625 0.62890625 0.720703125 0.5703125 0.72265625 0.5703125 0.73046875
0 0.486328125 0.734375 0.5703125 0.73046875 0.5703125 0.72265625 0.474609375 0.724609375 0.474609375 0.74609375 0.486328125 0.74609375
0 0 0.466796875 0 0.525390625 0.09765625 0.525390625 0.09765625 0.5390625 0.142578125 0.5390625 0.140625 0.46484375
0 0.015625 0.693359375 0.015625 0.7109375 0.20703125 0.70703125 0.20703125 0.658203125 0 0.66015625 0 0.693359375
0 0 0.544921875 0 0.62109375 0.087890625 0.62109375 0.0859375 0.544921875
0 0.876953125 0.03515625 0.84375 0.03125 0.841796875 0.099609375 1 0.099609375 1 0 0.876953125 0
0 0.46484375 0.84375 0.48828125 0.845703125 0.48828125 0.8203125 0.46484375 0.8203125
0 0.49609375 0.845703125 0.517578125 0.845703125 0.517578125 0.822265625 0.49609375 0.822265625
0 1 0.404296875 0.998046875 0.232421875 0.93359375 0.234375 0.935546875 0.404296875 1 0.404296875
0 1 0.65234375 0.998046875 0.484375 0.931640625 0.484375 0.931640625 0.65234375 1 0.65234375
0 0.986328125 0.998046875 0.986328125 0.9765625 0.876953125 0.9765625 0.876953125 1 0.986328125 0.998046875