0 0.5703125 1 0.62109375 1 0.650390625 0.919921875 0.60546875 0.90234375
0 0.705078125 0.830078125 0.64453125 1 0.759765625 1 0.796875 0.8984375 0.8359375 0.912109375 0.84765625 0.880859375
0 0.302734375 1 0.384765625 1 0.3125 0.974609375
0 0.322265625 0.9453125 0.474609375 1 0.505859375 1 0.541015625 0.904296875 0.359375 0.83984375
0 0.935546875 0.4921875 0.57421875 0.36328125 0.53125 0.486328125 0.892578125 0.61328125
0 0.7890625 0.578125 0.763671875 0.6484375 0.873046875 0.6875 0.8984375 0.615234375 0.892578125 0.61328125
0 0.716796875 0.55078125 0.6953125 0.615234375 0.765625 0.640625 0.7890625 0.578125
0 0.41796875 0.728515625 0.3984375 0.787109375 0.525390625 0.83203125 0.544921875 0.7734375 0.513671875 0.763671875
0 0.455078125 0.65625 0.44140625 0.697265625 0.52734375 0.7265625 0.513671875 0.763671875 0.544921875 0.7734375 0.572265625 0.69921875
0 0.5390625 0.55859375 0.54296875 0.544921875 0.505859375 0.53125 0.48046875 0.603515625 0.513671875 0.615234375 0.51953125 0.595703125 0.546875 0.603515625 0.560546875 0.564453125
0 0.708984375 0.8203125 0.634765625 0.79296875 0.6171875 0.845703125 0.69140625 0.873046875 0.705078125 0.830078125
0 0.609375 0.60546875 0.65625 0.62109375 0.685546875 0.541015625 0.638671875 0.5234375
0 0.060546875 0.404296875 0 0.3828125 0 0.57421875
0 0.07421875 1 0.208984375 1 0.220703125 0.970703125 0 0.892578125 0 0.97265625
0 0 0.802734375 0 0.85546875 0.263671875 0.943359375 0.431640625 0.4375 0.15234375 0.345703125
0 0.923828125 0.9375 0.94140625 0.890625 0.8671875 0.86328125 0.849609375 0.91015625 0.923828125 0.9375
0 0.966796875 0.740234375 0.9765625 0.705078125 0.904296875 0.685546875 0.89453125 0.720703125 0.966796875 0.740234375
0 0.3828125 0.17578125 0.3515625 0.12890625 0.15625 0.26171875 0.1875 0.306640625 0.3828125 0.17578125