0 0.873046875 0.33203125 0.896484375 0.33203125 0.89453125 0.2890625 0.87109375 0.291015625
0 0.9453125 0.84765625 1 0.84765625 1 0.818359375 0.9453125 0.818359375
0 0.62109375 0.8515625 0.759765625 0.8515625 0.759765625 0.82421875 0.62109375 0.822265625
0 0.681640625 0.806640625 0.720703125 0.80859375 0.720703125 0.794921875 0.68359375 0.79296875
0 0.5 0.857421875 0.609375 0.861328125 0.611328125 0.82421875 0.501953125 0.822265625
0 0.384765625 0.853515625 0.482421875 0.853515625 0.482421875 0.830078125 0.384765625 0.830078125
0 0.44921875 0.75390625 0.482421875 0.751953125 0.48046875 0.666015625 0.447265625 0.666015625
0 0.322265625 0.953125 0.326171875 0.978515625 0.314453125 0.994140625 0.30859375 1 0.443359375 1 0.43359375 0.96875 0.3984375 0.97265625 0.373046875 0.962890625 0.3515625 0.9375 0.322265625 0.9453125
0 0.853515625 0.998046875 0.853515625 1 0.986328125 1 0.984375 0.99609375 1 0.978515625 1 0.951171875 0.998046875 0.94140625 0.974609375 0.93359375 0.939453125 0.9296875 0.94140625 0.9453125 0.9296875 0.970703125 0.900390625 0.97265625 0.875 0.9765625 0.859375 0.998046875
0 0.669921875 0.697265625 0.806640625 0.6953125 0.8046875 0.599609375 0.66796875 0.599609375
0 0.67578125 0.4609375 0.810546875 0.4609375 0.810546875 0.37109375 0.67578125 0.369140625
0 0.875 0.568359375 1 0.568359375 1 0.478515625 0.875 0.478515625
0 0.70703125 1 0.70703125 0.873046875 0.65234375 0.873046875 0.654296875 1 0.70703125 1
0 0.23046875 0.8984375 0.234375 0.8125 0.197265625 0.810546875 0.19140625 0.896484375 0.23046875 0.8984375