0 0.900390625 0.65625 0.896484375 0.8984375 0.9375 0.8984375 0.94140625 0.65625
0 0.078125 0.10546875 0.078125 0 0 0 0 0.103515625
0 0.53125 0.02734375 0.296875 0.021484375 0.294921875 0.091796875 0.44140625 0.095703125 0.4375 0.20703125 0.525390625 0.2109375 0.529296875 0.09765625
0 0.0078125 0.353515625 0.0078125 0.36328125 0 0.36328125 0 0.4140625 0.3125 0.416015625 0.3125 0.365234375 0.28125 0.365234375 0.28125 0.35546875 0.23828125 0.35546875 0.23828125 0.365234375 0.15625 0.36328125 0.15625 0.353515625 0.123046875 0.353515625 0.123046875 0.36328125 0.04296875 0.36328125 0.04296875 0.353515625
0 0.23046875 0.546875 0.23046875 0.556640625 0.162109375 0.556640625 0.162109375 0.546875 0.119140625 0.546875 0.119140625 0.556640625 0.046875 0.556640625 0.046875 0.546875 0.005859375 0.546875 0.005859375 0.556640625 0 0.556640625 0 0.615234375 0.30859375 0.615234375 0.30859375 0.556640625 0.28125 0.556640625 0.28125 0.546875
0 0.458984375 0.55078125 0.458984375 0.560546875 0.416015625 0.5625 0.416015625 0.55078125 0.384765625 0.55078125 0.384765625 0.572265625 0.3671875 0.572265625 0.3671875 0.62890625 0.513671875 0.626953125 0.513671875 0.572265625 0.494140625 0.572265625 0.494140625 0.548828125
0 0.4609375 0.265625 0.4609375 0.27734375 0.41796875 0.27734375 0.41796875 0.265625 0.388671875 0.265625 0.388671875 0.2890625 0.369140625 0.2890625 0.369140625 0.34375 0.515625 0.34375 0.515625 0.287109375 0.49609375 0.287109375 0.49609375 0.265625
0 0.455078125 0.82421875 0.455078125 0.8359375 0.4140625 0.8359375 0.4140625 0.82421875 0.3828125 0.82421875 0.3828125 0.84765625 0.36328125 0.84765625 0.36328125 0.90234375 0.509765625 0.90234375 0.509765625 0.845703125 0.490234375 0.845703125 0.490234375 0.82421875
0 0.21484375 0.775390625 0.25 0.775390625 0.25 0.74609375 0.21484375 0.74609375
0 0.994140625 0.1953125 0.994140625 0.22265625 0.951171875 0.22265625 0.951171875 0.29296875 1 0.29296875 1 0.1953125
0 0.9921875 0.046875 0.9921875 0.07421875 0.94921875 0.07421875 0.94921875 0.14453125 0.998046875 0.14453125 0.998046875 0.095703125 1 0.095703125 1 0.046875
0 0.99609375 0.697265625 0.998046875 0.63671875 0.943359375 0.63671875 0.943359375 0.71875 0.98046875 0.71875 0.978515625 0.751953125 1 0.751953125 1 0.697265625
0 0.99609375 0.8671875 0.99609375 0.802734375 0.9453125 0.802734375 0.943359375 0.88671875 0.984375 0.888671875 0.984375 0.919921875 1 0.919921875 1 0.8671875
0 0.904296875 0.8984375 0.90234375 1 0.9375 1 0.939453125 0.8984375 0.9375 0.8984375
0 0.96484375 0.384765625 0.96484375 0.32421875 0.927734375 0.326171875 0.9296875 0.384765625 0.96484375 0.384765625
0 1 0.455078125 1 0.349609375 0.9765625 0.349609375 0.9765625 0.455078125 1 0.455078125
0 0.275390625 0.298828125 0.275390625 0.1796875 0 0.177734375 0 0.296875 0.275390625 0.298828125
0 0.53125 0.96484375 0.53125 0.921875 0.4609375 0.921875 0.4609375 0.96484375 0.53125 0.96484375
0 0.576171875 0.95703125 0.576171875 0.80859375 0.533203125 0.80859375 0.53515625 0.958984375 0.576171875 0.95703125