0 0.412109375 0.6015625 0.416015625 0.548828125 0.298828125 0.541015625 0.294921875 0.59375
0 0.228515625 0.71484375 0.408203125 0.7265625 0.412109375 0.671875 0.23046875 0.658203125
0 0.28125 0.89453125 0.40234375 0.90234375 0.40625 0.84765625 0.28515625 0.837890625
0 0.03125 0.888671875 0.205078125 0.833984375 0.1875 0.77734375 0.013671875 0.830078125
0 0.064453125 0.984375 0.046875 0.92578125 0 0.9375 0 1 0.009765625 1
0 0.54296875 0.6484375 0.537109375 0.759765625 0.630859375 0.765625 0.630859375 0.775390625 0.6640625 0.77734375 0.669921875 0.654296875
0 0.857421875 0.892578125 0.85546875 0.919921875 0.888671875 0.919921875 0.88671875 0.998046875 0.91796875 1 0.921875 0.89453125
0 0.791015625 0.890625 0.7890625 0.92578125 0.833984375 0.92578125 0.8359375 0.892578125
0 0.8359375 0.892578125 0.83203125 1 0.853515625 1 0.857421875 0.892578125
0 0.71875 0.869140625 0.716796875 0.91796875 0.759765625 0.919921875 0.759765625 0.869140625
0 0.640625 0.85546875 0.638671875 0.919921875 0.673828125 0.921875 0.67578125 0.857421875
0 0.611328125 0.85546875 0.609375 0.8984375 0.638671875 0.8984375 0.640625 0.85546875
0 0.4921875 0.8515625 0.490234375 0.912109375 0.568359375 0.9140625 0.5703125 0.853515625
0 0.5703125 0.853515625 0.568359375 0.9140625 0.609375 0.9140625 0.611328125 0.85546875
0 0.67578125 0.8671875 0.673828125 0.94140625 0.716796875 0.94140625 0.71875 0.869140625
0 0.59765625 0.939453125 0.59765625 0.978515625 0.740234375 0.982421875 0.7421875 0.943359375 0.673828125 0.94140625
0 0.759765625 0.869140625 0.7578125 0.943359375 0.77734375 0.943359375 0.779296875 0.87109375
0 0.765625 0.99609375 0.8125 0.998046875 0.814453125 0.962890625 0.767578125 0.9609375
0 0.7421875 0.943359375 0.740234375 1 0.765625 1 0.767578125 0.943359375 0.7578125 0.943359375
0 0.501953125 0.947265625 0.501953125 1 0.56640625 1 0.568359375 0.94921875
0 0.568359375 0.9140625 0.56640625 0.978515625 0.59765625 0.978515625 0.599609375 0.9140625
0 0.99609375 0.994140625 0.998046875 0.978515625 0.98046875 0.9765625 0.978515625 1 1 1 1 0.994140625
0 0.984375 0.927734375 0.982421875 0.9609375 1 0.9609375 1 0.927734375
0 0.94921875 0.830078125 1 0.83203125 1 0.779296875 0.953125 0.77734375
0 0.96875 0.65625 1 0.65625 1 0.6015625 0.97265625 0.6015625
0 0.755859375 0.609375 0.919921875 0.6171875 0.923828125 0.568359375 0.759765625 0.55859375
0 0.880859375 0.798828125 0.9140625 0.80078125 0.923828125 0.640625 0.890625 0.638671875
0 0.833984375 0.763671875 0.861328125 0.765625 0.8671875 0.6796875 0.83984375 0.677734375
0 0.826171875 0.833984375 0.8984375 0.837890625 0.900390625 0.810546875 0.828125 0.806640625
0 0.697265625 0.779296875 0.701171875 0.7109375 0.66796875 0.708984375 0.662109375 0.810546875 0.712890625 0.8125 0.71484375 0.779296875
0 0.638671875 0.34765625 0.634765625 0.41796875 0.62109375 0.41796875 0.619140625 0.45703125 0.630859375 0.458984375 0.630859375 0.484375 0.666015625 0.486328125 0.673828125 0.349609375
0 0.533203125 0.294921875 0.591796875 0.24609375 0.576171875 0.228515625 0.51953125 0.275390625
0 0.69921875 0.25 0.697265625 0.271484375 0.673828125 0.26953125 0.671875 0.29296875 0.646484375 0.291015625 0.640625 0.3359375 0.712890625 0.341796875 0.720703125 0.251953125
0 0.80859375 0.146484375 0.884765625 0.11328125 0.87109375 0.083984375 0.794921875 0.1171875
0 0.904296875 0.091796875 0.896484375 0.16015625 0.92578125 0.162109375 0.927734375 0.138671875 1 0.14453125 1 0.1015625
0 0.8671875 0.34765625 0.880859375 0.3125 0.84765625 0.30078125 0.8359375 0.3359375 0.8671875 0.34765625
0 0.99609375 0.4609375 0.998046875 0.22265625 0.947265625 0.22265625 0.947265625 0.4609375 0.99609375 0.4609375
0 0.87890625 0.232421875 0.86328125 0.1953125 0.83203125 0.20703125 0.84765625 0.24609375 0.87890625 0.232421875
0 0.619140625 0.3984375 0.619140625 0.359375 0.580078125 0.359375 0.578125 0.3984375 0.619140625 0.3984375
0 0.650390625 0.279296875 0.63671875 0.25390625 0.578125 0.287109375 0.591796875 0.3125 0.650390625 0.279296875