0 0.78125 0.88671875 1 0.88671875 1 0.798828125 0.78125 0.798828125
0 0 0.783203125 0 0.98046875 0.380859375 0.98046875 0.380859375 1 0.55859375 1 0.55859375 0.783203125
0 1 0.453125 1 0.40234375 0.703125 0.40234375 0.703125 0.453125
0 0.703125 0.23046875 0.703125 0.328125 1 0.328125 1 0.23046875
0 0.703125 0.328125 0.703125 0.384765625 1 0.384765625 1 0.328125
0 0.703125 0.21484375 1 0.21484375 1 0.1484375 0.703125 0.1484375
0 0.703125 0.1484375 0.666015625 0.1484375 0.666015625 0.453125 0.703125 0.453125 0.703125 0.21484375
0 0.591796875 0.671875 0.591796875 0.279296875 0.0234375 0.279296875 0.0234375 0.671875 0.544921875 0.671875
0 0.05078125 0.220703125 0.470703125 0.220703125 0.470703125 0.142578125 0.05078125 0.142578125
0 0.513671875 0.203125 0.583984375 0.203125 0.583984375 0.1328125 0.513671875 0.1328125
0 0.9296875 0.587890625 0.931640625 0.541015625 0.7734375 0.537109375 0.7734375 0.583984375 0.9296875 0.587890625