0 0.544921875 0.833984375 0.53515625 0.8046875 0.55078125 0.80078125 0.533203125 0.736328125 0.486328125 0.75 0.490234375 0.759765625 0.427734375 0.779296875 0.423828125 0.767578125 0.38671875 0.779296875 0.40625 0.84375 0.416015625 0.841796875 0.42578125 0.869140625 0.52734375 0.837890625
0 0.908203125 0.560546875 0.9140625 0.576171875 0.849609375 0.595703125 0.84375 0.578125 0.8046875 0.58984375 0.810546875 0.607421875 0.7734375 0.619140625 0.7890625 0.673828125 0.9921875 0.61328125 0.974609375 0.55859375 0.943359375 0.568359375 0.9375 0.55078125
0 0.9140625 0.171875 0.919921875 0.19140625 0.859375 0.208984375 0.853515625 0.189453125 0.822265625 0.197265625 0.828125 0.212890625 0.787109375 0.224609375 0.802734375 0.275390625 0.99609375 0.216796875 0.98046875 0.16796875 0.951171875 0.17578125 0.947265625 0.16015625
0 0.46875 0.25390625 0.462890625 0.228515625 0.47265625 0.224609375 0.46875 0.2109375 0.322265625 0.25 0.326171875 0.265625 0.337890625 0.26171875 0.345703125 0.2890625 0.35546875 0.28515625 0.359375 0.298828125 0.45703125 0.2734375 0.453125 0.2578125
0 0.501953125 0.47265625 0.478515625 0.48046875 0.4765625 0.470703125 0.380859375 0.5 0.384765625 0.5078125 0.365234375 0.513671875 0.375 0.544921875 0.380859375 0.54296875 0.38671875 0.55859375 0.404296875 0.5546875 0.40625 0.564453125 0.48828125 0.5390625 0.486328125 0.529296875 0.509765625 0.5234375 0.505859375 0.505859375 0.51171875 0.50390625 0.5078125 0.490234375
0 0.46484375 0.3203125 0.47265625 0.47265625 0.4765625 0.470703125 0.478515625 0.48046875 0.501953125 0.47265625 0.5078125 0.490234375 0.537109375 0.48828125 0.52734375 0.31640625
0 0.056640625 1 0.18359375 1 0.37109375 0.943359375 0.353515625 0.8828125 0.048828125 0.97265625
0 0.32421875 0.7890625 0.310546875 0.744140625 0.04296875 0.822265625 0.056640625 0.869140625
0 0.287109375 0.55078125 0 0.634765625 0 0.6875 0.30078125 0.599609375
0 0.224609375 0.28125 0 0.345703125 0 0.400390625 0.23828125 0.330078125
0 0.52734375 0.837890625 0.451171875 0.861328125 0.4921875 1 0.57421875 1
0 0.224609375 0 0.05050089712918654 0.03741776315789472 0.05984599282296649 0.09442284688995212 0.23828125 0.04882812499999997
0 0.5859748803827751 0 0.4598160885167465 0 0.4093525717703349 0 0.43271531100478466 0.06264952153110045 0.5971889952153111 0.02620364832535882