0 0.048828125 0.12890625 0.048828125 0.150390625 0.001953125 0.150390625 0.001953125 0.12890625 0 0.12890625 0 0.201171875 0.1015625 0.19921875 0.1015625 0.126953125
0 0.15625 0.203125 0.419921875 0.201171875 0.419921875 0.134765625 0.15625 0.138671875
0 0.68359375 0.119140625 0.685546875 0.134765625 0.63671875 0.13671875 0.63671875 0.119140625 0.568359375 0.119140625 0.568359375 0.19921875 0.744140625 0.197265625 0.744140625 0.1171875
0 0.451171875 0.193359375 0.51953125 0.193359375 0.517578125 0.126953125 0.451171875 0.12890625
0 0.31640625 0.431640625 0.25390625 0.41796875 0.240234375 0.4609375 0.26171875 0.466796875 0.26171875 0.490234375 0.244140625 0.490234375 0.244140625 0.53125 0.388671875 0.529296875 0.388671875 0.48828125 0.369140625 0.48828125 0.369140625 0.4609375 0.392578125 0.451171875 0.37890625 0.41015625
0 0.939453125 0.421875 0.92578125 0.462890625 0.947265625 0.470703125 0.947265625 0.4921875 0.9296875 0.4921875 0.9296875 0.533203125 1 0.53125 1 0.431640625
0 0 0.40625 0 0.501953125 0.072265625 0.501953125 0.072265625 0.4609375 0.052734375 0.462890625 0.052734375 0.43359375 0.076171875 0.42578125 0.0625 0.384765625
0 0.654296875 0.408203125 0.58984375 0.396484375 0.578125 0.4375 0.59765625 0.4453125 0.59765625 0.466796875 0.58203125 0.466796875 0.58203125 0.5078125 0.7265625 0.505859375 0.7265625 0.46484375 0.705078125 0.46484375 0.705078125 0.4375 0.73046875 0.427734375 0.71484375 0.38671875
0 0.8828125 0.1875 1 0.185546875 1 0.11328125 0.8828125 0.115234375
0 0 0.783203125 0 0.84765625 0.12109375 0.845703125 0.12109375 0.783203125
0 0.177734375 0.88671875 0.388671875 0.884765625 0.388671875 0.818359375 0.17578125 0.8203125
0 0.671875 0.78515625 0.671875 0.806640625 0.6015625 0.806640625 0.6015625 0.78515625 0.578125 0.78515625 0.578125 0.806640625 0.556640625 0.806640625 0.556640625 0.787109375 0.453125 0.7890625 0.455078125 0.853515625 0.556640625 0.853515625 0.556640625 0.87109375 0.712890625 0.869140625 0.712890625 0.8046875 0.693359375 0.806640625 0.69140625 0.78515625
0 1 0.84765625 1 0.77734375 0.884765625 0.779296875 0.884765625 0.849609375
0 0.455078125 0.853515625 0.455078125 0.92578125 0.83203125 0.921875 0.830078125 0.8671875 0.556640625 0.87109375 0.556640625 0.853515625
0 0.541015625 0.974609375 0.453125 0.974609375 0.453125 1 0.541015625 1
0 0.666015625 0.978515625 0.58203125 0.98046875 0.58203125 1 0.666015625 1
0 0.78125 0.9765625 0.69921875 0.9765625 0.69921875 1 0.78125 1
0 0.830078125 0.79296875 0.712890625 0.79296875 0.712890625 0.869140625 0.830078125 0.8671875 0.830078125 0.84765625