0 0.66796875 0.03125 0.654296875 0.078125 0.8828125 0.14453125 0.896484375 0.099609375 0.701171875 0.041015625
0 0.654296875 0.603515625 1 0.736328125 1 0.666015625 0.96875 0.654296875 0.98828125 0.6015625 0.9296875 0.580078125 0.91015625 0.630859375 0.890625 0.625 0.88671875 0.63671875 0.673828125 0.5546875
0 0.900390625 0.275390625 0.888671875 0.30859375 0.73046875 0.26171875 0.71484375 0.318359375 0.947265625 0.388671875 0.97265625 0.296875
0 0.603515625 0.390625 0.66796875 0.408203125 0.703125 0.279296875 0.638671875 0.26171875
0 0.962890625 0.333984375 0.935546875 0.423828125 1 0.44140625 1 0.34375
0 0.97265625 0.296875 0.962890625 0.333984375 1 0.34375 1 0.3046875
0 0.64453125 0.24609375 0.638671875 0.26171875 0.724609375 0.28515625 0.728515625 0.26953125
0 0.63671875 0.173828125 0.6328125 0.220703125 0.73046875 0.25 0.744140625 0.203125
0 0.1171875 0.046875 0.099609375 0.107421875 0.294921875 0.1640625 0.3125 0.103515625
0 0.458984375 0.146484375 0.3125 0.103515625 0.294921875 0.1640625 0.44140625 0.20703125
0 0.572265625 0.15625 0.48046875 0.158203125 0.482421875 0.201171875 0.572265625 0.19921875
0 0.548828125 0.140625 0.48046875 0.12890625 0.48046875 0.158203125 0.548828125 0.158203125
0 0.373046875 0.28515625 0.119140625 0.216796875 0.103515625 0.275390625 0.357421875 0.345703125
0 0 0.18359375 0 0.24609375 0.103515625 0.275390625 0.119140625 0.216796875
0 0 0.021484375 0 0.080078125 0.08203125 0.103515625 0.09765625 0.048828125 0.0859375 0.044921875
0 0.28125 0.65625 0.546875 0.7578125 0.55859375 0.755859375 0.61328125 0.6171875 0.5546875 0.59375 0.544921875 0.62109375 0.328125 0.5390625
0 0.71875 0.65625 0.61328125 0.6171875 0.55859375 0.7578125 0.63671875 0.787109375 0.677734375 0.76171875
0 0.583984375 0.599609375 0.599609375 0.560546875 0.53515625 0.537109375 0.51953125 0.576171875 0.556640625 0.58984375
0 0.33984375 0.505859375 0.328125 0.5390625 0.544921875 0.62109375 0.556640625 0.58984375 0.51953125 0.576171875
0 0.2265625 0.47265625 0.404296875 0.486328125 0.412109375 0.384765625 0.234375 0.37109375 0.2265625 0.46484375
0 0.107421875 0.345703125 0.083984375 0.41796875 0.2265625 0.46484375 0.232421875 0.388671875
0 0.099609375 0.3671875 0.080078125 0.359375 0.06640625 0.400390625 0.087890625 0.40625
0 0.498046875 0.49609375 0.56640625 0.494140625 0.560546875 0.298828125 0.4921875 0.302734375
0 0.935546875 0.208984375 0.986328125 0.224609375 0.994140625 0.1953125 0.9453125 0.1796875
0 0.0546875 0.47265625 0.03125 0.53125 0.201171875 0.595703125 0.208984375 0.576171875 0.220703125 0.58203125 0.236328125 0.54296875
0 0.0703125 0.67578125 0.09375 0.61328125 0 0.578125 0 0.6484375
0 0.208984375 0.61328125 0.173828125 0.705078125 0.2265625 0.7265625 0.26171875 0.6328125 0.24609375 0.626953125
0 0.236328125 0.54296875 0.208984375 0.61328125 0.24609375 0.626953125 0.2734375 0.556640625
0 0.84765625 0.76171875 0.87109375 0.69921875 0.75 0.654296875 0.7265625 0.71484375 0.84765625 0.76171875