0 0 0.044613486842105296 0 0 0.04923930921052634 0 0.05643503289473688 0.04872532894736845
0 0.611328125 0.552734375 0.6953125 0.533203125 0.703125 0.58203125 0.62109375 0.599609375
0 0.004934210526315791 0.7896792763157895 0.10454358552631579 0.7681949013157895 0.11626233552631579 0.8111636513157895 0.012746710526315791 0.8326480263157895
0 0.123046875 0.66796875 0.326171875 0.63671875 0.349609375 0.69921875 0.1484375 0.728515625
0 0.1437088815789473 0.6279810855263158 0.3292557565789473 0.5850123355263158 0.3370682565789473 0.6201685855263158 0.1534745065789473 0.665090460526316
0 0.35546875 0.650390625 0.392578125 0.638671875 0.40234375 0.705078125 0.365234375 0.71875
0 0.349609375 0.552734375 0.484375 0.5234375 0.49609375 0.5625 0.359375 0.591796875
0 0.080078125 0.6510074013157895 0.1328125 0.6392886513157895 0.142578125 0.6744449013157895 0.087890625 0.6861636513157895
0 0.12633634868421056 0.7518503289473684 0.3627672697368421 0.6971628289473685 0.3744860197368421 0.7655222039473685 0.14381167763157898 0.8196957236842104
0 0.787109375 0.748046875 0.97265625 0.70703125 0.994140625 0.78515625 0.80859375 0.826171875
0 0.7808388157894737 0.6605674342105263 0.8296669407894737 0.6527549342105263 0.8472450657894737 0.7347861842105263 0.7964638157894737 0.7425986842105263
0 0.4065583881578947 0.7185444078947368 0.4534333881578947 0.7087787828947368 0.4592927631578947 0.7380756578947368 0.4124177631578947 0.7478412828947368
0 0.609375 0.736328125 0.689453125 0.72265625 0.75390625 0.98046875 0.671875 0.9921875
0 0.5042146381578947 0.9140624999999999 0.6526521381578947 0.8906249999999999 0.6702302631578947 0.9765624999999999 0.5237458881578947 0.9999999999999998
0 0.83203125 1 0.822265625 0.91796875 0.767578125 0.923828125 0.775390625 1 0.83203125 1
0 1 0.998046875 0.998046875 0.96484375 0.9296875 0.96484375 0.9296875 1 1 0.998046875
0 0.73828125 0.6953125 0.7265625 0.6328125 0.69140625 0.640625 0.703125 0.703125 0.73828125 0.6953125
0 0.787109375 0.7578125 0.783203125 0.689453125 0.740234375 0.69140625 0.744140625 0.759765625 0.787109375 0.7578125
0 0.431640625 0.142578125 0.421875 0.109375 0.33203125 0.1328125 0.33984375 0.166015625 0.431640625 0.142578125
0 0.580078125 0.8203125 0.57421875 0.78515625 0.513671875 0.796875 0.51953125 0.83203125 0.580078125 0.8203125
0 0.3359375 0.173828125 0.32421875 0.119140625 0.220703125 0.140625 0.23046875 0.193359375 0.3359375 0.173828125
0 0.095703125 0.748046875 0.08984375 0.703125 0 0.712890625 0 0.7578125 0.095703125 0.748046875