0 0.4140625 0.02734375 0.384765625 0.076171875 0.4609375 0.119140625 0.48828125 0.0703125 0.41796875 0.029296875
0 0 0.125 0 0.193359375 0.154296875 0.283203125 0.18359375 0.232421875
0 0.11328125 0.361328125 0.095703125 0.392578125 0.109375 0.400390625 0.09375 0.42578125 0.205078125 0.490234375 0.220703125 0.46484375 0.23046875 0.470703125 0.248046875 0.439453125 0.203125 0.412109375
0 0 0.626953125 0 0.693359375 0.0703125 0.736328125 0.08203125 0.71484375 0.095703125 0.720703125 0.111328125 0.69140625 0.03515625 0.6484375
0 0.84765625 0.080078125 0.818359375 0.130859375 1 0.232421875 1 0.166015625 0.85546875 0.0859375
0 0.828125 0.263671875 0.845703125 0.232421875 0.791015625 0.201171875 0.7734375 0.232421875
0 0.7734375 0.232421875 0.7421875 0.2890625 1 0.43359375 1 0.359375
0 0.583984375 0.591796875 0.4921875 0.755859375 0.599609375 0.818359375 0.69140625 0.65234375 0.673828125 0.642578125
0 0.650390625 0.447265625 0.337890625 1 0.46875 1 0.580078125 0.806640625 0.4921875 0.755859375 0.583984375 0.591796875 0.673828125 0.642578125 0.751953125 0.505859375
0 0.81640625 0.8046875 0.693359375 0.736328125 0.666015625 0.783203125 0.7890625 0.853515625 0.79296875 0.84765625
0 0.55859375 1 0.65234375 1 0.58203125 0.958984375
0 0.8125 0.888671875 0.98828125 0.98828125 1 0.966796875 1 0.9375 0.837890625 0.845703125
0 0.935546875 0.65625 1 0.69140625 1 0.626953125 0.96484375 0.607421875
0 0.7890625 0.5703125 0.900390625 0.634765625 0.9296875 0.583984375 0.81640625 0.51953125
0 0.236328125 0.23828125 0.193359375 0.3125 0.244140625 0.341796875 0.203125 0.412109375 0.248046875 0.439453125 0.23046875 0.470703125 0.220703125 0.46484375 0.205078125 0.490234375 0.224609375 0.501953125 0.341796875 0.298828125
0 0 0.6953125 0 0.794921875 0.0234375 0.810546875 0.06640625 0.734375
0 0.09375 0.42578125 0.001953125 0.5859375 0.052734375 0.615234375 0.03515625 0.6484375 0.095703125 0.68359375 0.20703125 0.490234375 0.205078125 0.490234375
0 0 0.068359375 0 0.126953125 0.171875 0.2265625 0.197265625 0.18359375
0 0.998046875 0.044921875 1 0.001953125 0.927734375 0 0.919921875 0.03125 0.998046875 0.044921875