0 0.9453125 0.171875 0.93359375 0.248046875 1 0.2578125 1 0.181640625
0 0.294921875 0.6328125 0.55859375 0.681640625 0.564453125 0.64453125 0.30078125 0.59375
0 0.23828125 0.892578125 0.525390625 0.9453125 0.5390625 0.873046875 0.25 0.8203125
0 0.419921875 0.984375 0.462890625 0.9921875 0.46875 0.9609375 0.42578125 0.955078125
0 0.11328125 0.765625 0.154296875 0.771484375 0.171875 0.669921875 0.130859375 0.662109375
0 0.087890625 0.904296875 0.12890625 0.912109375 0.154296875 0.771484375 0.11328125 0.765625
0 0.34765625 0.9296875 0.333984375 1 0.39453125 1 0.40625 0.939453125
0 0.810546875 0.900390625 0.794921875 1 0.8515625 1 0.857421875 0.962890625 1 0.98046875 1 0.92578125
0 0.755859375 0.900390625 0.736328125 1 0.783203125 1 0.80078125 0.908203125
0 0.3671875 0.244140625 0.40234375 0.25 0.419921875 0.150390625 0.38671875 0.14453125
0 0.01953125 0.427734375 0.029296875 0.380859375 0 0.375 0 0.423828125
0 0.4375 0.052734375 0.447265625 0 0.40625 0 0.396484375 0.046875
0 0.8515625 0.7578125 0.87109375 0.7265625 0.82421875 0.69921875 0.806640625 0.732421875
0 1 0.41015625 1 0.3515625 0.966796875 0.3515625 0.966796875 0.41015625
0 0.0234375 0.720703125 0.025390625 0.68359375 0 0.681640625 0 0.71875
0 0.634765625 0.974609375 0.658203125 0.798828125 0.61328125 0.79296875 0.591796875 0.96875
0 0.826171875 0.640625 0.828125 0.599609375 0.7578125 0.595703125 0.755859375 0.638671875
0 0.890625 0.716796875 0.90625 0.66015625 0.876953125 0.65234375 0.861328125 0.708984375
0 0.9026906370656371 0.5316722972972973 0.8898708976833978 0.6063284266409267 1 0.6241704874517374 1 0.5479986124517374