0 0.35546875 0.162109375 0.1484375 0.265625 0.173828125 0.31640625 0.380859375 0.21484375 0.37109375 0.197265625
0 0.388671875 0.189453125 0.37109375 0.197265625 0.380859375 0.21484375 0.283203125 0.26171875 0.3203125 0.333984375 0.43359375 0.27734375
0 0.044921875 0.384765625 0 0.40625 0 0.552734375 0.021484375 0.595703125 0.125 0.544921875
0 0.275390625 0.470703125 0 0.60546875 0 0.693359375 0.064453125 0.826171875 0.32421875 0.568359375
0 0.39453125 0.39453125 0.318359375 0.431640625 0.337890625 0.470703125 0.4140625 0.431640625
0 0.63671875 0 0.546875 0 0.609375 0.125 0.681640625 0.08984375
0 1 0.96875 1 0.916015625 0.9921875 0.91015625 0.966796875 0.94140625
0 0.78515625 0.998046875 0.65234375 0.880859375 0.6328125 0.90234375 0.744140625 1 0.783203125 1
0 0.623046875 0.859375 0.474609375 0.73046875 0.451171875 0.755859375 0.599609375 0.88671875
0 0.482421875 0.935546875 0.515625 0.8984375 0.4609375 0.849609375 0.427734375 0.88671875
0 0.892578125 0.9921875 0.85546875 0.958984375 0.818359375 1 0.884765625 1
0 0.892578125 0.787109375 0.701171875 0.802734375 0.705078125 0.853515625 0.8984375 0.8359375
0 0.78515625 0.4609375 0.619140625 0.47265625 0.623046875 0.5390625 0.7890625 0.52734375
0 0.806640625 0.607421875 0.810546875 0.6640625 1 0.650390625 1 0.595703125
0 0.810546875 0.6640625 0.810546875 0.6796875 1 0.66796875 1 0.650390625
0 0.208984375 0.92578125 0.212890625 1 0.275390625 1 0.271484375 0.919921875
0 0.271484375 0.919921875 0.267578125 0.865234375 0.142578125 0.873046875 0.146484375 0.9296875 0.208984375 0.92578125
0 0.14453125 0.892578125 0.115234375 0.89453125 0.123046875 0.990234375 0.150390625 0.98828125 0.146484375 0.9296875
0 0.4921875 0.568359375 0.580078125 0.568359375 0.580078125 0.501953125 0.4921875 0.501953125
0 0.36328125 0.68359375 0.451171875 0.68359375 0.451171875 0.619140625 0.36328125 0.619140625
0 0.25390625 0.8046875 0.341796875 0.8046875 0.341796875 0.73828125 0.25390625 0.73828125
0 0.486328125 0.185546875 0.51953125 0.251953125 0.73828125 0.14453125 0.705078125 0.076171875 0.609375 0.125
0 0.64453125 0.830078125 0.67578125 0.7890625 0.5390625 0.689453125 0.509765625 0.73046875 0.64453125 0.830078125