0 0.00390625 0.01171875 0.244140625 0.025390625 0.244140625 0 0.00390625 0
0 0 0.109375 0 0.162109375 0.251953125 0.177734375 0.25390625 0.125
0 0.10546875 0.248046875 0.107421875 0.201171875 0 0.1953125 0 0.240234375
0 0.626953125 0.40625 0.900390625 0.421875 0.90234375 0.365234375 0.62890625 0.349609375
0 0.8515625 0.478515625 0.84765625 0.548828125 1 0.5546875 1 0.486328125
0 0.388671875 0.431640625 0.501953125 0.439453125 0.505859375 0.369140625 0.392578125 0.361328125
0 0.275390625 0.390625 0.349609375 0.39453125 0.3515625 0.357421875 0.279296875 0.353515625
0 0 0.46484375 0 0.515625 0.23046875 0.53125 0.232421875 0.478515625
0 0 0.2890625 0 0.33984375 0.234375 0.353515625 0.23828125 0.3046875
0 0.4375 0.474609375 0.435546875 0.529296875 0.568359375 0.53515625 0.572265625 0.482421875
0 0.615234375 0.529296875 0.810546875 0.541015625 0.814453125 0.490234375 0.619140625 0.478515625
0 0.251953125 0.462890625 0.248046875 0.517578125 0.435546875 0.529296875 0.4375 0.474609375
0 0.30078125 0.2265625 0.298828125 0.279296875 0.591796875 0.296875 0.59375 0.2421875
0 0.623046875 0.224609375 0.619140625 0.279296875 0.875 0.29296875 0.876953125 0.23828125
0 0.908203125 0.240234375 0.90625 0.28125 1 0.287109375 1 0.244140625
0 0.7890625 0.83984375 0.89453125 0.845703125 0.90234375 0.712890625 0.796875 0.70703125
0 0.80078125 0.642578125 0.796875 0.70703125 0.90234375 0.712890625 0.90625 0.6484375
0 0.7890625 0.83984375 0.783203125 0.93359375 0.890625 0.94140625 0.89453125 0.845703125
0 0.912109375 0.865234375 1 0.869140625 1 0.78515625 0.91796875 0.78125
0 0.513671875 0.64453125 0.5078125 0.755859375 0.734375 0.765625 0.740234375 0.65234375
0 0.232421875 0.6328125 0.228515625 0.716796875 0.251953125 0.716796875 0.25 0.78515625 0.361328125 0.791015625 0.36328125 0.75 0.5078125 0.755859375 0.513671875 0.64453125
0 0.671875 0.068359375 0.85546875 0.078125 0.8515625 0.16796875 0.9609375 0.173828125 0.966796875 0.083984375 1 0.083984375 1 0 0.673828125 0
0 0.85546875 0.078125 0.671875 0.068359375 0.666015625 0.15625 0.8515625 0.16796875 0.853515625 0.123046875
0 0.966796875 0.083984375 0.9609375 0.173828125 1 0.17578125 1 0.083984375
0 0.166015625 0.732421875 0.169921875 0.65625 0 0.646484375 0 0.72265625
0 0.310546875 0.09375 0.568359375 0.107421875 0.572265625 0.037109375 0.314453125 0.0234375
0 0.568359375 0.341796875 0.5703125 0.302734375 0.283203125 0.294921875 0.28125 0.333984375 0.568359375 0.341796875
0 0.23828125 0.103515625 0.23828125 0.044921875 0 0.041015625 0 0.099609375 0.23828125 0.103515625