0 0.4453125 0.06640625 0.498046875 0.12109375 0.5546875 0.064453125 0.50390625 0.009765625
0 0.244140625 0.333984375 0.189453125 0.58203125 0.265625 0.599609375 0.2578125 0.63671875 0.296875 0.64453125 0.287109375 0.6875 0.318359375 0.693359375 0.3125 0.72265625 0.380859375 0.73828125 0.37109375 0.783203125 0.40625 0.791015625 0.3984375 0.82421875 0.759765625 0.904296875 0.74609375 0.966796875 0.896484375 1 1 1 1 0.498046875
0 0.6328125 0.21484375 0.8828125 0.265625 0.89453125 0.212890625 0.64453125 0.162109375
0 0.921875 0.267578125 1 0.28515625 1 0.23046875 0.93359375 0.21484375
0 0.642578125 0.060546875 0.943359375 0.125 0.955078125 0.072265625 0.654296875 0.0078125
0 0.388671875 0.16796875 0.46484375 0.1796875 0.46875 0.14453125 0.39453125 0.134765625
0 0.12109375 0.57421875 0.046875 0.498046875 0.021484375 0.5234375 0.095703125 0.599609375
0 0.012095801158301167 0.8559362934362934 0.02566964285714285 0.8468870656370656 0 0.8046875 0 0.869140625
0 0.55859375 0.17578125 0.564453125 0.109375 0.53125 0.107421875 0.525390625 0.171875
0 0.29296875 0.91796875 0.341796875 0.861328125 0.318359375 0.841796875 0.26953125 0.900390625
0 0.208984375 0.173828125 0.1875 0.15234375 0.1484375 0.19140625 0.16796875 0.2109375