0 0.349609375 0.724609375 0.34765625 0.783203125 0.333984375 0.783203125 0.333984375 0.80859375 0.34765625 0.80859375 0.34765625 0.845703125 0.33203125 0.845703125 0.330078125 0.875 0.34765625 0.875 0.34765625 0.892578125 0.564453125 0.89453125 0.564453125 0.853515625 0.548828125 0.853515625 0.55078125 0.728515625
0 0.654296875 0.728515625 0.65234375 0.89453125 0.86328125 0.8984375 0.865234375 0.73046875
0 0.95703125 0.732421875 0.955078125 0.8984375 1 0.8984375 1 0.732421875
0 0.234375 0.724609375 0.232421875 0.890625 0.34765625 0.892578125 0.34765625 0.875 0.330078125 0.875 0.33203125 0.845703125 0.34765625 0.845703125 0.34765625 0.80859375 0.333984375 0.80859375 0.333984375 0.783203125 0.34765625 0.783203125 0.349609375 0.724609375
0 0.654296875 0.728515625 0.55078125 0.728515625 0.548828125 0.853515625 0.564453125 0.853515625 0.564453125 0.90625 0.65234375 0.90625 0.65234375 0.89453125
0 0.865234375 0.73046875 0.86328125 0.8984375 0.955078125 0.8984375 0.95703125 0.732421875
0 0.31640625 0.541015625 0.5390625 0.544921875 0.541015625 0.47265625 0.318359375 0.46875
0 0.6328125 0.5390625 0.849609375 0.541015625 0.849609375 0.478515625 0.634765625 0.4765625
0 0.126953125 0.349609375 0.150390625 0.2421875 0.01953125 0.21484375 0 0.302734375 0 0.322265625
0 0.029296875 0 0 0 0 0.1328125
0 0.732421875 0.04296875 0.740234375 0.001953125 0.732421875 0 0.544921875 0
0 0.990234375 0.037109375 0.990234375 0 0.88671875 0 0.88671875 0.033203125 0.990234375 0.037109375