0 0.1328125 0.12109375 0.689453125 0.10546875 0.689453125 0.0546875 0.130859375 0.0703125
0 0.646484375 0.171875 0.6484375 0.2265625 0.189453125 0.24609375 0.1875 0.189453125 0.138671875 0.19140625 0.142578125 0.267578125 0.16015625 0.267578125 0.16015625 0.294921875 0.67578125 0.2734375 0.67578125 0.259765625 0.69921875 0.259765625 0.6953125 0.169921875
0 0.70703125 0.40234375 0.705078125 0.353515625 0.48828125 0.359375 0.490234375 0.408203125
0 0.18359375 0.435546875 0.490234375 0.42578125 0.48828125 0.3828125 0.16015625 0.392578125 0.16015625 0.412109375 0.140625 0.412109375 0.142578125 0.5 0.185546875 0.498046875
0 0.736328125 0.572265625 0.736328125 0.521484375 0.54296875 0.52734375 0.54296875 0.578125
0 0.189453125 0.53515625 0.12890625 0.537109375 0.1328125 0.6796875 0.193359375 0.677734375 0.189453125 0.54296875
0 0.54296875 0.533203125 0.189453125 0.54296875 0.19140625 0.5859375 0.54296875 0.578125
0 0.142578125 0.6953125 0.146484375 0.775390625 0.171875 0.7734375 0.171875 0.791015625 0.48046875 0.775390625 0.478515625 0.73046875 0.189453125 0.744140625 0.1875 0.693359375
0 0.765625 0.712890625 0.703125 0.71875 0.71875 0.84765625 0.578125 0.865234375 0.5859375 0.93359375 0.7890625 0.91015625
0 0.494140625 0.80859375 0.44140625 0.810546875 0.443359375 0.8515625 0.3125 0.85546875 0.314453125 0.91796875 0.498046875 0.91015625
0 0.1484375 0.828125 0.15234375 0.931640625 0.19921875 0.931640625 0.19921875 0.947265625 0.31640625 0.943359375 0.3125 0.873046875 0.201171875 0.876953125 0.19921875 0.826171875
0 0.796875 0.095703125 0.841796875 0.09765625 0.84375 0 0.796875 0
0 0.95703125 0 0.955078125 0.0703125 0.919921875 0.068359375 0.916015625 0.15234375 1 0.154296875 1 0
0 0.919921875 0.171875 0.91796875 0.212890625 0.974609375 0.21484375 0.97265625 0.29296875 1 0.29296875 1 0.173828125
0 0.919921875 0.158203125 0.763671875 0.15234375 0.76171875 0.21484375 0.91796875 0.220703125 0.91796875 0.212890625
0 0.771484375 0.482421875 0.9296875 0.474609375 0.921875 0.310546875 0.763671875 0.318359375
0 0.935546875 0.392578125 0.935546875 0.443359375 1 0.443359375 1 0.392578125
0 1 0.638671875 1 0.59765625 0.8671875 0.59765625 0.865234375 0.638671875
0 0.8671875 0.513671875 0.82421875 0.51171875 0.822265625 0.638671875 0.865234375 0.638671875 0.8671875 0.59765625
0 1 0.78515625 1 0.703125 0.90234375 0.703125 0.90234375 0.78515625
0 0.875 0.701171875 0.822265625 0.69921875 0.822265625 0.884765625 0.873046875 0.884765625 0.875 0.76171875
0 0.873046875 0.83984375 0.873046875 0.8984375 1 0.8984375 1 0.83984375
0 0.6875 0.6953125 0.75390625 0.693359375 0.751953125 0.625 0.685546875 0.626953125
0 0.1953125 0.025390625 0.1953125 0 0.1015625 0 0.1015625 0.025390625 0.1953125 0.025390625
0 0.345703125 0.0234375 0.345703125 0 0.20703125 0 0.20703125 0.025390625 0.345703125 0.0234375
0 0.595703125 0.744140625 0.5859375 0.65625 0.50390625 0.6640625 0.51171875 0.751953125 0.595703125 0.744140625
0 0.61328125 0.193359375 0.61328125 0.154296875 0.439453125 0.158203125 0.44140625 0.19921875 0.61328125 0.193359375
0 0.72265625 0.044921875 0.72265625 0 0.634765625 0 0.634765625 0.044921875 0.72265625 0.044921875