0 0.1015625 0.873046875 0.09765625 0.9609375 0.228515625 0.96484375 0.23046875 0.876953125
0 0.23046875 0.876953125 0.228515625 0.96484375 0.51953125 0.974609375 0.521484375 0.88671875
0 0.126953125 0.72265625 0.427734375 0.736328125 0.431640625 0.65234375 0.130859375 0.63671875
0 0.0078125 0.6953125 0.0078125 0.734375 0 0.732421875 0 0.794921875 0.0625 0.798828125 0.064453125 0.73828125 0.064453125 0.6953125
0 0.474609375 0.017578125 0.4921875 0.017578125 0.490234375 0.056640625 0.654296875 0.0625 0.65625 0.025390625 0.669921875 0.025390625 0.669921875 0 0.474609375 0
0 0.736328125 0.072265625 0.80859375 0.076171875 0.810546875 0.02734375 0.73828125 0.0234375
0 0 0.474609375 0 0.5546875 0.080078125 0.560546875 0.0859375 0.48046875
0 0.66796875 0.146484375 0.609375 0.142578125 0.603515625 0.154296875 0.583984375 0.517578125 0.591796875 0.53125 0.646484375 0.53515625 0.662109375 0.228515625
0 0.900390625 0.158203125 0.853515625 0.154296875 0.849609375 0.236328125 0.896484375 0.240234375 0.8984375 0.19921875
0 0.71484375 0.1484375 0.7109375 0.23046875 0.849609375 0.236328125 0.853515625 0.154296875
0 0.908203125 0.169921875 0.904296875 0.234375 1 0.23828125 1 0.173828125
0 0.72265625 0.365234375 0.875 0.369140625 0.876953125 0.330078125 0.72265625 0.326171875
0 0.900390625 0.36328125 0.8984375 0.400390625 1 0.404296875 1 0.365234375
0 0.85546875 0.400390625 0.8515625 0.515625 0.904296875 0.517578125 0.90625 0.458984375 1 0.4609375 1 0.404296875
0 0.689453125 0.654296875 0.681640625 0.89453125 0.86328125 0.900390625 0.865234375 0.861328125 0.7421875 0.857421875 0.74609375 0.703125 0.92578125 0.7109375 0.921875 0.8671875 0.896484375 0.865234375 0.896484375 0.8984375 1 0.900390625 1 0.6640625
0 0.720703125 0.544921875 0.716796875 0.654296875 0.845703125 0.66015625 0.849609375 0.548828125
0 0.8515625 0.515625 0.845703125 0.66015625 0.923828125 0.662109375 0.927734375 0.517578125
0 0.44921875 0.828125 0.646484375 0.8359375 0.654296875 0.623046875 0.458984375 0.615234375
0 0.12109375 0.15625 0.123046875 0.048828125 0 0.046875 0 0.154296875 0.12109375 0.15625
0 0.044921875 1 0.046875 0.814453125 0 0.814453125 0 1 0.044921875 1
0 0.0703125 0.63671875 0.07421875 0.578125 0 0.57421875 0 0.6328125 0.0703125 0.63671875
0 0.4453125 0.84765625 0.4453125 0.80859375 0.3203125 0.80859375 0.3203125 0.84765625 0.4453125 0.84765625
0 0.35546875 0.029296875 0.35546875 0 0.2734375 0 0.2734375 0.02734375 0.35546875 0.029296875