0 0.794921875 0.048828125 0.84765625 0.0546875 0.849609375 0.0234375 0.798828125 0.01953125
0 0.712890625 0.01171875 0.951171875 0.033203125 0.953125 0.01171875 0.96484375 0.013671875 0.96484375 0 0.712890625 0
0 0.26953125 0.03125 0.529296875 0.0546875 0.533203125 0 0.271484375 0
0 0.650390625 0.1171875 0.65625 0.05859375 0.58984375 0.052734375 0.564453125 0.328125 0.630859375 0.333984375 0.64453125 0.1875 0.65625 0.189453125 0.662109375 0.1171875
0 0.451171875 0.083984375 0.43359375 0.287109375 0.4609375 0.2890625 0.45703125 0.32421875 0.2421875 0.3046875 0.234375 0.38671875 0.490234375 0.41015625 0.49609375 0.328125 0.470703125 0.326171875 0.47265625 0.291015625 0.513671875 0.294921875 0.53125 0.08984375
0 0.94140625 0.41796875 0.9609375 0.419921875 0.96875 0.330078125 0.951171875 0.328125
0 0.65625 0.55078125 0.599609375 0.544921875 0.595703125 0.587890625 0.603515625 0.58984375 0.599609375 0.6484375 0.83203125 0.669921875 0.837890625 0.611328125 0.853515625 0.61328125 0.857421875 0.568359375 0.810546875 0.564453125 0.80859375 0.578125 0.654296875 0.564453125
0 0.580078125 0.91796875 0.576171875 0.974609375 0.5546875 0.97265625 0.55078125 1 0.794921875 1 0.80078125 0.939453125 0.66796875 0.92578125
0 0.5546875 0.68359375 0.5390625 0.84375 0.634765625 0.853515625 0.6484375 0.693359375
0 0.69140625 0.658203125 0.6875 0.697265625 0.6484375 0.693359375 0.634765625 0.849609375 0.673828125 0.8515625 0.66796875 0.92578125 0.734375 0.93359375 0.759765625 0.6640625
0 0.03515625 0.134765625 0.033203125 0 0 0 0 0.134765625 0.03515625 0.134765625