0 0.6875 0.2890625 0.705078125 0.279296875 0.685546875 0.24609375 0.66796875 0.255859375
0 0.712890625 0.23046875 0.6953125 0.240234375 0.716796875 0.28125 0.734375 0.271484375
0 0.763671875 0.220703125 0.771484375 0.21484375 0.765625 0.203125 0.755859375 0.20703125
0 0.91796875 0.341796875 0.939453125 0.328125 0.908203125 0.27734375 0.88671875 0.2890625
0 0.951171875 0.328125 0.970703125 0.31640625 0.939453125 0.259765625 0.91796875 0.271484375
0 0.99609375 0.404296875 1 0.400390625 1 0.369140625 0.982421875 0.3828125
0 0.333984375 0.953125 0.32421875 1 0.384765625 1 0.392578125 0.96484375 0.376953125 0.9609375
0 0.6328125 0.990234375 0.68359375 0.958984375 0.66015625 0.919921875 0.591796875 0.962890625 0.595703125 0.970703125 0.580078125 0.978515625 0.58984375 1 0.63671875 1
0 0.15625 0.970703125 0.171875 1 0.205078125 1 0.384765625 0.8984375 0.361328125 0.857421875 0.2578125 0.9140625
0 0.203125 0.791015625 0.216796875 0.814453125 0.177734375 0.837890625 0.20703125 0.890625 0.24609375 0.869140625 0.26171875 0.89453125 0.31640625 0.86328125 0.302734375 0.837890625 0.310546875 0.83203125 0.34375 0.814453125 0.3125 0.76171875 0.271484375 0.783203125 0.259765625 0.759765625
0 0.05078125 0.806640625 0.107421875 0.76953125 0.123046875 0.716796875 0.095703125 0.677734375 0.04296875 0.666015625 0 0.6953125 0 0.794921875
0 0.240234375 0.66015625 0.263671875 0.646484375 0.3203125 0.66015625 0.333984375 0.603515625 0.361328125 0.587890625 0.341796875 0.556640625 0.333984375 0.5625 0.248046875 0.54296875 0.23046875 0.623046875 0.22265625 0.62890625
0 0.478515625 0.6015625 0.544921875 0.564453125 0.466796875 0.4296875 0.40234375 0.466796875
0 0.75 0.263671875 0.583984375 0.353515625 0.646484375 0.470703125 0.8125 0.380859375
0 0.86328125 0.59765625 0.921875 0.564453125 0.89453125 0.517578125 0.8359375 0.548828125
0 0.94140625 0.564453125 1 0.529296875 1 0.51171875 0.984375 0.484375 0.91796875 0.5234375
0 0.791015625 0.638671875 0.845703125 0.6015625 0.818359375 0.55859375 0.76171875 0.59375
0 0.80859375 0.771484375 0.85546875 0.74609375 0.826171875 0.693359375 0.779296875 0.71875
0 0.724609375 0.8984375 0.802734375 0.9140625 0.8125 0.8671875 0.734375 0.8515625
0 0.84765625 0.912109375 0.9453125 0.853515625 0.921875 0.814453125 0.82421875 0.873046875
0 0.94921875 0.8046875 1 0.77734375 0.96875 0.720703125 0.91796875 0.748046875
0 1 0.658203125 1 0.5859375 0.96875 0.603515625
0 0.408203125 0.89453125 0.3984375 0.943359375 0.4765625 0.95703125 0.513671875 0.962890625 0.521484375 0.9140625
0 1 0.296875 1 0.251953125 0.98046875 0.2265625 0.958984375 0.2421875
0 0.830078125 0.169921875 0.88671875 0.1796875 0.888671875 0.162109375 0.833984375 0.15234375 0.83203125 0.1640625
0 0.833984375 0.150390625 0.80078125 0.14453125 0.798828125 0.16015625 0.83203125 0.1640625 0.833984375 0.15234375
0 0.9453125 0.966796875 0.8984375 0.96484375 0.8984375 0.966796875 0.859375 0.96484375 0.857421875 0.998046875 0.86328125 0.998046875 0.861328125 1 0.943359375 1
0 0.052734375 0.1171875 0 0.05859375 0 0.1640625
0 0.98046875 0.658203125 0.923828125 0.578125 0.818359375 0.65234375 0.873046875 0.732421875 0.98046875 0.658203125
0 0.90625 0.44921875 0.86328125 0.37890625 0.736328125 0.45703125 0.779296875 0.52734375 0.90625 0.44921875