0 0.12890625 0.1015625 0.166015625 0.111328125 0.1875 0.03515625 0.15234375 0.025390625
0 0.052734375 0.123046875 0.08984375 0 0.06640625 0 0.03125 0.1171875
0 0.087890625 0.259765625 0.068359375 0.3125 0.12890625 0.333984375 0.146484375 0.28125
0 0.033203125 0.240234375 0.021484375 0.2734375 0.076171875 0.29296875 0.087890625 0.259765625
0 0.173828125 0.291015625 0.146484375 0.28125 0.13671875 0.3125 0.1484375 0.31640625 0.134765625 0.3515625 0.150390625 0.357421875 0.162109375 0.322265625
0 0.43359375 0.30859375 0.3125 0.263671875 0.302734375 0.29296875 0.404296875 0.328125 0.3984375 0.345703125 0.41796875 0.353515625 0.423828125 0.3359375
0 0.599609375 0.529296875 0.58203125 0.529296875 0.580078125 0.60546875 0.59765625 0.60546875 0.599609375 0.564453125 0.66015625 0.572265625 0.6640625 0.5390625
0 0.58203125 0.529296875 0.529296875 0.52734375 0.521484375 0.720703125 0.57421875 0.72265625 0.580078125 0.60546875
0 0.595703125 0.513671875 0.638671875 0.517578125 0.640625 0.486328125 0.59765625 0.482421875
0 0.826171875 0.03515625 0.837890625 0.00390625 0.791015625 0 0.78125 0.01953125 0.826171875 0.03515625
0 0.1484375 0.18359375 0.162109375 0.138671875 0.1328125 0.130859375 0.119140625 0.17578125 0.1484375 0.18359375
0 0.220703125 0.03515625 0.22265625 0 0.181640625 0 0.1796875 0.03125 0.220703125 0.03515625