0 0.953125 0.44921875 1 0.482421875 1 0.427734375 0.978515625 0.4140625
0 0.474609375 0.61328125 0.517578125 0.640625 0.55078125 0.58984375 0.5078125 0.5625
0 0.6328125 0.66015625 0.625 0.654296875 0.58203125 0.712890625 0.625 0.744140625 0.677734375 0.673828125 0.640625 0.646484375
0 0.353515625 0.595703125 0.416015625 0.638671875 0.451171875 0.5859375 0.38671875 0.544921875
0 0.421875 0.6875 0.56640625 0.78515625 0.59375 0.74609375 0.583984375 0.73828125 0.58984375 0.728515625 0.47265625 0.650390625 0.466796875 0.66015625 0.44921875 0.6484375
0 0.79296875 0.662109375 0.81640625 0.677734375 0.830078125 0.65625 0.80859375 0.640625
0 0.517578125 0.54296875 0.537109375 0.5546875 0.529296875 0.564453125 0.576171875 0.59375 0.58203125 0.583984375 0.599609375 0.595703125 0.591796875 0.607421875 0.66015625 0.65234375 0.66796875 0.640625 0.693359375 0.65625 0.71875 0.6171875 0.54296875 0.50390625
0 0.013671875 0.14453125 0 0.134765625 0 0.2109375 0.041015625 0.23828125 0.046875 0.23046875 0.06640625 0.244140625 0.060546875 0.251953125 0.09765625 0.27734375 0.10546875 0.267578125 0.12109375 0.27734375 0.1484375 0.236328125 0.123046875 0.21875 0.119140625 0.224609375 0.095703125 0.208984375 0.099609375 0.203125 0.03125 0.15625 0.02734375 0.162109375 0.009765625 0.150390625
0 0.068359375 0.267578125 0.03515625 0.3125 0.02734375 0.306640625 0.01953125 0.31640625 0.05078125 0.337890625 0.0546875 0.330078125 0.080078125 0.34765625 0.11328125 0.298828125
0 0.064453125 0.337890625 0.037109375 0.37890625 0.044921875 0.384765625 0.044921875 0.38671875 0.10546875 0.427734375 0.138671875 0.376953125 0.083984375 0.341796875 0.080078125 0.34765625 0.06640625 0.337890625
0 0.33984375 0.611328125 0.39453125 0.53125 0.169921875 0.37890625 0.115234375 0.458984375
0 0.92578125 0.59765625 1 0.576171875 1 0.55078125 0.990234375 0.509765625 0.908203125 0.53125
0 0.525390625 0.970703125 0.466796875 0.984375 0.470703125 1 0.53125 1
0 0.404296875 0.966796875 0.435546875 0.93359375 0.3984375 0.8984375 0.3671875 0.931640625
0 0.4375 0.818359375 0.416015625 0.849609375 0.423828125 0.853515625 0.419921875 0.86328125 0.462890625 0.892578125 0.48828125 0.853515625
0 0.349609375 0.97265625 0.33984375 0.986328125 0.34765625 0.9921875 0.341796875 1 0.390625 1