0 0.095703125 0.5703125 0 0.5546875 0 0.642578125 0.083984375 0.65625 0.0859375 0.638671875
0 0 0.271484375 0 0.33984375 0.04296875 0.341796875 0.044921875 0.2734375
0 0.439453125 0.349609375 0.4375 0.271484375 0.318359375 0.275390625 0.322265625 0.353515625 0.361328125 0.3515625
0 0.43359375 0.0859375 0.4375 0.0390625 0.212890625 0.02734375 0.2109375 0.07421875
0 0.1015625 0.244140625 0.255859375 0.240234375 0.25390625 0.181640625 0.099609375 0.185546875
0 0.26171875 0.451171875 0.265625 0.412109375 0.115234375 0.396484375 0.111328125 0.435546875
0 0.3203125 0.59375 0.310546875 0.66796875 0.412109375 0.681640625 0.421875 0.60546875
0 0.09765625 0.564453125 0.0859375 0.638671875 0.310546875 0.671875 0.3203125 0.59375 0.232421875 0.58203125
0 1 0.306640625 1 0.248046875 0.80859375 0.23828125 0.8046875 0.296875
0 1 0.119140625 1 0.060546875 0.853515625 0.052734375 0.849609375 0.109375
0 0.48828125 0.2734375 0.7578125 0.294921875 0.76171875 0.236328125 0.4921875 0.21484375
0 0.5078125 0.095703125 0.8203125 0.12109375 0.826171875 0.05078125 0.513671875 0.025390625
0 0.486328125 0.55078125 0.482421875 0.609375 0.84765625 0.6328125 0.8515625 0.57421875
0 0.49609375 0.455078125 0.9453125 0.49609375 0.951171875 0.447265625 0.5 0.408203125
0 0.724609375 0.970703125 0.51171875 0.9453125 0.50390625 1 0.720703125 1
0 0.208984375 0.97265625 0.212890625 0.8984375 0.009765625 0.88671875 0.005859375 0.962890625
0 0.466796875 0.982421875 0.470703125 0.939453125 0.2578125 0.919921875 0.25390625 0.962890625
0 0.869140625 0.994140625 0.921875 0.9921875 0.921875 0.947265625 0.869140625 0.947265625 0.869140625 0.986328125
0 0.869140625 0.986328125 0.869140625 0.947265625 0.77734375 0.96484375 0.767578125 1 0.818359375 1 0.8203125 0.99609375
0 0.1328125 0.072265625 0.1328125 0.0078125 0 0.0078125 0 0.07421875 0.1328125 0.072265625
0 0.427734375 0.482421875 0.427734375 0.390625 0.337890625 0.388671875 0.3359375 0.48046875 0.427734375 0.482421875