0 0.966796875 0.166015625 0.9765625 0.169921875 0.955078125 0.2109375 1 0.234375 1 0.1015625
0 0.8671875 0.33203125 0.826171875 0.412109375 0.8359375 0.416015625 0.814453125 0.45703125 0.88671875 0.494140625 0.904296875 0.45703125 0.916015625 0.462890625 0.9296875 0.435546875 0.939453125 0.439453125 0.96875 0.38671875
0 0.73828125 0.57421875 0.697265625 0.65234375 0.70703125 0.65625 0.6875 0.697265625 0.7578125 0.734375 0.77734375 0.697265625 0.787109375 0.703125 0.80078125 0.67578125 0.8125 0.681640625 0.83984375 0.626953125
0 0.62109375 0.826171875 0.580078125 0.904296875 0.58984375 0.91015625 0.568359375 0.951171875 0.640625 0.98828125 0.66015625 0.951171875 0.669921875 0.955078125 0.68359375 0.927734375 0.693359375 0.93359375 0.72265625 0.87890625
0 0.0078125 0.033203125 0.017578125 0.03515625 0.001953125 0.080078125 0.078125 0.099609375 0.091796875 0.060546875 0.103515625 0.0625 0.11328125 0.03125 0.123046875 0.03515625 0.134765625 0 0.017578125 0
0 0 0.21875 0 0.318359375 0.01171875 0.3203125 0.021484375 0.291015625 0.03125 0.29296875 0.052734375 0.232421875 0.0234375 0.224609375
0 0.421875 0.458984375 0.244140625 0.400390625 0.22265625 0.46484375 0.40234375 0.5234375 0.412109375 0.4921875
0 0.390625 0.556640625 0.62890625 0.6328125 0.650390625 0.568359375 0.412109375 0.4921875 0.40234375 0.5234375
0 0.744140625 0.412109375 0.775390625 0.35546875 0.5 0.2109375 0.470703125 0.26953125
0 0.146484375 0.15234375 0.42578125 0.236328125 0.447265625 0.169921875 0.166015625 0.0859375
0 0 0.666015625 0 0.7421875 0.24609375 0.81640625 0.267578125 0.74609375 0.2421875 0.73828125 0.23828125 0.748046875 0.189453125 0.734375 0.19140625 0.724609375 0.16796875 0.716796875 0.162109375 0.73046875 0.109375 0.71484375 0.115234375 0.701171875 0.072265625 0.6875 0.068359375 0.69921875 0.03515625 0.689453125 0.0390625 0.677734375
0 0.353515625 0.80078125 0.349609375 0.80859375 0.3359375 0.8046875 0.333984375 0.810546875 0.3125 0.802734375 0.291015625 0.861328125 0.513671875 0.935546875 0.533203125 0.87890625 0.51953125 0.875 0.5234375 0.865234375 0.509765625 0.859375 0.51171875 0.853515625 0.49609375 0.84765625 0.4921875 0.857421875 0.478515625 0.853515625 0.4765625 0.861328125 0.439453125 0.849609375 0.4453125 0.83203125 0.421875 0.822265625 0.41796875 0.83203125 0.369140625 0.81640625 0.373046875 0.806640625
0 0.216796875 0.01953125 0.2578125 0.033203125 0.267578125 0 0.22265625 0
0 0.9296875 0.119140625 0.958984375 0.0625 0.837890625 0 0.71875 0 0.716796875 0.005859375
0 0.66796875 0.033203125 0.650390625 0.06640625 0.787109375 0.13671875 0.8046875 0.103515625
0 0.646484375 0.107421875 0.62890625 0.142578125 0.751953125 0.205078125 0.767578125 0.171875
0 0.650390625 0.06640625 0.6328125 0.1015625 0.767578125 0.171875 0.78515625 0.13671875
0 0.076171875 0.240234375 0.177734375 0.2734375 0.197265625 0.21875 0.09375 0.185546875
0 0.001953125 0.4921875 0.15234375 0.544921875 0.1875 0.443359375 0.037109375 0.390625
0 0.177734375 0.37890625 0.21875 0.392578125 0.2421875 0.32421875 0.203125 0.30859375
0 0.41796875 0.36328125 0.453125 0.37890625 0.46875 0.345703125 0.43359375 0.330078125
0 0.15625 0.9609375 0.240234375 0.994140625 0.275390625 0.90234375 0.19140625 0.87109375
0 0.001953125 0.080078125 0.017578125 0.03515625 0.0078125 0.033203125 0 0.0546875 0 0.21875 0.0234375 0.224609375 0.0625 0.095703125
0 0.84765625 0.25390625 0.9140625 0.142578125 0.86328125 0.11328125 0.798828125 0.224609375
0 0.892578125 1 0.892578125 0.97265625 0.810546875 0.97265625 0.810546875 1 0.892578125 1