0 0.298828125 0.728515625 0.744140625 0.69140625 0.734375 0.5546875 0.287109375 0.591796875
0 0.28125 0.56640625 0.400390625 0.55859375 0.396484375 0.486328125 0.27734375 0.494140625
0 0.828125 0.671875 1 0.6640625 1 0.572265625 0.82421875 0.580078125
0 0.78515625 0.341796875 0.876953125 0.3359375 0.8671875 0.138671875 0.775390625 0.142578125
0 0.796875 0.546875 0.8828125 0.544921875 0.880859375 0.400390625 0.79296875 0.40234375
0 0.9140625 0.482421875 1 0.4765625 1 0.287109375 0.904296875 0.29296875
0 0.39453125 0 0.32421875 0 0.341796875 0.392578125 0.4140625 0.388671875
0 0.4453125 0.115234375 0.4609375 0.365234375 0.634765625 0.35546875 0.619140625 0.10546875
0 0.919921875 0.955078125 0.91015625 0.76953125 0.849609375 0.771484375 0.859375 0.95703125 0.900390625 0.955078125
0 0.900390625 0.955078125 0.53515625 0.974609375 0.53515625 1 0.900390625 1
0 0.484375 0.90625 0.41796875 0.91015625 0.421875 1 0.48828125 1
0 0.416015625 0.869140625 0.798828125 0.84765625 0.794921875 0.79296875 0.4140625 0.8125
0 0.4140625 0.8125 0.30078125 0.818359375 0.30859375 1 0.421875 1 0.416015625 0.869140625
0 0.966796875 0.80078125 1 0.796875 1 0.75 0.96484375 0.75390625
0 1 0.1171875 0.998046875 0 0.697265625 0 0.69921875 0.12109375 1 0.1171875