0 0.041015625 0.080078125 0.0625 0.017578125 0.005859375 0 0 0 0 0.06640625
0 0.0234375 0.93359375 0.02734375 0.927734375 0.01953125 0.921875 0.0234375 0.91796875 0 0.8984375 0 0.98046875 0.0234375 0.951171875 0.03125 0.95703125 0.0390625 0.947265625
0 0.333984375 0.923828125 0.3671875 0.91015625 0.41015625 0.865234375 0.3984375 0.853515625 0.40625 0.845703125 0.39453125 0.833984375 0.3984375 0.828125 0.380859375 0.8125 0.345703125 0.84765625 0.291015625 0.8671875 0.2265625 0.869140625 0.2265625 0.92578125 0.24609375 0.92578125
0 0.408203125 0.548828125 0.517578125 0.595703125 0.54296875 0.537109375 0.50390625 0.521484375 0.4921875 0.546875 0.421875 0.515625
0 0.482421875 0.58203125 0.453125 0.650390625 0.486328125 0.666015625 0.517578125 0.595703125
0 0.078125 0.3515625 0.05859375 0.408203125 0.18359375 0.451171875 0.203125 0.39453125
0 0.123046875 0.193359375 0.1015625 0.25390625 0.265625 0.310546875 0.291015625 0.25390625
0 0.384765625 0.455078125 0.203125 0.39453125 0.18359375 0.451171875 0.365234375 0.51171875
0 0.451171875 0.369140625 0.6796875 0.451171875 0.703125 0.38671875 0.474609375 0.3046875
0 0.326171875 0.1015625 0.306640625 0.162109375 0.455078125 0.2109375 0.474609375 0.15234375
0 0.525390625 0.16015625 0.505859375 0.21875 0.810546875 0.322265625 0.830078125 0.26171875
0 1 0.119140625 1 0.05078125 0.84375 0 0.625 0
0 0.169921875 0.048828125 0.150390625 0.109375 0.306640625 0.162109375 0.326171875 0.1015625
0 0.91015625 0.20703125 0.9296875 0.189453125 0.939453125 0.162109375 0.90625 0.15234375 0.8984375 0.177734375 0.8828125 0.173828125 0.875 0.1953125 0.890625 0.201171875
0 0.953125 0.873046875 0.908203125 0.828125 0.8984375 0.837890625 0.921875 0.861328125 0.78515625 1 0.828125 1 0.9453125 0.8828125
0 0.1015625 0.25390625 0.078125 0.3203125 0.126953125 0.337890625 0.150390625 0.271484375
0 0.40625 0.361328125 0.427734375 0.30078125 0.291015625 0.25390625 0.265625 0.310546875
0 0.05859375 0.6171875 0.076171875 0.5625 0 0.537109375 0 0.59765625
0 0.658203125 0.765625 0.5859375 0.69921875 0.490234375 0.8046875 0.560546875 0.869140625
0 0.798828125 0.48828125 0.81640625 0.505859375 0.806640625 0.513671875 0.79296875 0.5 0.67578125 0.607421875 0.751953125 0.69140625 1 0.46484375 1 0.287109375
0 0 0.630859375 0 0.71484375 0.087890625 0.705078125 0.078125 0.630859375 0.017578125 0.638671875 0.0078125 0.634765625
0 0.029296875 0.22265625 0.029296875 0.14453125 0 0.14453125 0 0.22265625 0.029296875 0.22265625