0 0.951171875 0.38671875 0.974609375 0.400390625 0.916015625 0.50390625 0.896484375 0.494140625 0.849609375 0.576171875 0.8671875 0.587890625 0.8359375 0.640625 1 0.734375 1 0.298828125
0 0.701171875 0.01171875 0.673828125 0.060546875 0.951171875 0.21875 0.978515625 0.171875 0.93359375 0.14453125
0 0.4453125 0.580078125 0.41796875 0.62890625 0.654296875 0.763671875 0.68359375 0.71484375 0.625 0.681640625
0 0.5703125 0.296875 0.5390625 0.3515625 0.80078125 0.501953125 0.83203125 0.447265625 0.77734375 0.416015625
0 0.677734375 0.1875 0.68359375 0.1796875 0.66015625 0.166015625 0.626953125 0.224609375 0.876953125 0.369140625 0.90625 0.318359375 0.8515625 0.287109375
0 0.51171875 0.44140625 0.484375 0.490234375 0.734375 0.6328125 0.76171875 0.583984375 0.701171875 0.548828125
0 0.98828125 0 0.87109375 0 1 0.072265625 1 0.00390625
0 0.595703125 0.73046875 0.56640625 0.78125 0.623046875 0.814453125 0.65234375 0.76171875
0 0.671875 0.59765625 0.625 0.681640625 0.6796875 0.712890625 0.728515625 0.62890625
0 0.23828125 0.33203125 0.240234375 0.322265625 0.21484375 0.314453125 0.193359375 0.376953125 0.451171875 0.462890625 0.46875 0.408203125
0 0.638671875 0.037109375 0.650390625 0 0.5234375 0
0 0.287109375 0.09375 0.544921875 0.1796875 0.56640625 0.11328125 0.30859375 0.029296875
0 0.1875 0.48046875 0.19140625 0.470703125 0.154296875 0.45703125 0.1328125 0.51953125 0.380859375 0.6015625 0.3984375 0.55078125
0 0.029296875 0.166015625 0.203125 0.224609375 0.21875 0.173828125 0.044921875 0.1171875
0 0.083984375 0.01171875 0.25 0.06640625 0.26953125 0.00390625 0.2578125 0 0.087890625 0
0 0.287109375 0.19140625 0.291015625 0.1796875 0.25390625 0.16796875 0.232421875 0.232421875 0.51171875 0.32421875 0.529296875 0.271484375
0 0.076171875 0.73046875 0.291015625 0.798828125 0.314453125 0.720703125 0.1015625 0.65234375
0 0.556640625 0.80078125 0.416015625 0.763671875 0.3984375 0.828125 0.5859375 0.880859375 0.625 0.814453125 0.56640625 0.78125
0 0.044921875 0.078125 0.044921875 0 0 0 0 0.078125 0.044921875 0.078125
0 0.107421875 0.580078125 0.123046875 0.50390625 0.015625 0.48046875 0 0.556640625 0.107421875 0.580078125