0 0.6685855263157895 0.5357730263157895 0.8951480263157895 0.5221011513157895 0.8990542763157895 0.5670230263157895 0.6724917763157895 0.5826480263157895
0 0.666015625 0.763671875 0.892578125 0.763671875 0.892578125 0.8125 0.666015625 0.8125
0 0.6409333881578947 0.6497738486842105 0.9085115131578947 0.6497738486842105 0.9085115131578947 0.7025082236842105 0.6409333881578947 0.7025082236842105
0 0.666015625 0.8984375 0.89453125 0.8984375 0.89453125 0.953125 0.666015625 0.953125
0 0.37109375 0.8125 0.37109375 0.7578125 0.630859375 0.7578125 0.630859375 0.8125
0 0.37890625 0.9231999269005848 0.65625 0.9075749269005848 0.662109375 0.9485905519005848 0.384765625 0.9642155519005848
0 0.3809621710526316 0.6033100328947368 0.4336965460526316 0.6033100328947368 0.4336965460526316 0.7048725328947368 0.3809621710526316 0.7048725328947368
0 0.00390625 0.55859375 0.25 0.546875 0.255859375 0.6015625 0.005859375 0.61328125
0 0.019896747076023402 1 0.019896747076023402 0.958984375 0.2542717470760234 0.958984375 0.2542717470760234 1
0 0.001953125 0.83203125 0.255859375 0.83203125 0.255859375 0.892578125 0.001953125 0.892578125
0 0.0008109466374268959 0.6849186769005848 0.1648734466374269 0.6849186769005848 0.1648734466374269 0.7396061769005848 0.0008109466374268959 0.7396061769005848
0 0.3739720394736842 0.5549958881578947 0.6356907894736842 0.5374177631578947 0.6395970394736842 0.5842927631578947 0.3778782894736842 0.5999177631578947
0 0.1953125 0.7642201206140351 0.19921875 0.7212513706140351 0.283203125 0.7349232456140351 0.279296875 0.7778919956140351
0 0.2363167032163742 0.6552677266081871 0.2363167032163742 0.6201114766081871 0.2636604532163742 0.6201114766081871 0.2636604532163742 0.6552677266081871
0 0.5329975328947368 0.635279605263158 0.5857319078947368 0.635279605263158 0.5857319078947368 0.658717105263158 0.5329975328947368 0.658717105263158
0 0.8722245065789473 0.6177014802631579 0.8800370065789473 0.5981702302631579 0.9190995065789473 0.6137952302631579 0.9112870065789473 0.6333264802631579
0 0.0941154970760234 0.04296875 0.2093498720760234 0 0.2249748720760234 0.0390625 0.1097404970760234 0.08203125
0 0.02428271198830409 0.08011239035087717 0.13336074561403505 0.07510964912280702 0.17105263157894735 0.19846491228070176 0 0.19618055555555555
0 0.662109375 0.11492598684210527 0.939453125 0.09539473684210527 0.9453125 0.13250411184210525 0.669921875 0.15203536184210525
0 0.4131944444444444 0.011147660818713441 0.5673885233918129 0 0.6468498720760234 0.036549707602339165 0.6050804093567251 0.11508589181286549
0 0.9500182748538011 0.021427266081871336 0.7352887426900585 0.04312865497076023 0.7250091374269005 0.004294590643274844 0.9545869883040936 0.0020102339181286497
0 0.7250091374269005 0.04655519005847953 0.7055209183326534 0 0.6564784356725146 0 0.6667580409356725 0.037417763157894725
0 0.890625 0.861328125 0.890625 0.830078125 0.673828125 0.83203125 0.673828125 0.86328125 0.890625 0.861328125
0 0.603515625 1 0.603515625 0.974609375 0.40234375 0.974609375 0.40234375 1 0.603515625 1
0 0.64453125 0.85546875 0.64453125 0.82421875 0.3828125 0.828125 0.384765625 0.857421875 0.64453125 0.85546875