0 0.1697031853281854 0.631213803088803 0.17569036082605172 0.5895992620910383 0.3483877292471043 0.6194101173541963 0.3476713320463321 0.6583614864864865
0 0.046875 0.400390625 0.052734375 0.341796875 0.2109375 0.365234375 0.205078125 0.42578125
0 0.458984375 0.55078125 0.662109375 0.55078125 0.662109375 0.62890625 0.458984375 0.62890625
0 0.5165902509652511 0.47360641891891886 0.519918223557204 0.4249866642958748 0.6862632722007723 0.42760617760617753 0.6772140444015445 0.4796392374517374
0 0.21419522200772195 0.8182311776061776 0.223044017349116 0.7747631324933956 0.3762101357701686 0.7809308956512904 0.37632722007721997 0.8250180984555985
0 0.04753861003861004 0.7058699324324325 0 0.6002956081081081 0.001027960526315791 0.5469777960526315 0 0.5105574324324325 0.03245656370656369 0.4871802606177606 0.08675193050193047 0.5867217664092664 0.1455592105263158 0.7813527960526315 0.07524671052631579 0.8086965460526315
0 0.671875 0.375 0.671875 0.326171875 0.716796875 0.326171875 0.716796875 0.375
0 0.12530838815789477 0.006578947368421088 0.15614720394736845 0.06825657894736846 0.275390625 0.0733963815789474 0.2507195723684211 0.00143914473684214
0 0.309313322368421 0.009662828947368453 0.34015213815789475 0.07134046052631582 0.45939555921052627 0.07648026315789475 0.43472450657894735 0.004523026315789505
0 0.5176638545265191 0.23275804587482224 0.5043003676844138 0.277988309032717 0.5821971525096525 0.28055622586872586 0.6840009652509653 0.2903595559845561 0.6930501930501931 0.2564249517374517 0.6924171440002033 0.23892580903271696
0 0.3778354247104247 0.23455598455598453 0.20288368725868727 0.21042471042471042 0.18855574324324326 0.2534085424710424 0.24737572393822393 0.2609495656370655 0.335605694980695 0.27753981660231664 0.3846223455598456 0.2745234073359073
0 0.3006252698892502 0.41004750050802685 0.2913736251524081 0.4449981584027637 0.3672779922779923 0.45701616795366795 0.4419341216216216 0.4736064189189189 0.45701616795366795 0.4509833494208494 0.46201507252082913 0.42752282945539527
0 0.4530222039473685 0.84765625 0.43472450657894735 0.7086759868421052 0.5991981907894737 0.7066200657894737 0.6366159539473685 0.84765625