0 0.357421875 0.013671875 0.2890625 0.134765625 0.392578125 0.193359375 0.4609375 0.072265625 0.4375 0.05859375
0 0.26953125 0.123046875 0.2890625 0.134765625 0.357421875 0.013671875 0.4375 0.05859375 0.46875 0 0.337890625 0
0 0.5546875 0.009765625 0.666015625 0.072265625 0.6953125 0.0234375 0.65234375 0 0.55859375 0
0 0.892578125 0.318359375 0.8671875 0.302734375 0.84375 0.341796875 0.87890625 0.361328125 0.87109375 0.375 0.91015625 0.396484375 0.91796875 0.384765625 0.955078125 0.404296875 0.9765625 0.365234375 0.953125 0.3515625 0.96484375 0.330078125 0.904296875 0.296875
0 0.986328125 0.083984375 0.96484375 0.072265625 0.943359375 0.111328125 0.98046875 0.1328125 0.970703125 0.150390625 1 0.166015625 1 0.064453125 0.998046875 0.064453125
0 0.537109375 0.54296875 0.6484375 0.60546875 0.677734375 0.552734375 0.56640625 0.490234375
0 0.37109375 0.447265625 0.486328125 0.513671875 0.515625 0.462890625 0.3984375 0.396484375
0 0.427734375 0.20703125 0.5859375 0.294921875 0.61328125 0.24609375 0.455078125 0.15625
0 0.607421875 0.3046875 0.76953125 0.396484375 0.798828125 0.34765625 0.634765625 0.25390625
0 0.05078125 0.615234375 0 0.5859375 0 0.64453125 0.025390625 0.66015625 0.03515625 0.64453125
0 0.474609375 0.697265625 0.640625 0.7890625 0.6640625 0.74609375 0.498046875 0.65234375
0 0.130859375 0.509765625 0.4453125 0.6875 0.474609375 0.638671875 0.158203125 0.458984375
0 0.2890625 0.7421875 0.3046875 0.71484375 0.115234375 0.607421875 0.099609375 0.634765625
0 0.099609375 0.634765625 0.072265625 0.685546875 0.271484375 0.798828125 0.30078125 0.748046875
0 0.537109375 0.88671875 0.55078125 0.861328125 0.3359375 0.740234375 0.322265625 0.763671875
0 0.322265625 0.763671875 0.294921875 0.810546875 0.517578125 0.935546875 0.54296875 0.890625
0 0.720703125 0.79296875 0.62109375 0.96875 0.5703125 0.94140625 0.544921875 0.986328125 0.568359375 1 0.62890625 1 0.638671875 0.984375 0.662109375 0.99609375 0.763671875 0.81640625
0 0.697265625 0.619140625 0.728515625 0.63671875 0.72265625 0.6484375 0.763671875 0.671875 0.771484375 0.66015625 0.80859375 0.681640625 0.83203125 0.638671875 0.81640625 0.630859375 0.814453125 0.623046875 0.8125 0.615234375 0.80859375 0.609375 0.8046875 0.603515625 0.798828125 0.599609375 0.79296875 0.595703125 0.787109375 0.591796875 0.78125 0.58984375 0.7734375 0.58984375 0.765625 0.58984375 0.759765625 0.591796875 0.751953125 0.59375 0.720703125 0.576171875
0 0.935546875 0.775390625 0.90234375 0.8359375 0.91796875 0.84375 0.912109375 0.85546875 0.984375 0.896484375 0.990234375 0.884765625 1 0.888671875 1 0.810546875 0.98046875 0.80078125
0 0.798828125 0.95703125 0.869140625 0.998046875 0.94140625 0.87109375 0.912109375 0.85546875 0.91796875 0.84375 0.90234375 0.8359375 0.935546875 0.775390625 0.98046875 0.80078125 1 0.765625 1 0.599609375
0 0.05078125 0.89453125 0.025390625 0.880859375 0.03125 0.87109375 0 0.8515625 0 0.943359375 0.017578125 0.953125 0.01953125 0.94921875
0 0.111328125 0.94921875 0.080078125 1 0.201171875 1
0 0.03125 0.87109375 0.025390625 0.880859375 0.05078125 0.89453125 0.01953125 0.94921875 0.087890625 0.98828125 0.111328125 0.94921875 0.201171875 1 0.275390625 1 0 0.84375 0 0.8515625
0 0.15625 0.41015625 0.25 0.462890625 0.375 0.240234375 0.283203125 0.1875
0 0.193359375 0.28515625 0.234375 0.2109375 0.185546875 0.18359375 0.068359375 0.390625 0.1171875 0.41796875 0.158203125 0.34765625 0.173828125 0.357421875 0.208984375 0.294921875
0 0.9140625 0.537109375 0.939453125 0.494140625 0.83984375 0.435546875 0.814453125 0.478515625 0.9140625 0.537109375