0 0.49609375 0.833984375 0.474609375 0.833984375 0.474609375 0.869140625 0.46875 0.869140625 0.46875 0.876953125 0.435546875 0.875 0.435546875 0.9140625 0.59375 0.916015625 0.59375 0.876953125 0.568359375 0.876953125 0.5703125 0.8359375 0.537109375 0.8359375 0.537109375 0.87109375 0.49609375 0.87109375 0.49609375 0.865234375
0 0.8359375 0.849609375 0.8359375 0.884765625 0.79296875 0.8828125 0.79296875 0.859375 0.7734375 0.857421875 0.7734375 0.8828125 0.736328125 0.8828125 0.736328125 0.8515625 0.712890625 0.8515625 0.712890625 0.8828125 0.6953125 0.8828125 0.6953125 0.892578125 0.669921875 0.890625 0.669921875 0.92578125 0.888671875 0.927734375 0.890625 0.89453125 0.873046875 0.89453125 0.873046875 0.884765625 0.857421875 0.884765625 0.857421875 0.849609375
0 0.240234375 0.89453125 0.248046875 0.92578125 0.21484375 0.935546875 0.208984375 0.908203125 0.1875 0.9140625 0.189453125 0.923828125 0.177734375 0.927734375 0.181640625 0.943359375 0.154296875 0.94921875 0.146484375 0.91796875 0.123046875 0.923828125 0.130859375 0.955078125 0.115234375 0.958984375 0.1171875 0.96875 0.09375 0.974609375 0.09765625 1 0.140625 1 0.3125 0.95703125 0.302734375 0.923828125 0.287109375 0.927734375 0.28515625 0.91796875 0.26953125 0.921875 0.26171875 0.888671875
0 0.650390625 0.20703125 0.80859375 0.208984375 0.80859375 0.1328125 0.65234375 0.130859375
0 0.044921875 0.154296875 0.2109375 0.115234375 0.1953125 0.04296875 0.02734375 0.083984375
0 0.26953125 0.103515625 0.439453125 0.08203125 0.4296875 0.0078125 0.259765625 0.03125
0 0.482421875 0.083984375 0.646484375 0.06640625 0.638671875 0 0.556640625 0 0.474609375 0.0078125
0 0.6953125 0.0703125 0.861328125 0.060546875 0.857421875 0 0.69140625 0
0 0.447265625 0.228515625 0.61328125 0.20703125 0.603515625 0.142578125 0.4375 0.1640625
0 0.29296875 0.25 0.40234375 0.234375 0.392578125 0.162109375 0.283203125 0.177734375
0 0.22265625 0.185546875 0.05078125 0.228515625 0.068359375 0.298828125 0.240234375 0.25390625
0 0.02734375 0.486328125 0.017578125 0.42578125 0 0.427734375 0 0.490234375
0 0.0625 0.478515625 0.205078125 0.44140625 0.189453125 0.380859375 0.046875 0.41796875
0 0.234375 0.44140625 0.384765625 0.416015625 0.375 0.361328125 0.2265625 0.38671875
0 0.41015625 0.412109375 0.552734375 0.39453125 0.546875 0.34375 0.40234375 0.36328125
0 0.591796875 0.404296875 0.74609375 0.376953125 0.736328125 0.322265625 0.58203125 0.349609375
0 0.5859375 0.53125 0.72265625 0.5078125 0.71484375 0.458984375 0.576171875 0.484375
0 0.787109375 0.51171875 0.90625 0.43359375 0.87109375 0.37890625 0.751953125 0.45703125
0 0.412109375 0.56640625 0.5546875 0.546875 0.544921875 0.482421875 0.404296875 0.50390625
0 0.359375 0.564453125 0.359375 0.515625 0.224609375 0.513671875 0.22265625 0.5625
0 0.0546875 0.623046875 0.18359375 0.5703125 0.158203125 0.513671875 0.03125 0.568359375
0 0.998046875 0.9921875 1 0.916015625 0.951171875 0.916015625 0.951171875 0.9921875 0.998046875 0.9921875
0 0.998046875 0.64453125 0.998046875 0.568359375 0.953125 0.568359375 0.953125 0.64453125 0.998046875 0.64453125
0 0.998046875 0.240234375 1 0.171875 0.955078125 0.171875 0.955078125 0.240234375 0.998046875 0.240234375
0 1 0.0546875 1 0 0.9609375 0 0.9609375 0.0546875 1 0.0546875
0 0.998046875 0.46875 1 0.380859375 0.953125 0.380859375 0.953125 0.46875 0.998046875 0.46875