0 0 0.7734375 0 0.86328125 0.013671875 0.873046875 0.056640625 0.814453125
0 0.111328125 0.73828125 0.013671875 0.873046875 0.068359375 0.912109375 0.1640625 0.779296875
0 0.96484375 0.3984375 0.931640625 0.373046875 0.880859375 0.435546875 0.9296875 0.474609375 0.95703125 0.44140625 1 0.474609375 1 0.3671875 0.994140625 0.36328125
0 0.83984375 0.412109375 0.505859375 0.826171875 0.5625 0.873046875 0.5859375 0.84375 0.572265625 0.83203125 0.623046875 0.76953125 0.63671875 0.78125 0.755859375 0.634765625 0.744140625 0.625 0.794921875 0.5625 0.806640625 0.5703125 0.896484375 0.458984375
0 0.953125 0.619140625 0.91796875 0.66015625 0.98828125 0.716796875 0.982421875 0.724609375 1 0.73828125 1 0.65625
0 0.900390625 0.81640625 0.90625 0.80859375 0.837890625 0.751953125 0.802734375 0.79296875 0.873046875 0.849609375 0.8671875 0.857421875 1 0.966796875 1 0.89453125
0 0.791015625 0.9609375 0.798828125 0.951171875 0.728515625 0.89453125 0.6953125 0.9375 0.763671875 0.994140625 0.7578125 1 0.837890625 1
0 0.87890625 0.951171875 0.939453125 1 1 1 1 0.99609375 0.904296875 0.919921875
0 0.79296875 0.6640625 0.8203125 0.630859375 0.8671875 0.66796875 0.919921875 0.603515625 0.857421875 0.552734375 0.828125 0.58984375 0.794921875 0.5625 0.744140625 0.625 0.755859375 0.634765625
0 0.619140625 0.87109375 0.646484375 0.837890625 0.693359375 0.875 0.74609375 0.810546875 0.68359375 0.759765625 0.65625 0.796875 0.623046875 0.76953125 0.572265625 0.83203125 0.5859375 0.84375
0 0.470703125 0.9765625 0.498046875 1 0.59765625 1 0.509765625 0.927734375
0 0.505859375 0.826171875 0.388671875 0.96875 0.42578125 1 0.44140625 1 0.552734375 0.86328125
0 0.396484375 0.9765625 0.376953125 1 0.42578125 1
0 0.962890625 0.8125 1 0.83984375 1 0.78515625 0.98828125 0.77734375
0 0.7734375 0.75 0.798828125 0.716796875 0.7578125 0.685546875 0.732421875 0.71875 0.7734375 0.75