0 0.505859375 0.916015625 0.56640625 0.892578125 0.490234375 0.685546875 0.427734375 0.70703125
0 0.587890625 0.892578125 0.5 0.927734375 0.52734375 1 0.630859375 1
0 0.880859375 1 0.982421875 1 0.962890625 0.95703125 0.87890625 0.994140625
0 0.876953125 0.775390625 0.970703125 0.736328125 0.9375 0.65625 0.84375 0.697265625
0 0.73828125 0.830078125 0.826171875 0.794921875 0.796875 0.716796875 0.708984375 0.751953125
0 0.798828125 0.98046875 0.87890625 0.94921875 0.849609375 0.87890625 0.771484375 0.91015625
0 0.68359375 0.708984375 0.7265625 0.69140625 0.720703125 0.673828125 0.67578125 0.69140625
0 0.734375 0.6875 0.75390625 0.6796875 0.75 0.66796875 0.73046875 0.67578125
0 0.662109375 0.712890625 0.671875 0.708984375 0.6484375 0.646484375 0.638671875 0.650390625
0 0.6640625 0.671875 0.671875 0.669921875 0.666015625 0.65234375 0.658203125 0.654296875
0 0.685546875 0.658203125 0.67578125 0.662109375 0.685546875 0.6875 0.6953125 0.68359375
0 0.630859375 0.603515625 0.716796875 0.576171875 0.697265625 0.515625 0.611328125 0.541015625
0 0.73046875 0.560546875 0.81640625 0.53125 0.794921875 0.46875 0.708984375 0.498046875
0 0.94921875 0.46875 1 0.4375 1 0.384765625 0.994140625 0.376953125 0.919921875 0.421875
0 0.84375 0.515625 0.92578125 0.48046875 0.904296875 0.427734375 0.8203125 0.4609375
0 0.658203125 1 0.68359375 1 0.529296875 0.611328125 0.5078125 0.619140625
0 0.97265625 0.34375 0.958984375 0.3203125 0.916015625 0.345703125 0.9296875 0.37109375 0.97265625 0.34375
0 0.390625 0.560546875 0.37890625 0.513671875 0.228515625 0.552734375 0.240234375 0.59765625 0.390625 0.560546875
0 0.208984375 0.69921875 0.1796875 0.580078125 0.142578125 0.58984375 0.173828125 0.708984375 0.208984375 0.69921875