0 0.306640625 1 0.466796875 1 0.32421875 0.951171875 0.310546875 0.990234375
0 0.220703125 0.703125 0.201171875 0.763671875 0.361328125 0.818359375 0.3828125 0.7578125
0 0.330078125 0.931640625 0.15625 0.873046875 0.13671875 0.931640625 0.310546875 0.990234375 0.32421875 0.951171875
0 0.388671875 0.84765625 0.53125 0.896484375 0.548828125 0.841796875 0.40625 0.794921875
0 0.01953125 0.60546875 0.162109375 0.654296875 0.181640625 0.59375 0.041015625 0.544921875
0 0.6953125 0.791015625 0.693359375 0.736328125 0.330078125 0.49609375 0.296875 0.544921875 0.646484375 0.775390625 0.625 0.806640625 0.666015625 0.833984375 0.6875 0.802734375
0 0.25 0.51953125 0.283203125 0.470703125 0.044921875 0.3046875 0.01171875 0.353515625
0 0.583984375 0.982421875 0.650390625 0.8515625 0.6015625 0.828125 0.53515625 0.95703125
0 0.759765625 0.0234375 0.7578125 0.076171875 0.73046875 0.07421875 0.728515625 0.115234375 0.755859375 0.115234375 0.75390625 0.166015625 0.779296875 0.166015625 0.787109375 0.025390625
0 0.728515625 0.18359375 0.71484375 0.294921875 0.76171875 0.30078125 0.771484375 0.23046875 0.796875 0.234375 0.802734375 0.193359375
0 0.810546875 0.171875 0.849609375 0.173828125 0.8515625 0.142578125 0.8125 0.140625
0 0.912109375 0.361328125 0.814453125 0.28125 0.79296875 0.306640625 0.890625 0.388671875 0.90625 0.369140625
0 0.90625 0.369140625 0.86328125 0.419921875 0.86328125 0.42578125 0.880859375 0.44140625 0.927734375 0.384765625
0 0.828125 0.390625 0.82421875 0.427734375 0.86328125 0.431640625 0.865234375 0.392578125
0 0.802734375 0.328125 0.73046875 0.310546875 0.716796875 0.375 0.7890625 0.390625 0.798828125 0.34375
0 0.798828125 0.34375 0.7890625 0.390625 0.787109375 0.416015625 0.826171875 0.419921875 0.830078125 0.345703125
0 0.712890625 0.486328125 0.794921875 0.4921875 0.796875 0.447265625 0.716796875 0.44140625
0 0.6953125 0.49609375 0.69140625 0.541015625 0.79296875 0.55078125 0.794921875 0.525390625 0.814453125 0.52734375 0.81640625 0.5078125
0 0.96484375 0.53125 0.92578125 0.56640625 1 0.64453125 1 0.568359375
0 0.966796875 0.474609375 0.982421875 0.490234375 0.974609375 0.498046875 1 0.5234375 1 0.44140625
0 1 0.8515625 1 0.7890625 0.857421875 0.705078125 0.830078125 0.751953125
0 0.03125 0.572265625 0.0390625 0.494140625 0 0.490234375 0 0.56640625
0 0.982421875 0.998046875 0.982421875 0.966796875 0.8984375 0.966796875 0.900390625 1
0 0.873046875 0.66796875 0.90625 0.615234375 0.876953125 0.595703125 0.84375 0.6484375
0 0 0.7855634652509653 0.12219473938223935 0.8242639961389961 0.14858832046332043 0.7654440154440154 0.021484375 0.7250165902509653