0 0.263671875 0.041015625 0.263671875 0.056640625 0.251953125 0.056640625 0.251953125 0.087890625 0.20703125 0.087890625 0.20703125 0.056640625 0.193359375 0.056640625 0.193359375 0.041015625 0.14453125 0.041015625 0.14453125 0.07421875 0.103515625 0.07421875 0.103515625 0.134765625 0.337890625 0.134765625 0.337890625 0.07421875 0.306640625 0.07421875 0.306640625 0.041015625
0 0.02734375 0.16796875 0.02734375 0.212890625 0 0.212890625 0 0.26171875 0.1015625 0.26171875 0.1015625 0.189453125 0.078125 0.189453125 0.078125 0.16796875
0 0 0.7578125 0 0.828125 0.05078125 0.828125 0.05078125 0.76953125 0.013671875 0.76953125 0.013671875 0.7578125
0 0.0390625 0.638671875 0.0390625 0.57421875 0 0.57421875 0 0.638671875
0 0.041015625 0.9609375 0 0.9609375 0 1 0.041015625 1
0 0.01953125 0.45703125 0.01953125 0.3984375 0 0.3984375 0 0.45703125
0 0.5234375 0.8203125 0.62109375 0.8203125 0.62109375 0.755859375 0.5234375 0.755859375
0 0.412109375 0.771484375 0.412109375 0.7890625 0.35546875 0.7890625 0.35546875 0.84375 0.482421875 0.84375 0.482421875 0.7890625 0.427734375 0.7890625 0.427734375 0.771484375
0 0.73828125 0.728515625 0.73828125 0.751953125 0.705078125 0.751953125 0.705078125 0.8046875 0.791015625 0.8046875 0.791015625 0.751953125 0.76171875 0.751953125 0.76171875 0.728515625
0 0.8203125 0.98828125 0.9140625 0.98828125 0.9140625 0.939453125 0.8203125 0.939453125
0 0.486328125 1 0.58984375 1 0.58984375 0.943359375 0.486328125 0.943359375
0 0.642578125 1 0.740234375 1 0.740234375 0.943359375 0.642578125 0.943359375
0 0.28125 0.93359375 0.28125 0.9453125 0.244140625 0.9453125 0.244140625 0.95703125 0.1875 0.95703125 0.1875 0.9453125 0.166015625 0.9453125 0.166015625 0.93359375 0.146484375 0.93359375 0.146484375 0.9453125 0.1171875 0.9453125 0.1171875 0.95703125 0.09375 0.95703125 0.09375 1 0.20703125 1 0.34375 1 0.34375 0.95703125 0.318359375 0.95703125 0.318359375 0.9453125 0.3046875 0.9453125 0.3046875 0.93359375
0 0.259765625 0.353515625 0.259765625 0.36328125 0.173828125 0.36328125 0.173828125 0.353515625 0.083984375 0.353515625 0.083984375 0.423828125 0.30859375 0.423828125 0.30859375 0.353515625
0 0.232421875 0.646484375 0.232421875 0.662109375 0.193359375 0.662109375 0.193359375 0.646484375 0.111328125 0.646484375 0.111328125 0.662109375 0.08984375 0.662109375 0.08984375 0.7109375 0.337890625 0.7109375 0.337890625 0.662109375 0.310546875 0.662109375 0.310546875 0.646484375
0 0.634765625 0.5390625 0.634765625 0.556640625 0.56640625 0.556640625 0.56640625 0.5390625 0.54296875 0.5390625 0.54296875 0.556640625 0.501953125 0.556640625 0.501953125 0.61328125 0.685546875 0.61328125 0.685546875 0.556640625 0.646484375 0.556640625 0.646484375 0.5390625
0 0.349609375 0.5234375 0.447265625 0.5234375 0.447265625 0.462890625 0.349609375 0.462890625
0 0.4140625 0.232421875 0.4140625 0.263671875 0.357421875 0.263671875 0.357421875 0.298828125 0.375 0.298828125 0.375 0.330078125 0.49609375 0.330078125 0.49609375 0.263671875 0.46484375 0.263671875 0.46484375 0.232421875
0 0.447265625 0.205078125 0.48046875 0.181640625 0.375 0.033203125 0.33984375 0.056640625