0 0.037109375 0.283203125 0.0625 0.234375 0.0234375 0.21484375 0.03125 0.201171875 0 0.185546875 0 0.263671875
0 0.203125 0.12890625 0.18359375 0.19921875 0.21484375 0.20703125 0.220703125 0.19140625 0.357421875 0.23046875 0.37109375 0.17578125
0 0.388671875 0.24609375 0.57421875 0.294921875 0.58984375 0.23828125 0.404296875 0.1875
0 0.6328125 0.3125 0.828125 0.357421875 0.84375 0.298828125 0.646484375 0.25390625
0 0.875 0.3125 0.86328125 0.3671875 0.998046875 0.396484375 0.994140625 0.412109375 1 0.412109375 1 0.337890625
0 0.7421875 0.162109375 1 0.224609375 1 0.158203125 0.755859375 0.099609375
0 1 0.82421875 1 0.7109375 0.974609375 0.697265625 0.92578125 0.78515625
0 0.888671875 0.466796875 0.884765625 0.4765625 0.85546875 0.470703125 0.853515625 0.48046875 0.828125 0.474609375 0.818359375 0.51953125 1 0.560546875 1 0.5 0.994140625 0.5 0.99609375 0.4921875 0.962890625 0.484375 0.9609375 0.494140625 0.90625 0.48046875 0.908203125 0.47265625
0 0.83203125 0.595703125 0.80078125 0.75 0.87109375 0.78125 0.88671875 0.697265625 0.90625 0.701171875 0.923828125 0.615234375
0 0.55859375 0.607421875 0.748046875 0.7109375 0.779296875 0.65234375 0.73046875 0.626953125 0.73828125 0.61328125 0.712890625 0.6015625 0.70703125 0.61328125 0.6640625 0.58984375 0.671875 0.578125 0.63671875 0.55859375 0.62890625 0.5703125 0.58984375 0.548828125
0 0.666015625 0.50390625 0.78125 0.52734375 0.79296875 0.478515625 0.677734375 0.455078125
0 0.408203125 0.51171875 0.54296875 0.583984375 0.57421875 0.5234375 0.439453125 0.453125
0 0.34375 0.400390625 0.326171875 0.392578125 0.283203125 0.423828125 0.27734375 0.4375 0.384765625 0.49609375 0.419921875 0.427734375 0.349609375 0.390625
0 0.294921875 0.294921875 0.29296875 0.287109375 0.19140625 0.30078125 0.2109375 0.359375 0.27734375 0.349609375 0.279296875 0.34375 0.3515625 0.365234375 0.3671875 0.31640625
0 0.52734375 0.357421875 0.3984375 0.328125 0.38671875 0.375 0.501953125 0.400390625 0.509765625 0.416015625 0.548828125 0.396484375
0 0.5625 0.41796875 0.5546875 0.408203125 0.515625 0.435546875 0.53515625 0.462890625 0.552734375 0.466796875 0.55078125 0.470703125 0.63671875 0.48828125 0.6484375 0.435546875