0 0.767578125 0.806640625 0.9375 0.708984375 0.962890625 0.748046875 0.79296875 0.845703125
0 0.7265625 0.728515625 0.8828125 0.6328125 0.90625 0.669921875 0.75 0.765625
0 0.810546875 0.45703125 0.953125 0.33984375 0.982421875 0.375 0.841796875 0.4921875
0 0.856702302631579 0.5549958881578948 0.882092927631579 0.5374177631578948 0.913342927631579 0.5823396381578948 0.885999177631579 0.5999177631578948
0 0.6938733552631579 0.7817639802631579 0.7329358552631579 0.7622327302631579 0.7700452302631579 0.8344983552631579 0.7309827302631579 0.8559827302631579
0 0.6116365131578947 0 0.7678865131578947 0 0.7678865131578947 0.1015625 0.6116365131578947 0.1015625
0 0.224609375 0.970703125 0.353515625 0.916015625 0.380859375 0.9453125 0.251953125 0.998046875
0 0.396484375 0.96484375 0.525390625 0.927734375 0.546875 0.9609375 0.419921875 1
0 0.193359375 0.02734375 0.37109375 0 0.384765625 0.033203125 0.20703125 0.0625
0 0.06640625 0.765625 0.189453125 0.685546875 0.2109375 0.720703125 0.0859375 0.80078125
0 0 0.5859375 0.123046875 0.5 0.140625 0.533203125 0.015625 0.619140625
0 0.015625 0.677734375 0.130859375 0.607421875 0.15234375 0.638671875 0.037109375 0.708984375
0 0 0.47265625 0.083984375 0.412109375 0.103515625 0.447265625 0.017578125 0.5078125
0 0 0.349609375 0.0390625 0.32421875 0.056640625 0.3671875 0.015625 0.39453125
0 0.212890625 0.681640625 0.3828125 0.576171875 0.400390625 0.607421875 0.232421875 0.71484375
0 0.06640625 0.341796875 0.201171875 0.259765625 0.22265625 0.29296875 0.087890625 0.375
0 0.0078125 0.25390625 0.146484375 0.17578125 0.16796875 0.20703125 0.03125 0.283203125
0 0.11328125 0.859375 0.244140625 0.779296875 0.265625 0.81640625 0.134765625 0.89453125
0 0.26768092105263164 0.7754934210526315 0.30910773026315785 0.7475328947368421 0.32863898026315785 0.7826891447368421 0.28721217105263164 0.8042763157894736
0 0.37746710526315785 0.696751644736842 0.5719572368421053 0.587376644736842 0.5914884868421053 0.6274671052631579 0.40676398026315785 0.737767269736842
0 0.404296875 0.556640625 0.5703125 0.458984375 0.591796875 0.4921875 0.423828125 0.587890625
0 0.25 0.279296875 0.380859375 0.203125 0.40234375 0.232421875 0.271484375 0.30859375
0 0.501953125 0.794921875 0.642578125 0.73828125 0.6875 0.810546875 0.546875 0.865234375
0 0.46875 0.734375 0.611328125 0.6640625 0.640625 0.71875 0.49609375 0.7890625
0 0.7677837171052632 0.2135074013157895 0.8009868421052632 0.1861636513157895 0.8634868421052632 0.2623355263157896 0.8302837171052632 0.2896792763157896
0 0.30386513157894746 0.7313939144736842 0.3838404605263158 0.6983963815789473 0.40645559210526316 0.738486842105263 0.33511513157894746 0.7821751644736842
0 0.3203125 0.822265625 0.447265625 0.755859375 0.46875 0.794921875 0.337890625 0.861328125
0 0.826891447368421 0.31393914473684215 0.9029605263157895 0.2368421052631579 0.9451069078947368 0.3046875 0.877467105263158 0.3877467105263158
0 0.861328125 0.162109375 0.955078125 0.10546875 0.982421875 0.150390625 0.888671875 0.20703125
0 0.001953125 0.05078125 0.150390625 0.0078125 0.16796875 0.05078125 0.017578125 0.09765625
0 0.357421875 0.466796875 0.51171875 0.37109375 0.529296875 0.400390625 0.375 0.49609375
0 0.291015625 0.37890625 0.42578125 0.294921875 0.447265625 0.328125 0.3125 0.41015625
0 0.3671875 0.896484375 0.478515625 0.837890625 0.5 0.880859375 0.38671875 0.935546875
0 0.55078125 0.91015625 0.708984375 0.818359375 0.73828125 0.859375 0.578125 0.951171875
0 0.19140625 0.193359375 0.322265625 0.119140625 0.34375 0.150390625 0.2109375 0.224609375
0 0.162109375 0.587890625 0.33203125 0.48046875 0.35546875 0.513671875 0.18359375 0.62109375
0 0.138671875 0.4140625 0.23046875 0.353515625 0.263671875 0.40625 0.173828125 0.46484375
0 0.15625 0.927734375 0.296875 0.84765625 0.3203125 0.884765625 0.177734375 0.96484375
0 0.6036184210526314 0.5913856907894737 0.7872121710526314 0.4781044407894737 0.8106496710526314 0.5191200657894737 0.6270559210526314 0.6324013157894737
0 0.65625 0.658203125 0.830078125 0.556640625 0.853515625 0.59375 0.6796875 0.6953125
0 0.705078125 0.146484375 0.740234375 0.1171875 0.76953125 0.162109375 0.736328125 0.19140625
0 0.020970394736842132 0.983141447368421 0.06517269736842107 0.9564144736842104 0.0343338815789474 0.9214638157894736 0 0.9206264040436456
0 1 0.046875 0.998046875 0 0.890625 0 0.892578125 0.048828125 1 0.046875
0 0.919921875 1 0.919921875 0.970703125 0.841796875 0.970703125 0.841796875 0.998046875 0.919921875 1