0 0.974609375 0.798828125 0.978515625 0.81640625 0.958984375 0.822265625 0.955078125 0.806640625 0.916015625 0.81640625 0.919921875 0.833984375 0.90234375 0.837890625 0.9140625 0.8828125 1 0.857421875 1 0.791015625
0 0.734375 0.001953125 0.720703125 0.0078125 0.734375 0.0546875 0.919921875 0 0.732421875 0
0 0.96875 0.08203125 0.974609375 0.09765625 0.955078125 0.103515625 0.951171875 0.08984375 0.90625 0.1015625 0.91015625 0.1171875 0.89453125 0.123046875 0.888671875 0.107421875 0.849609375 0.119140625 0.853515625 0.134765625 0.837890625 0.138671875 0.83203125 0.12109375 0.796875 0.1328125 0.80078125 0.150390625 0.7890625 0.154296875 0.802734375 0.201171875 1 0.140625 1 0.0703125
0 0.96875 0.267578125 0.97265625 0.28125 0.94921875 0.2890625 0.943359375 0.275390625 0.908203125 0.28515625 0.912109375 0.298828125 0.892578125 0.3046875 0.888671875 0.291015625 0.853515625 0.30078125 0.859375 0.31640625 0.845703125 0.3203125 0.859375 0.3671875 1 0.32421875 1 0.255859375
0 0.986328125 0.439453125 0.990234375 0.455078125 0.97265625 0.4609375 0.96875 0.4453125 0.92578125 0.45703125 0.9296875 0.47265625 0.90625 0.48046875 0.90234375 0.462890625 0.853515625 0.478515625 0.857421875 0.494140625 0.841796875 0.498046875 0.857421875 0.548828125 1 0.505859375 1 0.435546875
0 0.958984375 0.62890625 0.962890625 0.642578125 0.939453125 0.650390625 0.935546875 0.634765625 0.88671875 0.6484375 0.892578125 0.6640625 0.875 0.669921875 0.890625 0.720703125 1 0.6875 1 0.615234375
0 0.6796875 0.859375 0.814453125 0.822265625 0.796875 0.7578125 0.662109375 0.794921875
0 0.544921875 0.716796875 0.556640625 0.8828125 0.630859375 0.87109375 0.623046875 0.75 0.78125 0.693359375 0.765625 0.642578125
0 0.57421875 1 0.701171875 1 0.71484375 0.970703125 0.642578125 0.939453125 0.630859375 0.87109375 0.556640625 0.8828125
0 0.244140625 0.52734375 0.25390625 0.4921875 0.22265625 0.482421875 0.1953125 0.583984375 0.43359375 0.646484375 0.451171875 0.580078125
0 0.71875 0.48828125 0.671875 0.49609375 0.6796875 0.537109375 0.451171875 0.580078125 0.462890625 0.638671875 0.736328125 0.5859375
0 0.208984375 0.68359375 0.220703125 0.64453125 0.18359375 0.6328125 0.150390625 0.740234375 0.388671875 0.810546875 0.408203125 0.744140625
0 0.181640625 0.80078125 0.138671875 0.7890625 0.11328125 0.87109375 0.4375 0.966796875 0.4765625 0.8359375 0.421875 0.8203125 0.3984375 0.900390625 0.171875 0.83203125
0 0.51953125 0.021484375 0.50390625 0.068359375 0.5234375 0.076171875 0.49609375 0.16015625 0.599609375 0.1953125 0.625 0.115234375 0.640625 0.12109375 0.658203125 0.06640625
0 0.333984375 0.169921875 0.318359375 0.21875 0.337890625 0.224609375 0.310546875 0.310546875 0.412109375 0.34375 0.4375 0.265625 0.455078125 0.26953125 0.47265625 0.21484375
0 0.443359375 0.451171875 0.453125 0.505859375 0.68359375 0.46484375 0.673828125 0.41015625
0 0.26171875 0.45703125 0.41015625 0.5 0.427734375 0.44140625 0.27734375 0.3984375
0 0.017578125 0.197265625 0.078125 0 0 0 0 0.19140625
0 0 0.265625 0 0.4140625 0.03515625 0.42578125 0.060546875 0.34765625 0.076171875 0.3515625 0.09375 0.298828125
0 0.76953125 0.365234375 0.748046875 0.2421875 0.630859375 0.26171875 0.65234375 0.38671875 0.76953125 0.365234375
0 0.6328125 0.314453125 0.630859375 0.2421875 0.501953125 0.244140625 0.50390625 0.318359375 0.6328125 0.314453125