0 0.265625 0.251953125 0.265625 0.205078125 0 0.2109375 0 0.2578125
0 0.259765625 0.33203125 0.2578125 0.28125 0 0.287109375 0 0.3359375
0 0.302734375 0.310546875 0.458984375 0.30859375 0.45703125 0.208984375 0.30078125 0.212890625
0 0 0.07421875 0 0.150390625 0.03515625 0.150390625 0.03125 0.07421875
0 0.2109375 0.0859375 0.2109375 0.05859375 0.115234375 0.05859375 0.115234375 0.1328125 0.216796875 0.1328125 0.216796875 0.115234375 0.224609375 0.115234375 0.224609375 0.0859375
0 0.30078125 0.154296875 0.32421875 0.154296875 0.32421875 0.08984375 0.298828125 0.08984375
0 0.384765625 0.1640625 0.408203125 0.162109375 0.40234375 0.091796875 0.37890625 0.09375
0 0.396484375 0.0546875 0.439453125 0.05078125 0.43359375 0 0.390625 0 0.392578125 0.017578125
0 0.390625 0 0.34765625 0 0.3515625 0.021484375 0.392578125 0.017578125
0 0.95703125 0 0.90234375 0 0.904296875 0.03515625 0.958984375 0.033203125 0.95703125 0.0078125
0 0.845703125 0.005859375 0.796875 0.0078125 0.798828125 0.044921875 0.84765625 0.04296875 0.84765625 0.037109375
0 0.95703125 0.0078125 0.958984375 0.048828125 1 0.046875 1 0.005859375
0 1 0.1015625 1 0.083984375 0.892578125 0.083984375 0.892578125 0.1015625
0 0.91015625 0.169921875 0.9140625 0.275390625 1 0.26953125 1 0.166015625
0 0.583984375 0.267578125 0.599609375 0.287109375 0.830078125 0.28125 0.828125 0.208984375 0.791015625 0.2109375 0.7890625 0.123046875 0.533203125 0.130859375 0.53515625 0.240234375 0.515625 0.265625 0.5390625 0.2890625 0.544921875 0.279296875 0.552734375 0.267578125
0 0.560546875 0.916015625 0.6328125 0.916015625 0.6328125 0.88671875 0.560546875 0.888671875
0 0.640625 0.904296875 0.67578125 0.904296875 0.677734375 0.8828125 0.640625 0.8828125
0 0.548828125 0.859375 0.623046875 0.857421875 0.623046875 0.83984375 0.546875 0.841796875
0 0.552734375 0.83203125 0.626953125 0.83203125 0.626953125 0.810546875 0.552734375 0.810546875
0 0.384765625 0.759765625 0.388671875 0.767578125 0.43359375 0.767578125 0.671875 0.759765625 0.669921875 0.70703125 0.4140625 0.72265625
0 0.658203125 0.630859375 0.435546875 0.634765625 0.4375 0.720703125 0.66015625 0.70703125
0 0.748046875 0.75 0.79296875 0.751953125 0.79296875 0.70703125 0.748046875 0.705078125
0 0.8046875 0.75390625 0.8828125 0.7578125 0.884765625 0.703125 0.806640625 0.701171875
0 0.892578125 0.7578125 0.97265625 0.7578125 0.97265625 0.701171875 0.892578125 0.701171875
0 0.98046875 0.755859375 1 0.75390625 1 0.6953125 0.98046875 0.6953125
0 0.720703125 0.67578125 0.748046875 0.67578125 0.748046875 0.62109375 0.720703125 0.62109375
0 0.751953125 0.6796875 0.802734375 0.6796875 0.802734375 0.62109375 0.751953125 0.62109375
0 0.900390625 0.6796875 0.900390625 0.62109375 0.853515625 0.62109375 0.853515625 0.6796875
0 0.853515625 0.62109375 0.802734375 0.62109375 0.802734375 0.6796875 0.853515625 0.6796875
0 0.947265625 0.62109375 0.900390625 0.62109375 0.900390625 0.6796875 0.947265625 0.6796875
0 0.947265625 0.615234375 0.947265625 0.669921875 1 0.669921875 1 0.615234375
0 0.6484375 0.947265625 0.552734375 0.94921875 0.552734375 1 0.6484375 1
0 0.7890625 0.107421875 0.837890625 0.103515625 0.8359375 0.076171875 0.7890625 0.078125 0.7890625 0.099609375
0 0.7890625 0.078125 0.7578125 0.080078125 0.7578125 0.1015625 0.7890625 0.099609375
0 0.84375 0.12890625 0.8671875 0.126953125 0.865234375 0.083984375 0.841796875 0.0859375
0 0.373046875 0.974609375 0.490234375 0.9765625 0.4921875 0.8125 0.375 0.8125 0.375 0.892578125
0 0.95703125 0.982421875 0.732421875 0.98046875 0.732421875 1 0.955078125 1
0 0.822265625 0.853515625 0.822265625 0.8203125 0.91796875 0.8203125 0.91796875 0.888671875 0.822265625 0.888671875 0.822265625 0.85546875 0.78515625 0.85546875 0.783203125 0.89453125 0.734375 0.892578125 0.734375 0.923828125 0.94921875 0.92578125 0.951171875 0.794921875 0.736328125 0.79296875 0.734375 0.81640625 0.78515625 0.818359375 0.78515625 0.853515625
0 1 0.611328125 1 0.57421875 0.720703125 0.580078125 0.720703125 0.6171875 1 0.611328125