0 0.5470805921052632 0.8336759868421052 0.7111430921052632 0.8258634868421052 0.7170024671052632 0.9547697368421052 0.5529399671052632 0.9625822368421052
0 0.43359375 0.9375 0.44921875 0.908203125 0.58984375 0.96484375 0.572265625 0.99609375
0 0.5757286125886525 0.9824218750000001 0.5874473625886525 0.9687500000000001 0.6675254875886525 0.9863281250000001 0.6538536125886525 1
0 0.6973764406028369 0.9999999999999999 0.6973764406028369 0.953125 0.7208139406028369 0.953125 0.7208139406028369 0.9999999999999999
0 0.28425587322695034 0.8717032358156028 0.29792774822695034 0.8463126108156028 0.37995899822695034 0.8873282358156028 0.36628712322695034 0.9127188608156028
0 0.36987477836879434 0.9108904033687943 0.38354665336879434 0.8854997783687943 0.44995290336879434 0.9187029033687943 0.43628102836879434 0.9440935283687943
0 0.15922816932624115 0.8119874778368794 0.16899379432624115 0.7905031028368794 0.20805629432624115 0.8100343528368794 0.19633754432624115 0.8295656028368794
0 0.1015625 0.908203125 0.11328125 0.88671875 0.3359375 0.9765625 0.322265625 0.998046875
0 0.6274379432624114 0.7098570478723405 0.5484818262411347 0.6475232712765958 0.5879598847517731 0.6080452127659575 0.7399711879432624 0.6044714095744681 0.805435505319149 0.7140126329787234 0.7424091312056738 0.7188608156028369
0 0.6710715868794327 0.810976285460993 0.6378269060283688 0.7188608156028369 0.7957391400709221 0.7216312056737589 0.8553025265957447 0.7936613475177305 0.8172096631205674 0.8269060283687943
0 0.158203125 0.271484375 0.46875 0.271484375 0.46875 0.37109375 0.158203125 0.37109375
0 0.8288453014184397 0.9921875 0.8386109264184397 0.958984375 0.8659546764184397 0.966796875 0.8581421764184397 0.9999999999999999
0 0.85546875 0.888921210106383 0.8671875 0.810796210106383 0.9999999999999999 0.842046210106383 0.986328125 0.920171210106383
0 0.36632867907801414 0.8836990248226951 0.19110150709219856 0.7964317375886525 0.2257313829787234 0.7361757535460993 0.30815048758865243 0.7361757535460993 0.5401845079787231 0.8365608377659575 0.5050282579787235 0.8971077127659575
0 0.5504626551418439 0.7134447030141844 0.6031970301418439 0.6880540780141844 0.6481189051418439 0.7837572030141844 0.5953845301418439 0.8091478280141844
0 0.005859375 0.564453125 0.10546875 0.533203125 0.201171875 0.666015625 0.099609375 0.697265625
0 0.1960050975177305 0.5730690381205674 0.2409269725177305 0.5281471631205674 0.5182707225177305 0.6297096631205674 0.4753019725177305 0.6746315381205674
0 0.8636136968085107 0.7320201684397164 0.8692652925531915 0.6896886081560284 0.8868434175531915 0.6935948581560284 0.8809840425531915 0.7346104831560284
0 0.5995955230496454 0.4592891179078014 0.6308455230496454 0.3870234929078014 0.9374861480496454 0.4241328679078014 0.9101423980496454 0.4983516179078014
0 0.5484818262411347 0.26797983156028365 0.48268506205673756 0.2437389184397163 0.5207779255319149 0.18763851950354607 0.6452792553191489 0.17892564273049646 0.7527011303191489 0.19650376773049646 0.7390292553191489 0.2726756427304965
0 0.607421875 0 0.837890625 0 0.837890625 0.029296875 0.607421875 0.029296875
0 0 0.099609375 0.10546875 0.08984375 0.12109375 0.271484375 0.01171875 0.279296875
0 0.3984375 0.064453125 0.50390625 0.064453125 0.50390625 0.216796875 0.3984375 0.216796875