0 1 0.681640625 1 0.57421875 0.916015625 0.59375 0.9375 0.6953125 0.9921875 0.68359375
0 0.9921875 0.68359375 0.9375 0.6953125 0.98046875 0.896484375 1 0.890625 1 0.71875
0 0.943359375 0.419921875 0.962890625 0.498046875 1 0.48828125 1 0.40625
0 0.79296875 0.458984375 0.6171875 0.49609375 0.62890625 0.552734375 0.8046875 0.515625
0 0.59375 0.55859375 0.58203125 0.50390625 0.41015625 0.5390625 0.421875 0.595703125 0.439453125 0.591796875
0 0.490234375 0.85546875 0.4375 0.8671875 0.46484375 1 0.51953125 1
0 0.44140625 0.615234375 0.38671875 0.626953125 0.4375 0.8671875 0.490234375 0.85546875
0 0.935546875 0.08984375 0.837890625 0.111328125 0.849609375 0.166015625 0.947265625 0.146484375
0 0.0390625 0.37109375 0 0.37890625 0 0.4375 0.05078125 0.427734375
0 0.0390625 0.37109375 0.033203125 0.341796875 0 0.34765625 0 0.37890625
0 0.986328125 0.138671875 0.849609375 0.166015625 0.876953125 0.306640625 1 0.279296875 1 0.203125
0 0.431640625 0.037109375 0.4296875 0 0.30078125 0.00390625 0.3046875 0.046875
0 1 0.05078125 0.998046875 0.009765625 0.95703125 0.009765625 0.958984375 0.052734375
0 0.958984375 0.0625 0.951171875 0 0.921875 0 0.9296875 0.06640625