0 0.869140625 0.9609375 0.779296875 0.984375 0.783203125 1 0.87890625 1
0 0.927734375 0.9453125 0.869140625 0.9609375 0.87890625 1 0.91015625 1 0.94140625 0.9921875
0 0.97265625 0.966796875 0.96484375 0.9375 0.943359375 0.943359375 0.951171875 0.97265625
0 0.97265625 0.966796875 0.935546875 0.9765625 0.94140625 0.9921875 0.9765625 0.982421875
0 0.158203125 0.62109375 0.154296875 0.64453125 0.380859375 0.69140625 0.38671875 0.66796875 0.294921875 0.6484375
0 0.076171875 0.658203125 0.0703125 0.658203125 0.06640625 0.677734375 0.212890625 0.705078125 0.21875 0.662109375 0.080078125 0.63671875
0 0.00390625 0.623046875 0 0.64453125 0.06640625 0.65625 0.0703125 0.634765625
0 0.072265625 0.6875 0.0625 0.74609375 0.134765625 0.7578125 0.14453125 0.69921875
0 0.14453125 0.69921875 0.134765625 0.7578125 0.203125 0.76953125 0.212890625 0.7109375
0 0.142578125 0.763671875 0.1171875 0.759765625 0.10546875 0.826171875 0.130859375 0.830078125
0 0.044921875 0.75 0 0.7421875 0 0.796875 0.03515625 0.802734375 0.0390625 0.77734375
0 0.150390625 0.759765625 0.13671875 0.8359375 0.189453125 0.845703125 0.203125 0.76953125
0 0.107421875 0.83203125 0.103515625 0.859375 0.16015625 0.8671875 0.150390625 0.923828125 0.17578125 0.927734375 0.189453125 0.845703125 0.13671875 0.8359375
0 0.044921875 0.947265625 0.1015625 0.958984375 0.107421875 0.9296875 0.052734375 0.916015625
0 0.373046875 0.7890625 0.20703125 0.896484375 0.228515625 0.927734375 0.392578125 0.8203125
0 0.484375 0.748046875 0.576171875 0.6875 0.5625 0.6640625 0.470703125 0.724609375
0 0.470703125 0.724609375 0.373046875 0.7890625 0.392578125 0.8203125 0.490234375 0.755859375
0 0.248046875 0.802734375 0.267578125 0.83203125 0.404296875 0.744140625 0.384765625 0.712890625
0 0.52734375 0.62109375 0.384765625 0.712890625 0.404296875 0.744140625 0.546875 0.650390625
0 0.39453125 0.69921875 0.244140625 0.669921875 0.234375 0.724609375 0.326171875 0.7421875 0.384765625 0.712890625 0.392578125 0.708984375
0 0.0390625 0.77734375 0.03515625 0.802734375 0.0234375 0.80078125 0.017578125 0.841796875 0.060546875 0.84765625 0.0625 0.828125 0.08984375 0.833984375 0.09375 0.8125 0.09765625 0.787109375
0 0.916015625 0.837890625 0.927734375 0.900390625 0.99609375 0.88671875 0.98828125 0.849609375 0.953125 0.85546875 0.94921875 0.83203125
0 0.849609375 0.91796875 0.912109375 0.8984375 0.90234375 0.86328125 0.83984375 0.8828125
0 0.775390625 0.90234375 0.83203125 0.904296875 0.83203125 0.8671875 0.77734375 0.865234375
0 0.7734375 0.921875 0.775390625 0.93359375 0.76171875 0.93359375 0.76171875 0.94921875 0.76953125 0.94921875 0.76953125 0.958984375 0.796875 0.95703125 0.796875 0.94921875 0.8125 0.94921875 0.8125 0.93359375 0.798828125 0.93359375 0.798828125 0.921875
0 0.984375 0.91796875 1 0.9140625 0.99609375 0.88671875 0.978515625 0.888671875
0 0.099609375 0.23046875 0.08984375 0.2265625 0.083984375 0.2421875 0.203125 0.296875 0.21875 0.263671875 0.107421875 0.212890625
0 0.09765625 0.212890625 0 0.166015625 0 0.201171875 0.083984375 0.2421875 0.08984375 0.2265625
0 0.21875 0.302734375 0.40234375 0.408203125 0.419921875 0.376953125 0.236328125 0.271484375
0 0.416015625 0.408203125 0.5078125 0.474609375 0.525390625 0.44921875 0.43359375 0.3828125
0 0.310546875 0.576171875 0.294921875 0.6484375 0.412109375 0.671875 0.427734375 0.599609375
0 0.212890625 0.404296875 0.20703125 0.43359375 0.240234375 0.44140625 0.228515625 0.494140625 0.1953125 0.48828125 0.17578125 0.591796875 0.236328125 0.603515625 0.2734375 0.416015625
0 0.318359375 0.50390625 0.3046875 0.57421875 0.427734375 0.599609375 0.44140625 0.52734375
0 0.31640625 0.439453125 0.3046875 0.5 0.396484375 0.51953125 0.41015625 0.458984375
0 0.142578125 0.423828125 0.1484375 0.39453125 0.125 0.388671875 0.119140625 0.41796875
0 0.080078125 0.3828125 0.07421875 0.408203125 0.119140625 0.41796875 0.125 0.392578125
0 0.07421875 0.32421875 0.09765625 0.33203125 0.103515625 0.30859375 0.08203125 0.30078125
0 0.169921875 0.927734375 0.0703125 0.99609375 0.072265625 1 0.134765625 1 0.193359375 0.9609375
0 0.080078125 0.3828125 0 0.365234375 0 0.390625 0.07421875 0.408203125