0 0.140625 0.373046875 0.376953125 0.40234375 0.384765625 0.328125 0.1484375 0.298828125
0 0.43359375 0.345703125 0.421875 0.427734375 0.51171875 0.439453125 0.4921875 0.595703125 0.578125 0.60546875 0.609375 0.369140625
0 0.703125 0.35546875 0.673828125 0.58984375 0.74609375 0.599609375 0.767578125 0.4375 0.947265625 0.4609375 0.95703125 0.388671875
0 0.810546875 0.5078125 0.806640625 0.564453125 0.83984375 0.568359375 0.837890625 0.6015625 0.912109375 0.607421875 0.9140625 0.57421875 0.951171875 0.578125 0.955078125 0.51953125
0 0.515625 0.658203125 0.46875 0.654296875 0.46484375 0.7109375 0.5 0.71484375 0.49609375 0.75 0.556640625 0.755859375 0.55859375 0.71875 0.630859375 0.724609375 0.626953125 0.759765625 0.6875 0.765625 0.689453125 0.73046875 0.71875 0.732421875 0.72265625 0.67578125 0.6796875 0.671875 0.677734375 0.693359375 0.513671875 0.6796875
0 0.75 0.94921875 0.703125 0.9453125 0.69921875 1 0.953125 1 0.95703125 0.966796875 0.9140625 0.962890625 0.912109375 0.984375 0.748046875 0.970703125
0 0.228515625 0.89453125 0.181640625 0.892578125 0.177734375 0.94921875 0.212890625 0.951171875 0.208984375 0.986328125 0.26953125 0.9921875 0.271484375 0.95703125 0.34375 0.962890625 0.33984375 0.998046875 0.369140625 1 0.400390625 1 0.40234375 0.966796875 0.431640625 0.96875 0.435546875 0.912109375 0.392578125 0.908203125 0.390625 0.9296875 0.2265625 0.916015625
0 0.056640625 0.64453125 0.0546875 0.68359375 0.08203125 0.685546875 0.08203125 0.72265625 0.146484375 0.7265625 0.146484375 0.6875 0.1796875 0.689453125 0.181640625 0.6484375
0 0 0.259765625 0 0.337890625 0.041015625 0.33984375 0.04296875 0.302734375 0.07421875 0.3046875 0.076171875 0.263671875
0 0.232421875 0.4453125 0.23046875 0.484375 0.2578125 0.486328125 0.255859375 0.5234375 0.3203125 0.52734375 0.322265625 0.48828125 0.35546875 0.490234375 0.357421875 0.44921875
0 0.6953125 0.095703125 0.884765625 0.12109375 0.892578125 0.060546875 0.703125 0.033203125
0 0.673828125 0.26171875 0.865234375 0.28515625 0.873046875 0.228515625 0.6796875 0.205078125
0 0.943359375 0.279296875 1 0.287109375 1 0.224609375 0.953125 0.21875
0 0.998046875 0.123046875 1 0.05859375 0.962890625 0.05859375 0.962890625 0.123046875 0.998046875 0.123046875