0 0.068359375 0.025390625 0 0.025390625 0 0.126953125 0.068359375 0.126953125 0.068359375 0.083984375
0 0.203125 0.103515625 0.203125 0.076171875 0.087890625 0.076171875 0.087890625 0.10546875 0.115234375 0.10546875
0 0.2734375 0.11328125 0.365234375 0.111328125 0.365234375 0.080078125 0.2734375 0.08203125
0 0.962890625 0.919921875 0.57421875 0.935546875 0.576171875 1 0.96484375 1
0 0.453125 0.58984375 0.515625 0.58984375 0.513671875 0.466796875 0.451171875 0.466796875
0 0.404296875 1 0.40234375 0.921875 0 0.931640625 0 1 0.404296875 1
0 0.337890625 0.431640625 0.337890625 0.39453125 0.283203125 0.39453125 0.283203125 0.431640625 0.337890625 0.431640625
0 0.41796875 0.826171875 0.416015625 0.787109375 0.3671875 0.791015625 0.369140625 0.830078125 0.41796875 0.826171875
0 0.421875 0.466796875 0.421875 0.373046875 0.337890625 0.373046875 0.337890625 0.466796875 0.421875 0.466796875
0 0.6875 0.029296875 0.6875 0 0.45703125 0 0.45703125 0.029296875 0.6875 0.029296875
0 0.66796875 0.544921875 0.6640625 0.462890625 0.572265625 0.466796875 0.576171875 0.548828125 0.66796875 0.544921875
0 0.67578125 0.470703125 0.673828125 0.38671875 0.560546875 0.388671875 0.5625 0.47265625 0.67578125 0.470703125
0 0.732421875 0.173828125 0.73046875 0.123046875 0.666015625 0.126953125 0.669921875 0.17578125 0.732421875 0.173828125
0 0.64453125 0.361328125 0.638671875 0.314453125 0.556640625 0.326171875 0.564453125 0.373046875 0.64453125 0.361328125
0 0.724609375 0.3359375 0.720703125 0.298828125 0.671875 0.302734375 0.67578125 0.341796875 0.724609375 0.3359375
0 0.73046875 0.21484375 0.724609375 0.17578125 0.40625 0.220703125 0.41015625 0.259765625 0.73046875 0.21484375