0 0.6484375 0.04296875 0.744140625 0.04296875 0.744140625 0.00390625 0.6484375 0.00390625
0 0.724609375 0.00390625 0.724609375 0 0.6640625 0 0.6640625 0.00390625
0 0.935546875 0.052734375 0.990234375 0.052734375 0.990234375 0.01953125 0.935546875 0.01953125
0 0.916015625 0.255859375 1 0.255859375 1 0.205078125 0.916015625 0.205078125
0 0.978515625 0.302734375 0.978515625 0.34375 1 0.34375 1 0.302734375
0 0.916015625 0.748046875 0.916015625 0.806640625 1 0.806640625 1 0.748046875
0 0.9140625 0.42578125 0.9140625 0.748046875 1 0.748046875 1 0.42578125
0 0.654296875 0.572265625 0.744140625 0.572265625 0.744140625 0.5 0.654296875 0.5
0 0.6796875 0.43359375 0.76171875 0.43359375 0.76171875 0.404296875 0.6796875 0.404296875
0 0.705078125 0.267578125 0.837890625 0.267578125 0.837890625 0.203125 0.642578125 0.203125 0.642578125 0.365234375 0.705078125 0.365234375
0 0.580078125 0.26953125 0.580078125 0.216796875 0.494140625 0.216796875 0.494140625 0.26953125
0 0.470703125 0.267578125 0.470703125 0.212890625 0.373046875 0.212890625 0.373046875 0.267578125
0 0.42578125 0.287109375 0.373046875 0.287109375 0.373046875 0.3984375 0.42578125 0.3984375 0.42578125 0.353515625
0 0.45703125 0.3984375 0.45703125 0.353515625 0.42578125 0.353515625 0.42578125 0.3984375
0 0.5859375 0.3984375 0.5859375 0.35546875 0.513671875 0.35546875 0.513671875 0.3984375
0 0.517578125 0.4375 0.380859375 0.4375 0.380859375 0.5 0.517578125 0.5 0.517578125 0.455078125
0 0.6015625 0.40625 0.46484375 0.40625 0.46484375 0.4375 0.517578125 0.4375 0.517578125 0.455078125 0.6015625 0.455078125
0 0.5546875 0.455078125 0.5546875 0.53125 0.6015625 0.53125 0.6015625 0.455078125
0 0.48046875 0.625 0.48046875 0.6328125 0.39453125 0.6328125 0.39453125 0.625 0.375 0.625 0.375 0.77734375 0.51171875 0.77734375 0.51171875 0.625
0 0.380859375 0.931640625 0.45703125 0.931640625 0.45703125 0.880859375 0.380859375 0.880859375
0 0.0859375 0.982421875 0.298828125 0.982421875 0.298828125 0.947265625 0.0859375 0.947265625
0 0.298828125 0.87109375 0.0859375 0.87109375 0.0859375 0.947265625 0.298828125 0.947265625
0 0.27734375 0.87109375 0.27734375 0.841796875 0.12109375 0.841796875 0.12109375 0.87109375
0 0.30078125 0.76171875 0.30078125 0.234375 0.08984375 0.234375 0.08984375 0.76171875
0 0.265625 0.234375 0.265625 0.208984375 0.1328125 0.208984375 0.1328125 0.234375
0 0.08984375 0.34375 0.0234375 0.34375 0.0234375 0.76171875 0.08984375 0.76171875
0 0.552734375 0.62109375 0.55078125 0.53125 0.408203125 0.533203125 0.41015625 0.623046875 0.552734375 0.62109375
0 0.998046875 0.939453125 0.998046875 0.90234375 0.92578125 0.904296875 0.92578125 0.939453125 0.998046875 0.939453125
0 0.560546875 0.9765625 0.5546875 0.908203125 0.505859375 0.912109375 0.51171875 0.98046875 0.560546875 0.9765625
0 0.126953125 0.09375 0.126953125 0 0.046875 0 0.044921875 0.09375 0.126953125 0.09375
0 0.26953125 0.80859375 0.26953125 0.767578125 0.197265625 0.767578125 0.197265625 0.80859375 0.26953125 0.80859375
0 0.611328125 0.34765625 0.609375 0.2890625 0.572265625 0.291015625 0.57421875 0.349609375 0.611328125 0.34765625
0 0.048828125 0.048828125 0.048828125 0 0 0 0 0.05078125 0.048828125 0.048828125