0 0.966796875 0.724609375 0.751953125 0.736328125 0.75390625 0.798828125 0.96875 0.787109375 0.966796875 0.73046875
0 1 0.78515625 1 0.728515625 0.966796875 0.73046875 0.96875 0.787109375
0 0.302734375 0.75390625 0.251953125 0.8515625 0.185546875 0.892578125 0.103515625 0.912109375 0.09765625 0.982421875 0.1796875 0.970703125 0.251953125 0.939453125 0.30859375 0.890625 0.349609375 0.8203125 0.373046875 0.74609375
0 0.375 0.787109375 0.37890625 0.859375 0.716796875 0.833984375 0.7109375 0.76171875
0 0.623046875 1 0.705078125 1 0.69921875 0.8984375 0.6171875 0.904296875
0 0.779296875 0.109375 0.68359375 0.11328125 0.685546875 0.17578125 0.78125 0.171875
0 0.685546875 0.162109375 0.681640625 0.099609375 0.427734375 0.109375 0.431640625 0.171875 0.4375 0.171875
0 0.857421875 0.12890625 0.779296875 0.1328125 0.78125 0.1953125 0.859375 0.19140625
0 0.080078125 0.150390625 0.353515625 0.12890625 0.34765625 0.060546875 0.076171875 0.080078125
0 0.08984375 0.30078125 0.40625 0.275390625 0.400390625 0.2109375 0.0859375 0.236328125
0 0.474609375 0.439453125 0.8125 0.419921875 0.80859375 0.357421875 0.470703125 0.376953125
0 0.439453125 0.38671875 0.158203125 0.404296875 0.162109375 0.46875 0.443359375 0.451171875
0 0.158203125 0.3828125 0.07421875 0.38671875 0.076171875 0.431640625 0.109375 0.47265625 0.162109375 0.46875
0 0.7421875 0.88671875 0.74609375 0.9453125 1 0.9296875 1 0.900390625 0.998046875 0.87109375
0 0.8828125 0.384765625 0.99609375 0.380859375 0.9921875 0.310546875 0.89453125 0.3125 0.89453125 0.337890625 0.83984375 0.33984375 0.841796875 0.4140625 0.8828125 0.412109375
0 0.880859375 0.298828125 0.970703125 0.296875 0.970703125 0.263671875 0.87890625 0.265625
0 0.822265625 0.330078125 0.81640625 0.232421875 0.734375 0.236328125 0.740234375 0.333984375 0.822265625 0.330078125
0 0.951171875 0.998046875 0.94921875 0.955078125 0.755859375 0.958984375 0.7578125 1 0.951171875 0.998046875