0 0.455078125 0.638671875 0.86328125 0.646484375 0.865234375 0.578125 0.45703125 0.5703125
0 0.4609375 0.478515625 0.990234375 0.48828125 0.9921875 0.427734375 0.4609375 0.41796875
0 0.841796875 0.716796875 0.83984375 0.79296875 0.857421875 0.79296875 0.857421875 0.810546875 0.99609375 0.814453125 0.99609375 0.802734375 1 0.802734375 1 0.71875
0 0.818359375 0.91015625 0.818359375 0.88671875 0.650390625 0.8828125 0.6484375 0.947265625 0.66015625 0.947265625 0.66015625 0.96484375 0.826171875 0.96875 0.828125 0.91015625
0 0.44140625 0.77734375 0.65625 0.806640625 0.666015625 0.73828125 0.451171875 0.70703125
0 0.1953125 0.484375 0.2109375 0.419921875 0 0.369140625 0 0.435546875
0 0.2109375 0.486328125 0.37109375 0.48828125 0.37109375 0.421875 0.2109375 0.419921875
0 0.107421875 0.634765625 0.126953125 0.572265625 0 0.53515625 0 0.603515625
0 0.140625 0.642578125 0.34765625 0.70703125 0.369140625 0.64453125 0.16015625 0.578125
0 0.0625 0.7890625 0.08203125 0.7265625 0 0.701171875 0 0.76953125
0 0.115234375 0.7890625 0.33203125 0.859375 0.353515625 0.798828125 0.134765625 0.7265625
0 0.080078125 0.939453125 0.28125 1 0.302734375 1 0.322265625 0.943359375 0.099609375 0.875
0 0.0234375 0.9453125 0.04296875 0.880859375 0 0.8671875 0 0.9375
0 0.767578125 0.041015625 0.765625 0.109375 0.90234375 0.111328125 0.904296875 0.04296875 0.798828125 0.041015625
0 0.798828125 0 0.7421875 0 0.7421875 0.041015625 0.798828125 0.041015625
0 0.951171875 0.048828125 0.99609375 0.05078125 0.99609375 0 0.951171875 0
0 0.755859375 0.22265625 0.75390625 0.259765625 0.76171875 0.259765625 0.76171875 0.28515625 0.77734375 0.28515625 0.77734375 0.294921875 0.8125 0.294921875 0.8125 0.28515625 0.841796875 0.28515625 0.841796875 0.296875 0.873046875 0.296875 0.873046875 0.28515625 0.900390625 0.28515625 0.900390625 0.296875 0.947265625 0.296875 0.947265625 0.283203125 0.98046875 0.28515625 0.98046875 0.298828125 1 0.298828125 1 0.2265625 0.814453125 0.224609375
0 0.7578125 0.109375 0.755859375 0.22265625 0.814453125 0.224609375 0.81640625 0.109375 0.765625 0.109375
0 0.90234375 0.130859375 1 0.130859375 1 0.072265625 0.90234375 0.0703125 0.90234375 0.111328125
0 0.5234375 0.1953125 0.5234375 0.208984375 0.48828125 0.208984375 0.486328125 0.271484375 0.6796875 0.275390625 0.6796875 0.2109375 0.564453125 0.208984375 0.564453125 0.1953125
0 0.044921875 0.02734375 0.046875 0.001953125 0 0 0 0.123046875 0.01171875 0.123046875 0.01171875 0.146484375 0.015625 0.158203125 0.025390625 0.169921875 0.0390625 0.17578125 0.05859375 0.177734375 0.0625 0.189453125 0.072265625 0.197265625 0.0859375 0.205078125 0.1328125 0.205078125 0.1328125 0.220703125 0.1953125 0.220703125 0.1953125 0.2421875 0.22265625 0.2421875 0.22265625 0.228515625 0.236328125 0.228515625 0.23828125 0.205078125 0.275390625 0.205078125 0.27734375 0.138671875 0.09375 0.134765625 0.09375 0.02734375
0 0.173828125 0.03515625 0.171875 0.0859375 0.181640625 0.0859375 0.181640625 0.091796875 0.189453125 0.091796875 0.1875 0.126953125 0.265625 0.12890625 0.267578125 0.076171875 0.201171875 0.07421875 0.201171875 0.037109375
0 0.173828125 0.03515625 0.232421875 0.037109375 0.232421875 0 0.173828125 0
0 0.40234375 0.146484375 0.40625 0.23828125 0.435546875 0.236328125 0.431640625 0.146484375
0 0.3046875 0.248046875 0.345703125 0.24609375 0.33984375 0.150390625 0.30078125 0.15234375
0 0.431640625 0.146484375 0.4296875 0.10546875 0.296875 0.11328125 0.30078125 0.15234375 0.33984375 0.150390625
0 0.98046875 0.662109375 0.978515625 0.546875 0.884765625 0.548828125 0.884765625 0.6640625
0 0.693359375 0.181640625 0.697265625 0.01953125 0.6328125 0.017578125 0.630859375 0.1796875
0 0.6328125 0 0.509765625 0 0.509765625 0.064453125 0.6328125 0.06640625 0.6328125 0.017578125
0 0.388671875 0.0625 0.498046875 0.0546875 0.4921875 0 0.3828125 0 0.38671875 0.033203125
0 0.3828125 0 0.333984375 0 0.333984375 0.037109375 0.38671875 0.033203125
0 0.322265625 0.064453125 0.3203125 0 0.25390625 0 0.255859375 0.06640625 0.322265625 0.064453125