0 0.916015625 0.58984375 0.89453125 0.58984375 0.896484375 0.57421875 0.841796875 0.572265625 0.841796875 0.568359375 0.80078125 0.568359375 0.80078125 0.57421875 0.77734375 0.57421875 0.77734375 0.56640625 0.732421875 0.56640625 0.732421875 0.576171875 0.7109375 0.576171875 0.7109375 0.5703125 0.671875 0.5703125 0.671875 0.576171875 0.654296875 0.576171875 0.654296875 0.63671875 0.84765625 0.638671875 0.845703125 0.74609375 0.9140625 0.748046875
0 0.40234375 0.654296875 0.349609375 0.654296875 0.34765625 0.72265625 0.400390625 0.724609375 0.400390625 0.701171875
0 0.400390625 0.748046875 0.619140625 0.75 0.619140625 0.705078125 0.400390625 0.701171875 0.400390625 0.724609375
0 0.92578125 0.421875 0.92578125 0.4296875 0.88671875 0.4296875 0.884765625 0.509765625 0.94140625 0.51171875 0.94140625 0.421875
0 0.927734375 0.373046875 0.6640625 0.369140625 0.662109375 0.42578125 0.92578125 0.4296875 0.92578125 0.421875
0 0.6171875 0.37890625 0.349609375 0.375 0.349609375 0.42578125 0.615234375 0.4296875
0 0.365234375 0.587890625 0.62890625 0.591796875 0.62890625 0.541015625 0.365234375 0.537109375
0 0.25390625 0.728515625 0.294921875 0.73046875 0.296875 0.69140625 0.255859375 0.69140625
0 0.294921875 0.89453125 0.296875 0.79296875 0.24609375 0.791015625 0.24609375 0.89453125
0 0.056640625 0.998046875 0.173828125 1 0.29296875 1 0.29296875 0.962890625 0.056640625 0.958984375
0 0.0625 0.87890625 0.0625 0.900390625 0.029296875 0.900390625 0.02734375 0.958984375 0.298828125 0.962890625 0.298828125 0.904296875 0.244140625 0.90234375 0.24609375 0.880859375 0.193359375 0.880859375 0.193359375 0.90234375 0.1328125 0.900390625 0.1328125 0.87890625
0 0.625 0.966796875 0.873046875 0.970703125 0.87109375 1 0.927734375 1 0.9296875 0.923828125 0.908203125 0.923828125 0.908203125 0.91015625 0.873046875 0.91015625 0.873046875 0.9140625 0.626953125 0.91015625
0 0.51171875 0.8203125 0.51171875 0.849609375 0.48828125 0.849609375 0.48828125 0.908203125 0.529296875 0.908203125 0.529296875 0.892578125 0.578125 0.892578125 0.578125 0.822265625
0 0.48828125 0.845703125 0.384765625 0.84375 0.384765625 0.869140625 0.365234375 0.869140625 0.36328125 0.943359375 0.421875 0.9453125 0.423828125 0.90625 0.48828125 0.908203125 0.48828125 0.849609375
0 0.4375 0.994140625 0.439453125 0.96875 0.37109375 0.96875 0.369140625 1 0.53515625 1 0.537109375 0.99609375
0 0.65625 0.7421875 0.654296875 0.802734375 0.6796875 0.802734375 0.6796875 0.810546875 0.69921875 0.810546875 0.69921875 0.802734375 0.744140625 0.8046875 0.744140625 0.810546875 0.765625 0.810546875 0.765625 0.8046875 0.80859375 0.8046875 0.80859375 0.8125 0.826171875 0.8125 0.826171875 0.806640625 0.896484375 0.806640625 0.896484375 0.796875 0.912109375 0.796875 0.9140625 0.748046875 0.845703125 0.74609375
0 0.013671875 0.36328125 0 0.36328125 0 0.421875 0.287109375 0.42578125 0.2890625 0.375 0.263671875 0.375 0.263671875 0.369140625 0.244140625 0.369140625 0.244140625 0.375 0.21875 0.375 0.21875 0.369140625 0.201171875 0.369140625 0.201171875 0.373046875 0.193359375 0.373046875 0.193359375 0.369140625 0.173828125 0.369140625 0.173828125 0.373046875 0.109375 0.373046875 0.109375 0.365234375 0.09375 0.365234375 0.09375 0.37109375 0.08203125 0.37109375 0.08203125 0.36328125 0.06640625 0.36328125 0.06640625 0.37109375 0.041015625 0.369140625 0.041015625 0.36328125 0.021484375 0.36328125 0.021484375 0.369140625 0.013671875 0.369140625
0 0 0.5625 0 0.61328125 0.0390625 0.61328125 0.0390625 0.623046875 0.060546875 0.625 0.060546875 0.615234375 0.1171875 0.615234375 0.115234375 0.625 0.115234375 0.626953125 0.138671875 0.626953125 0.138671875 0.6171875 0.158203125 0.6171875 0.158203125 0.62890625 0.19921875 0.630859375 0.19921875 0.623046875 0.228515625 0.623046875 0.228515625 0.6328125 0.265625 0.6328125 0.265625 0.623046875 0.28125 0.623046875 0.28125 0.568359375
0 0.236328125 0.0703125 0.28515625 0.068359375 0.283203125 0.029296875 0.236328125 0.03125
0 0.828125 0.90234375 0.828125 0.84765625 0.63671875 0.8515625 0.63671875 0.90625 0.828125 0.90234375
0 0.158203125 0.544921875 0.16015625 0.50390625 0 0.5 0 0.541015625 0.158203125 0.544921875
0 0.73828125 0.5546875 0.740234375 0.4765625 0.69140625 0.4765625 0.689453125 0.552734375 0.73828125 0.5546875