0 0.876953125 0.18359375 0.58203125 0.1875 0.603515625 0.640625 0.8828125 0.638671875
0 0.36328125 0.193359375 0.361328125 0.251953125 0.48046875 0.255859375 0.482421875 0.19921875
0 0.173828125 0.1875 0.171875 0.24609375 0.330078125 0.251953125 0.33203125 0.193359375
0 0.484375 0.408203125 0.3671875 0.412109375 0.3671875 0.458984375 0.486328125 0.455078125
0 0.3671875 0.412109375 0.1328125 0.41796875 0.134765625 0.498046875 0.369140625 0.494140625 0.3671875 0.458984375
0 0.484375 0.408203125 0.484375 0.345703125 0.13671875 0.35546875 0.138671875 0.41796875 0.3671875 0.412109375
0 0.486328125 0.53515625 0.4296875 0.53515625 0.43359375 0.689453125 0.490234375 0.689453125
0 0.15625 0.505859375 0.109375 0.505859375 0.111328125 0.630859375 0.16015625 0.62890625
0 0.43359375 0.62109375 0.111328125 0.630859375 0.11328125 0.69921875 0.43359375 0.689453125
0 0.07421875 0.763671875 0.08203125 0.576171875 0 0.572265625 0 0.759765625
0 0.634765625 0.00390625 0.615234375 0.0703125 0.875 0.150390625 0.89453125 0.083984375
0 0.615234375 0.0703125 0.599609375 0.12109375 0.703125 0.154296875 0.71875 0.103515625
0 0.986328125 0.12890625 0.91015625 0.1015625 0.923828125 0.458984375 1 0.455078125
0 0.6328125 0.697265625 0.634765625 0.7734375 0.73828125 0.76953125 0.736328125 0.7578125 1 0.748046875 1 0.697265625 0.736328125 0.705078125 0.734375 0.693359375
0 0.68359375 0.853515625 0.666015625 0.90234375 0.9140625 1 0.93359375 0.953125
0 0.666015625 0.90234375 0.6484375 0.9453125 0.6796875 0.958984375 0.673828125 0.970703125 0.740234375 0.998046875 0.763671875 0.94140625
0 0.58203125 1 0.623046875 1 0.63671875 0.826171875 0.595703125 0.822265625
0 0.025390625 0.189453125 0 0.189453125 0 0.287109375 0.025390625 0.287109375
0 0.025390625 0.12890625 0 0.12890625 0 0.189453125 0.025390625 0.189453125
0 0.029296875 0 0 0 0 0.107421875 0.029296875 0.107421875
0 0.08984375 0 0.029296875 0 0.029296875 0.025390625 0.08984375 0.0234375
0 0.0546875 0.099609375 0.04296875 0.1640625 0.111328125 0.17578125 0.12109375 0.111328125
0 0.11328125 0.158203125 0.1796875 0.169921875 0.208984375 0 0.140625 0
0 0.22265625 0.052734375 0.21484375 0.1328125 0.470703125 0.15625 0.478515625 0.076171875 0.43359375 0.072265625
0 0.43359375 0.072265625 0.478515625 0.076171875 0.466796875 0 0.421875 0
0 0.08203125 0.328125 0.123046875 0.333984375 0.13671875 0.205078125 0.095703125 0.201171875
0 0.462890625 0.984375 0.521484375 0.982421875 0.515625 0.74609375 0.45703125 0.748046875
0 0.490234375 0.689453125 0.11328125 0.69921875 0.115234375 0.755859375 0.4921875 0.74609375
0 0.23828125 0.94921875 0.21875 1 0.380859375 1
0 0.181640625 0.85546875 0.16015625 0.921875 0.3828125 1 0.42578125 1 0.4453125 0.947265625
0 0.177734375 0.927734375 0.16796875 0.953125 0.228515625 0.974609375 0.23828125 0.94921875
0 0.12890625 0.9609375 0.09375 0.966796875 0.09765625 1 0.134765625 1
0 0.02734375 1 0.02734375 0.822265625 0 0.822265625 0 1 0.02734375 1
0 0.08203125 0.986328125 0.07421875 0.8359375 0.03125 0.837890625 0.0390625 0.98828125 0.08203125 0.986328125
0 0.0703125 0.521484375 0.07421875 0.35546875 0 0.353515625 0 0.51953125 0.0703125 0.521484375
0 0.42578125 0.6015625 0.423828125 0.560546875 0.380859375 0.5625 0.3828125 0.603515625 0.42578125 0.6015625