0 0.169921875 0.755859375 0.197265625 0.708984375 0 0.59375 0 0.65625
0 0.5625 0.765625 0.5390625 0.806640625 0.734375 0.919921875 0.7578125 0.87890625 0.720703125 0.857421875
0 0.63671875 0.970703125 0.490234375 0.88671875 0.462890625 0.93359375 0.578125 1 0.68359375 1 0.685546875 0.998046875 0.65234375 0.978515625
0 0.01171875 1 0.09765625 1 0.10546875 0.98828125 0 0.92578125 0 0.9921875
0 0.181640625 0.28125 0.212890625 0.2265625 0 0.103515625 0 0.17578125
0 0.626953125 0.638671875 0.603515625 0.6796875 0.8046875 0.794921875 0.828125 0.75390625 0.79296875 0.734375
0 0.279296875 0.5234375 0.544921875 0.67578125 0.57421875 0.625 0.30859375 0.47265625
0 0.24609375 0.310546875 0.517578125 0.466796875 0.544921875 0.419921875 0.271484375 0.263671875
0 0.24609375 0.701171875 0.46484375 0.826171875 0.490234375 0.78125 0.2734375 0.65625
0 0.904296875 0.626953125 0.5859375 0.4453125 0.55859375 0.490234375 0.876953125 0.673828125
0 0.01953125 0.390625 0.0078125 0.41015625 0.013671875 0.4140625 0.001953125 0.43359375 0.21875 0.556640625 0.23046875 0.537109375 0.236328125 0.541015625 0.24609375 0.521484375
0 0.166015625 0.865234375 0.38671875 0.9921875 0.412109375 0.947265625 0.19140625 0.8203125
0 0.83984375 0.65234375 0.79296875 0.734375 0.828125 0.75390625 0.8046875 0.794921875 0.76953125 0.775390625 0.720703125 0.857421875 0.7578125 0.87890625 0.734375 0.919921875 0.697265625 0.8984375 0.65234375 0.978515625 0.685546875 0.998046875 0.68359375 1 0.69921875 1 0.884765625 0.677734375 0.876953125 0.673828125
0 0.6640625 0.05859375 0.9453125 0.220703125 0.97265625 0.171875 0.69140625 0.009765625
0 0.701171875 0.267578125 0.869140625 0.36328125 0.896484375 0.318359375 0.7265625 0.220703125
0 0.46484375 0.14453125 0.638671875 0.244140625 0.669921875 0.19140625 0.49609375 0.091796875
0 0.908203125 0.3984375 0.998046875 0.44921875 1 0.4453125 1 0.388671875 0.98046875 0.37890625 0.990234375 0.365234375 0.966796875 0.3515625 0.958984375 0.365234375 0.935546875 0.3515625