0 0.923828125 0.95703125 1 0.9921875 1 0.908203125 0.955078125 0.888671875
0 0.62109375 0.6640625 0.9375 0.765625 0.9609375 0.6953125 0.64453125 0.59375
0 0.55859375 0.767578125 0.89453125 0.9296875 0.921875 0.87109375 0.5859375 0.708984375
0 0.416015625 0.625 0.396484375 0.6796875 0.53125 0.73046875 0.552734375 0.67578125
0 0.58984375 0.689453125 0.615234375 0.619140625 0.443359375 0.5546875 0.416015625 0.625 0.552734375 0.67578125
0 1 0.0390625 1 0 0.888671875 0
0 0.4921875 0.02734375 0.552734375 0.048828125 0.5703125 0 0.501953125 0
0 0.47265625 0.080078125 0.525390625 0.099609375 0.544921875 0.046875 0.4921875 0.02734375
0 0.630859375 0.337890625 0.6484375 0.291015625 0.49609375 0.23828125 0.48046875 0.28515625
0 0.6640625 0.330078125 0.6484375 0.375 0.85546875 0.4453125 0.87109375 0.400390625 0.84375 0.390625
0 0.88671875 0.40625 0.99609375 0.08203125 0.953125 0.06640625 0.84375 0.390625 0.87109375 0.400390625
0 0.05859375 0.126953125 0.1328125 0 0 0 0 0.15234375
0 0.16796875 0.798828125 0.134765625 0.771484375 0.05078125 0.80859375 0.05078125 0.841796875 0 0.986328125 0 1 0.072265625 1 0.119140625 0.865234375 0.134765625 0.861328125 0.33203125 0.9609375 0.36328125 0.8984375 0.2421875 0.837890625
0 0.388671875 0.921875 0.349609375 1 0.55078125 1 0.447265625 0.94921875
0 0.19921875 0.564453125 0.322265625 0.609375 0.361328125 0.505859375 0.23828125 0.458984375
0 0.908203125 0.48828125 1 0.517578125 1 0.435546875 0.93359375 0.4140625
0 0.52734375 0.150390625 0.453125 0.125 0.396484375 0.28515625 0.470703125 0.3125 0.49609375 0.23828125
0 0.21875 0.23046875 0.357421875 0.27734375 0.376953125 0.21875 0.298828125 0.19140625 0.35546875 0.025390625 0.435546875 0.052734375 0.453125 0 0.296875 0
0 0.55859375 0.25390625 0.591796875 0.162109375 0.53515625 0.142578125 0.501953125 0.234375 0.55859375 0.25390625