0 0.8876439144736841 0.9514802631578948 0.9442845394736841 0.9417146381578948 0.9501439144736841 0.9768708881578948 0.8935032894736841 0.9846833881578948
0 0.8066394262122142 0.20932393164032534 0.9454140972648456 0.20932393164032534 0.9484979788437929 0.27202952374558803 0.8158910709490562 0.2638058395350618
0 0.6834909539473685 0.48458059210526333 0.6845189144736843 0.3622532894736841 0.8470394736842107 0.36369243421052616 0.8469366776315789 0.4866365131578949
0 0.6702594142772975 0.3509651577638125 0.6702594142772975 0.26112140776381254 0.9358844142772975 0.26112140776381254 0.9358844142772975 0.3509651577638125
0 0.7582241225732241 0.5738472241943573 0.9203334975732235 0.5699409741943573 0.9261928725732235 0.6910347241943573 0.7621303725732241 0.6968940991943573
0 0.5677264150491024 0.7456348274952727 0.7513201650491024 0.7456348274952727 0.7513201650491024 0.8452442024952727 0.5677264150491024 0.8452442024952727
0 0.7821751644736842 0.8083881578947367 0.7564761513157894 0.7127878289473684 0.8387129934210525 0.7055921052631579 0.925061677631579 0.7210115131578947 0.8417968749999999 0.821751644736842
0 0.09344161184210525 0.9512746710526315 0.09344161184210525 0.8371710526315789 0.4598067434210525 0.8362458881578948 0.46371299342105227 0.9456208881578948 0.23519736842105265 0.9534333881578948
0 0.33288676997283034 0.6108339992867869 0.5340586449728303 0.6049746242867869 0.5379648949728303 0.7221621242867869 0.33679301997283034 0.7280214992867869
0 0.15923108552631582 0.3840460526315789 0.43266858552631576 0.37870065789473684 0.39874588815789475 0.4917763157894737 0.3311060855263158 0.522717927631579 0.15923108552631582 0.522717927631579
0 0.3481662380547431 0.16657499220370453 0.5747287380547432 0.16657499220370453 0.5747287380547432 0.34626249220370464 0.3481662380547431 0.34626249220370464
0 1.3877787807814457e-17 0.4918791118421053 0.03125 0.4918791118421053 0.03125 0.6618009868421053 1.3877787807814457e-17 0.6618009868421053
0 0.4275287828947369 0.40851151315789475 0.4028577302631579 0.49588815789473684 0.3494037828947369 0.5174753289473684 0.35762746710526316 0.5637335526315789 0.5066817434210525 0.5616776315789473 0.5025699013157894 0.45682565789473684 0.4419202302631579 0.4115953947368421
0 0.6583877487562189 0.34106809701492535 0.6642179726368158 0.4508706467661691 0.534981343283582 0.4469838308457711 0.468905472636816 0.3653606965174129