0 0.111328125 0.634765625 0.111328125 0.849609375 0.15234375 0.849609375 0.15234375 0.634765625
0 0.236328125 0.861328125 0.552734375 0.861328125 0.552734375 0.634765625 0.236328125 0.634765625
0 0.576171875 0.861328125 0.638671875 0.861328125 0.638671875 0.640625 0.576171875 0.640625
0 0.212890625 0.48828125 0.416015625 0.48828125 0.416015625 0.146484375 0.212890625 0.146484375
0 0.548828125 0.212890625 0.703125 0.212890625 0.703125 0.14453125 0.548828125 0.14453125
0 0.478515625 0.142578125 0.478515625 0.203125 0.51171875 0.203125 0.51171875 0.142578125
0 0.779296875 0.599609375 0.779296875 0.560546875 0.279296875 0.5625 0.279296875 0.6015625 0.779296875 0.599609375
0 0.224609375 0.607421875 0.224609375 0.564453125 0.12109375 0.5625 0.12109375 0.607421875 0.224609375 0.607421875
0 0.482421875 0.076171875 0.482421875 0 0.44140625 0 0.44140625 0.078125 0.482421875 0.076171875
0 0.759765625 0.064453125 0.759765625 0 0.53125 0 0.529296875 0.0625 0.759765625 0.064453125
0 0.73046875 0.3046875 0.73046875 0.220703125 0.578125 0.220703125 0.578125 0.3046875 0.73046875 0.3046875
0 0.8125 0.107421875 0.8125 0.072265625 0.77734375 0.072265625 0.77734375 0.107421875 0.8125 0.107421875
0 0.07421875 0.998046875 0.07421875 0.978515625 0.013671875 0.978515625 0.013671875 1 0.07421875 0.998046875