0 0.115234375 0.970703125 0.1171875 0.8984375 0 0.89453125 0 0.966796875
0 0.27734375 0.818359375 0.28125 0.6484375 0 0.638671875 0 0.80859375
0 0.15234375 0.208984375 0 0.203125 0 0.275390625 0.150390625 0.28125
0 0.220703125 0.158203125 0.162109375 0.15625 0.158203125 0.2578125 0.216796875 0.2578125
0 0.16796875 0.2578125 0.16796875 0.283203125 0 0.27734375 0 0.3203125 0.224609375 0.328125 0.2265625 0.259765625 0.216796875 0.2578125
0 0.259765625 0.146484375 0.263671875 0 0 0 0 0.138671875
0 0.01171875 0.140625 0.009765625 0.15234375 0 0.150390625 0 0.189453125 0.107421875 0.193359375 0.109375 0.142578125
0 0.08984375 0.55859375 0.220703125 0.5625 0.22265625 0.5390625 0.091796875 0.53515625
0 0.369140625 0.3828125 0.509765625 0.38671875 0.5234375 0 0.3828125 0
0 0.94921875 0.14453125 0.939453125 0.384765625 1 0.384765625 1 0.146484375
0 0.94921875 0.14453125 1 0.14453125 1 0 0.953125 0
0 0.5078125 0.423828125 0.9375 0.439453125 0.953125 0 0.5234375 0
0 0.39453125 0.728515625 0.509765625 0.732421875 0.51171875 0.681640625 0.396484375 0.677734375
0 0.515625 0.67578125 0.513671875 0.740234375 0.537109375 0.740234375 0.5390625 0.67578125
0 0.419921875 0.75 0.4140625 0.9140625 0.53125 0.91796875 0.537109375 0.75390625
0 0.5390625 0.67578125 0.52734375 0.9921875 0.611328125 0.994140625 0.623046875 0.6796875
0 0.28125 0.8515625 0.279296875 0.896484375 0.32421875 0.8984375 0.326171875 0.8828125 0.408203125 0.88671875 0.41015625 0.85546875
0 0.37890625 0.677734375 0.302734375 0.673828125 0.30078125 0.693359375 0.314453125 0.693359375 0.314453125 0.712890625 0.376953125 0.71484375 0.37890625 0.6953125
0 0.818359375 0.66796875 0.8046875 1 1 1 1 0.673828125
0 0.931640625 0.513671875 0.931640625 0.474609375 0.8203125 0.474609375 0.822265625 0.515625 0.931640625 0.513671875