0 0 0.923828125 0 0.984375 0.0234375 1 0.126953125 1
0 0.48828125 0.07421875 0.513671875 0.03125 0.458984375 0 0.361328125 0
0 0.685546875 0.1953125 0.7109375 0.15234375 0.533203125 0.048828125 0.509765625 0.091796875
0 0.3515625 0.048828125 0.302734375 0.01953125 0.185546875 0.220703125 0.234375 0.25 0.3203125 0.10546875
0 0.177734375 0.23046875 0.15234375 0.2734375 0.322265625 0.37109375 0.34765625 0.330078125 0.212890625 0.25
0 0.51953125 0.4921875 0.544921875 0.44921875 0.3671875 0.34765625 0.341796875 0.388671875
0 0.3203125 0.10546875 0.294921875 0.146484375 0.423828125 0.220703125 0.447265625 0.1796875
0 0.62890625 0.33203125 0.654296875 0.2890625 0.4765625 0.1875 0.451171875 0.228515625
0 0.58984375 0.361328125 0.466796875 0.2890625 0.4375 0.337890625 0.5625 0.41015625
0 0.1640625 0.1484375 0.25 0 0.197265625 0 0.125 0.126953125
0 0.43359375 0.64453125 0.458984375 0.6015625 0.28125 0.498046875 0.255859375 0.541015625
0 0.1328125 0.11328125 0.017578125 0.046875 0 0.076171875 0 0.087890625 0.109375 0.15234375 0.125 0.126953125
0 0.236328125 0.5234375 0.26171875 0.48046875 0.08984375 0.380859375 0.06640625 0.423828125
0 0.01171875 0.00390625 0.119140625 0.068359375 0.158203125 0.001953125 0.154296875 0 0.013671875 0
0 0.130859375 0.23046875 0.154296875 0.193359375 0.1015625 0.162109375 0.080078125 0.201171875
0 0.08984375 0.30859375 0.119140625 0.259765625 0 0.189453125 0 0.255859375
0 0.2421875 0.4296875 0.26953125 0.384765625 0.142578125 0.310546875 0.1171875 0.35546875
0 0.005859375 0.650390625 0 0.646484375 0 0.658203125
0 0.3828125 0.734375 0.017578125 0.521484375 0 0.55078125 0 0.572265625 0.357421875 0.78125
0 0.015625 0.412109375 0.0390625 0.37109375 0 0.34765625 0 0.40234375
0 0.84765625 0.03125 0.884765625 0.052734375 0.916015625 0 0.865234375 0
0 0.8984375 0.033203125 0.875 0.072265625 0.99609375 0.142578125 1 0.134765625 1 0.091796875
0 0.7890625 0.544921875 0.61328125 0.44140625 0.5859375 0.48828125 0.76171875 0.58984375
0 0.546875 0.65625 0.6015625 0.560546875 0.560546875 0.53515625 0.505859375 0.630859375
0 0.921875 0.62109375 0.7890625 0.544921875 0.76171875 0.58984375 0.89453125 0.66796875 0.904296875 0.654296875
0 0.91796875 0.662109375 0.9140625 0.66796875 0.94921875 0.6875 1 0.59765625 1 0.521484375 0.986328125 0.51171875 0.904296875 0.654296875
0 0.48046875 0.8984375 0.380859375 0.83984375 0.337890625 0.9140625 0.484375 1 0.55859375 1 0.45703125 0.939453125
0 0.69140625 0.9453125 0.482421875 0.82421875 0.466796875 0.853515625 0.673828125 0.974609375
0 0.775390625 0.892578125 0.759765625 0.91796875 0.76953125 0.923828125 0.74609375 0.96484375 0.697265625 0.935546875 0.673828125 0.974609375 0.71484375 1 0.78125 1 0.828125 0.923828125
0 0.634765625 0.845703125 0.615234375 0.87890625 0.67578125 0.9140625 0.6953125 0.880859375
0 0.533203125 0.787109375 0.515625 0.8203125 0.57421875 0.85546875 0.59375 0.822265625
0 0.837890625 0.75 0.869140625 0.697265625 0.72265625 0.61328125 0.693359375 0.666015625
0 0.62109375 0.62890625 0.666015625 0.65625 0.69921875 0.6015625 0.65234375 0.57421875
0 0.8203125 0.494140625 0.802734375 0.5234375 0.875 0.564453125 0.892578125 0.53515625
0 0.99609375 0.2578125 0.97265625 0.296875 1 0.3125 1 0.259765625
0 0.677734375 0.3359375 0.6328125 0.412109375 0.673828125 0.435546875 0.6953125 0.400390625 0.76171875 0.439453125 0.78515625 0.3984375
0 0.78515625 0.3984375 0.76171875 0.439453125 0.93359375 0.5390625 0.95703125 0.498046875
0 0.69921875 0.287109375 0.748046875 0.314453125 0.791015625 0.240234375 0.744140625 0.2109375
0 0.923828125 0.28515625 0.94921875 0.240234375 0.783203125 0.14453125 0.7578125 0.189453125
0 0.927734375 0.412109375 0.958984375 0.359375 0.822265625 0.279296875 0.791015625 0.33203125
0 0.49609375 0.650390625 0.46875 0.6953125 0.7578125 0.86328125 0.783203125 0.818359375
0 0.83203125 0.900390625 0.923828125 0.7421875 0.876953125 0.71484375 0.783203125 0.873046875
0 0.2890625 0.8984375 0.32421875 0.841796875 0.166015625 0.744140625 0.130859375 0.798828125 0.2890625 0.8984375