0 0.83984375 0.072265625 0.83984375 0.12890625 1 0.12890625 1 0.072265625
0 0.69140625 0.10546875 0.69140625 0.083984375 0.8203125 0.083984375 0.8203125 0.052734375 0.634765625 0.052734375 0.634765625 0.078125 0.51953125 0.078125 0.51953125 0.10546875 0.634765625 0.10546875
0 0.759765625 0.494140625 0.857421875 0.494140625 0.857421875 0.255859375 0.759765625 0.255859375
0 0.94921875 0.458984375 1 0.458984375 1 0.2578125 0.94921875 0.2578125
0 0.48046875 0.33984375 0.48046875 0.396484375 0.4609375 0.396484375 0.4609375 0.455078125 0.693359375 0.455078125 0.693359375 0.39453125 0.546875 0.39453125 0.546875 0.33984375
0 0.33203125 0.18359375 0.33203125 0.267578125 0.314453125 0.267578125 0.314453125 0.357421875 0.33203125 0.357421875 0.33203125 0.455078125 0.404296875 0.45703125 0.404296875 0.18359375
0 0.3359375 0.154296875 0.416015625 0.154296875 0.416015625 0.119140625 0.3359375 0.119140625
0 0.244140625 0.306640625 0.244140625 0.1875 0.267578125 0.1875 0.267578125 0.11328125 0.244140625 0.11328125 0.244140625 0 0 0 0 0.306640625
0 0.0234375 0.392578125 0.234375 0.392578125 0.234375 0.365234375 0.0234375 0.365234375
0 0 0.51171875 0.208984375 0.51171875 0.208984375 0.478515625 0 0.478515625
0 0.009765625 0.65625 0.2109375 0.65625 0.2109375 0.615234375 0.009765625 0.615234375
0 0.041015625 0.787109375 0.041015625 0.796875 0.291015625 0.98828125 0.298828125 0.98828125 0.298828125 0.875 0.28125 0.875 0.28125 0.787109375
0 0.33984375 0.9453125 0.509765625 0.9453125 0.509765625 0.69140625 0.33984375 0.69140625
0 0.34375 0.591796875 0.34375 0.65234375 0.55859375 0.65234375 0.55859375 0.951171875 1 0.951171875 1 0.59375 0.955078125 0.59375 0.955078125 0.591796875 0.64453125 0.591796875
0 0.728515625 1 0.8828125 1 0.8828125 0.974609375 0.728515625 0.974609375
0 0.5234375 1 0.5703125 1 0.5703125 0.984375 0.5234375 0.984375
0 0.439453125 0.984375 0.439453125 1 0.49609375 1 0.49609375 0.984375
0 0.77734375 0.591796875 0.77734375 0.55078125 0.64453125 0.55078125 0.64453125 0.591796875
0 0.556640625 0.30859375 0.560546875 0.310546875 0.572265625 0.314453125 0.583984375 0.314453125 0.58984375 0.3125 0.6015625 0.302734375 0.607421875 0.291015625 0.607421875 0.27734375 0.60546875 0.26953125 0.6015625 0.263671875 0.576171875 0.25 0.552734375 0.259765625 0.54296875 0.279296875 0.546875 0.296875
0 0.63671875 0.30859375 0.642578125 0.310546875 0.654296875 0.314453125 0.666015625 0.314453125 0.671875 0.3125 0.68359375 0.302734375 0.689453125 0.291015625 0.689453125 0.27734375 0.6875 0.26953125 0.68359375 0.263671875 0.658203125 0.25 0.634765625 0.259765625 0.625 0.279296875 0.62890625 0.296875
0 0.470703125 0.306640625 0.4765625 0.310546875 0.48828125 0.314453125 0.5 0.3125 0.505859375 0.310546875 0.517578125 0.30078125 0.5234375 0.291015625 0.5234375 0.27734375 0.521484375 0.267578125 0.517578125 0.26171875 0.4921875 0.25 0.46875 0.259765625 0.458984375 0.27734375 0.462890625 0.294921875
0 0.47265625 0.576171875 0.474609375 0.541015625 0.39453125 0.5390625 0.392578125 0.57421875 0.47265625 0.576171875
0 0.603515625 0.57421875 0.60546875 0.541015625 0.552734375 0.5390625 0.55078125 0.572265625 0.603515625 0.57421875
0 0.203125 0.74609375 0.205078125 0.7109375 0.08984375 0.705078125 0.08984375 0.740234375 0.203125 0.74609375
0 0.427734375 0.53125 0.423828125 0.482421875 0.359375 0.48828125 0.36328125 0.537109375 0.427734375 0.53125
0 0.998046875 0.0234375 0.998046875 0 0.947265625 0 0.947265625 0.0234375 0.998046875 0.0234375
0 0.837890625 0.2421875 0.83984375 0.2109375 0.759765625 0.205078125 0.7578125 0.23828125 0.837890625 0.2421875