0 0.201171875 0.009765625 0.203125 0 0.173828125 0
0 0.52734375 0.09765625 0.53125 0.0859375 0.3984375 0.037109375 0.380859375 0.080078125 0.513671875 0.130859375 0.51171875 0.13671875 0.609375 0.173828125 0.625 0.134765625
0 0.791015625 0.19140625 0.79296875 0.18359375 0.666015625 0.134765625 0.650390625 0.177734375 0.77734375 0.2265625 0.7734375 0.236328125 0.873046875 0.275390625 0.890625 0.23046875
0 0.564453125 0.322265625 0.787109375 0.400390625 0.7890625 0.39453125 0.837890625 0.412109375 0.869140625 0.322265625 0.8203125 0.3046875 0.802734375 0.357421875 0.580078125 0.27734375
0 0.48046875 0.384765625 0.462890625 0.431640625 0.77734375 0.5546875 0.794921875 0.505859375
0 0.71875 0.70703125 0.734375 0.666015625 0.576171875 0.603515625 0.556640625 0.642578125
0 0.0078125 0.439453125 0.015625 0.416015625 0.0859375 0.44140625 0.1015625 0.396484375 0.033203125 0.37109375 0.025390625 0.390625 0 0.380859375 0 0.435546875
0 0.197265625 0.451171875 0.203125 0.4375 0.14453125 0.4140625 0.12890625 0.453125 0.1875 0.4765625 0.1796875 0.49609375 0.369140625 0.5703125 0.38671875 0.525390625
0 0.05859375 0.30078125 0.06640625 0.283203125 0.1328125 0.30859375 0.146484375 0.26953125 0.080078125 0.244140625 0.076171875 0.255859375 0 0.2265625 0 0.27734375
0 0.302734375 0.140625 0.23828125 0.1171875 0.220703125 0.166015625 0.287109375 0.1875 0.28125 0.203125 0.44140625 0.259765625 0.447265625 0.244140625 0.51953125 0.26953125 0.537109375 0.22265625 0.46484375 0.197265625 0.4609375 0.2109375 0.298828125 0.154296875
0 0.255859375 0.30078125 0.259765625 0.291015625 0.193359375 0.267578125 0.177734375 0.310546875 0.244140625 0.333984375 0.23828125 0.349609375 0.421875 0.416015625 0.439453125 0.3671875
0 0.908203125 0.001953125 0.90234375 0 0.853515625 0 0.837890625 0.048828125 0.958984375 0.08984375 0.98046875 0.02734375 0.9453125 0.013671875 0.939453125 0.03125 0.90234375 0.017578125
0 0.103515625 0.119140625 0.1875 0.146484375 0.205078125 0.09375 0.12109375 0.06640625
0 0.90625 0.6796875 0.88671875 0.732421875 1 0.7734375 1 0.71484375 0.9765625 0.70703125
0 0.419921875 0.541015625 0.40234375 0.580078125 0.556640625 0.642578125 0.576171875 0.603515625
0 0.73046875 0.646484375 0.751953125 0.595703125 0.45703125 0.46875 0.435546875 0.51953125 0.73046875 0.646484375
0 1 0.58984375 0.998046875 0.498046875 0.962890625 0.498046875 0.962890625 0.591796875 1 0.58984375
0 0.822265625 0.0234375 0.822265625 0 0.7109375 0 0.7109375 0.0234375 0.822265625 0.0234375