0 0.962890625 0.1328125 1 0.1328125 1 0.064453125 0.962890625 0.064453125
0 0.958984375 0.287109375 1 0.287109375 1 0.22265625 0.958984375 0.22265625
0 0.951171875 0.376953125 0.951171875 0.388671875 0.951171875 0.439453125 1 0.439453125 1 0.376953125
0 0.951171875 0.51953125 0.951171875 0.578125 1 0.578125 1 0.517578125
0 0.998046875 0.751953125 0.998046875 0.765625 0.982421875 0.765625 0.982421875 0.759765625 0.962890625 0.759765625 0.962890625 0.763671875 0.9453125 0.763671875 0.943359375 0.828125 1 0.828125 1 0.751953125
0 0.421875 0.79296875 0.419921875 1 0.474609375 1 0.4765625 0.939453125 0.462890625 0.939453125 0.462890625 0.849609375 0.8515625 0.853515625 0.853515625 0.796875
0 0.9609375 0.93359375 0.984375 0.916015625 0.984375 0.87890625 0.94140625 0.87890625 0.94140625 0.93359375
0 0.05859375 0.78515625 0.05859375 0.83984375 0.3046875 0.841796875 0.3046875 0.78515625
0 0.05859375 0.865234375 0.3046875 0.8671875 0.3046875 0.841796875 0.05859375 0.83984375
0 0.54296875 0.69140625 0.8203125 0.69140625 0.8203125 0.6015625 0.54296875 0.6015625
0 0.423828125 0.38671875 0.421875 0.38671875 0.419921875 0.38671875 0.19140625 0.3828125 0 0.376953125 0 0.533203125 0.076171875 0.537109375 0.220703125 0.541015625 0.21875 0.623046875 0.39453125 0.625 0.396484375 0.54296875 0.55859375 0.544921875 0.720703125 0.54296875 0.861328125 0.5390625 0.861328125 0.388671875 0.65234375 0.388671875 0.52734375 0.38671875
0 0.369140625 0.267578125 0.3671875 0.337890625 0.419921875 0.337890625 0.419921875 0.38671875 0.421875 0.38671875 0.423828125 0.38671875 0.52734375 0.38671875 0.529296875 0.33984375 0.8515625 0.34765625 0.853515625 0.279296875
0 0.24609375 0.271484375 0 0.263671875 0 0.3359375 0.099609375 0.33984375 0.099609375 0.380859375 0.166015625 0.380859375 0.208984375 0.3828125 0.244140625 0.3828125 0.244140625 0.34375
0 0.263671875 0.265625 0.26171875 0.333984375 0.3671875 0.337890625 0.369140625 0.267578125
0 0.09765625 0.091796875 0.234375 0.09765625 0.236328125 0.0234375 0.1015625 0.017578125
0 0.24609375 0.09375 0.353515625 0.099609375 0.35546875 0.05078125 0.25 0.044921875