0 0.94921875 0.990234375 0.916015625 0.994140625 0.916015625 1 0.94921875 1
0 0.978515625 0.984375 0.94921875 0.990234375 0.94921875 1 0.98046875 1
0 0.990234375 0.982421875 0.9921875 1 1 1 1 0.98046875
0 0.8828125 0.869140625 1 0.84375 1 0.80078125 0.875 0.826171875
0 0.921875 0.943359375 1 0.9296875 1 0.884765625 0.916015625 0.8984375 0.921875 0.9375
0 0.65625 0.9140625 0.5703125 0.9296875 0.572265625 0.943359375 0.58203125 0.994140625 0.66796875 0.978515625 0.6640625 0.9609375
0 0.703125 0.986328125 0.740234375 0.962890625 0.76953125 0.94140625 0.861328125 0.89453125 0.837890625 0.84765625 0.81640625 0.853515625 0.794921875 0.86328125 0.775390625 0.873046875 0.75 0.88671875 0.7265625 0.90234375 0.708984375 0.9140625 0.693359375 0.927734375 0.697265625 0.955078125
0 0.34375 0.98046875 0.326171875 0.9921875 0.33203125 1 0.38671875 1
0 0.72265625 0.490234375 0.712890625 0.48828125 0.705078125 0.51171875 0.73046875 0.51953125 0.716796875 0.55859375 0.787109375 0.58203125 0.796875 0.5546875 0.7890625 0.552734375 0.79296875 0.541015625 0.853515625 0.560546875 0.849609375 0.572265625 0.841796875 0.568359375 0.83203125 0.59765625 0.904296875 0.623046875 0.91796875 0.58203125 0.939453125 0.58984375 0.947265625 0.56640625 0.94140625 0.564453125 0.943359375 0.560546875 0.724609375 0.486328125
0 0.9609375 0.2578125 0.94140625 0.318359375 1 0.337890625 1 0.26953125
0 0.69140625 0.443359375 0.7265625 0.455078125 0.81640625 0.1953125 0.783203125 0.18359375 0.779296875 0.189453125 0.775390625 0.1875 0.771484375 0.201171875 0.7578125 0.197265625 0.73828125 0.25390625 0.744140625 0.255859375 0.734375 0.283203125 0.740234375 0.28515625 0.734375 0.30078125 0.740234375 0.302734375 0.734375 0.3203125 0.728515625 0.318359375 0.72265625 0.337890625 0.7109375 0.333984375 0.68359375 0.416015625 0.693359375 0.419921875 0.6875 0.431640625 0.693359375 0.43359375 0.69140625 0.44140625
0 0.98046875 0.15234375 0.982421875 0.146484375 0.8828125 0.109375 0.87890625 0.119140625 0.873046875 0.115234375 0.86328125 0.140625 0.888671875 0.1484375 0.87890625 0.181640625 0.9453125 0.205078125 0.95703125 0.173828125 0.982421875 0.181640625 0.9921875 0.15625
0 0.853515625 0.08984375 0.83984375 0.130859375 0.86328125 0.140625 0.873046875 0.115234375 0.87890625 0.119140625 0.8828125 0.109375 0.982421875 0.146484375 0.98046875 0.15234375 0.9921875 0.15625 0.998046875 0.140625 0.87890625 0.09765625
0 0.568359375 0.708984375 0.615234375 0.6640625 0.5546875 0.603515625 0.5078125 0.6484375
0 0.568359375 0.787109375 0.58984375 0.78515625 0.5859375 0.755859375 0.56640625 0.755859375 0.568359375 0.779296875
0 0.564453125 0.73828125 0.521484375 0.740234375 0.525390625 0.78125 0.568359375 0.779296875
0 0.62109375 0.75390625 0.642578125 0.751953125 0.640625 0.728515625 0.619140625 0.73046875
0 0.60546875 0.9921875 0.56640625 1 0.60546875 1
0 0.814453125 0.8515625 0.564453125 0.896484375 0.5703125 0.9296875 0.65625 0.9140625 0.6640625 0.9609375 0.697265625 0.955078125 0.693359375 0.927734375 0.708984375 0.9140625 0.7265625 0.90234375 0.75 0.88671875 0.775390625 0.873046875 0.794921875 0.86328125 0.81640625 0.853515625
0 0.5234375 0.9609375 0.47265625 0.97265625 0.4609375 1 0.556640625 1
0 0.439453125 0.802734375 0.431640625 0.787109375 0.361328125 0.826171875 0.361328125 0.849609375 0.419921875 0.87890625 0.439453125 0.869140625 0.439453125 0.853515625
0 0.46875 0.822265625 0.46875 0.80078125 0.46484375 0.771484375 0.4609375 0.759765625 0.435546875 0.748046875 0.421875 0.75390625 0.333984375 0.8046875 0.337890625 0.857421875 0.3828125 0.884765625 0.39453125 0.8671875 0.361328125 0.849609375 0.361328125 0.826171875 0.431640625 0.787109375 0.439453125 0.802734375 0.439453125 0.853515625
0 0.791015625 0.666015625 0.66015625 0.626953125 0.626953125 0.666015625 0.64453125 0.6796875 0.640625 0.693359375 0.658203125 0.69921875 0.783203125 0.69140625
0 0.755859375 0.173828125 0.666015625 0.43359375 0.69140625 0.44140625 0.693359375 0.43359375 0.6875 0.431640625 0.693359375 0.419921875 0.68359375 0.416015625 0.7109375 0.333984375 0.72265625 0.337890625 0.728515625 0.318359375 0.734375 0.3203125 0.740234375 0.302734375 0.734375 0.30078125 0.740234375 0.28515625 0.734375 0.283203125 0.744140625 0.255859375 0.73828125 0.25390625 0.7578125 0.197265625 0.771484375 0.201171875 0.775390625 0.1875 0.779296875 0.189453125 0.783203125 0.18359375
0 0.986328125 0.51171875 1 0.560546875 1 0.515625
0 0.17578125 1 0.20703125 0.92578125 0.173828125 0.912109375 0.140625 0.990234375 0.17578125 1
0 0.962890625 0.76953125 0.94921875 0.677734375 0.783203125 0.703125 0.796875 0.794921875 0.962890625 0.76953125