0 0.41796875 0.720703125 0.376953125 0.822265625 0.412109375 0.8359375 0.453125 0.734375
0 0.421875 0.8984375 0.40234375 0.9140625 0.41796875 0.935546875 0.4375 0.919921875 0.427734375 0.908203125
0 0.421875 0.8984375 0.412109375 0.888671875 0.404296875 0.89453125 0.412109375 0.90625
0 0.478515625 0.869140625 0.462890625 0.84765625 0.412109375 0.888671875 0.427734375 0.908203125
0 0.54296875 0.87890625 0.56640625 0.86328125 0.533203125 0.814453125 0.509765625 0.830078125
0 0.228515625 0.978515625 0.21875 0.994140625 0.228515625 1 0.25390625 1 0.2578125 0.99609375
0 0.091796875 0.919921875 0.11328125 0.9375 0.138671875 0.90234375 0.115234375 0.88671875
0 0.1953125 0.9609375 0.20703125 0.9453125 0.185546875 0.9296875 0.162109375 0.96484375 0.20703125 0.99609375 0.220703125 0.9765625
0 0.458984375 0.66015625 0.46484375 0.646484375 0.43359375 0.6328125 0.427734375 0.646484375
0 0.375 0.62109375 0.41015625 0.640625 0.447265625 0.578125 0.412109375 0.55859375
0 0.349609375 0.595703125 0.357421875 0.576171875 0.341796875 0.5703125 0.3359375 0.58984375