0 0.380859375 0.14453125 0.408203125 0.10546875 0.37890625 0.08203125 0.419921875 0.02734375 0.380859375 0 0.181640625 0
0 0.728515625 0 0.5703125 0 0.55078125 0.03125 0.734375 0.15234375 0.802734375 0.048828125
0 0.84765625 0 0.728515625 0 0.86328125 0.087890625 0.8984375 0.033203125
0 0.802734375 0.048828125 0.630859375 0.310546875 0.693359375 0.3515625 0.8671875 0.08984375 0.86328125 0.087890625
0 0.86328125 0.203125 0.880859375 0.177734375 0.830078125 0.14453125 0.77734375 0.2265625 0.826171875 0.259765625 0.828125 0.2578125 0.845703125 0.26953125 0.87890625 0.212890625
0 0.994140625 0.34375 0.970703125 0.375 0.984375 0.384765625 0.974609375 0.396484375 0.998046875 0.4140625 1 0.41015625 1 0.34765625
0 0.927734375 0.51171875 0.958984375 0.53515625 0.9921875 0.48828125 1 0.4921875 1 0.412109375
0 0.826171875 0.38671875 0.853515625 0.341796875 0.83203125 0.328125 0.78515625 0.40625 0.861328125 0.451171875 0.880859375 0.419921875
0 0.931640625 0.216796875 0.892578125 0.26953125 1 0.34765625 1 0.265625
0 0.939453125 0.177734375 0.978515625 0.205078125 1 0.171875 1 0.130859375 0.98046875 0.1171875
0 0.62109375 0.296875 0.642578125 0.265625 0.46875 0.140625 0.4453125 0.171875 0.62109375 0.296875