0 0.212890625 0.408203125 0.49609375 0.408203125 0.49609375 0.54296875 0.212890625 0.54296875
0 0.13127055921052633 0.6292146381578947 0.17567845394736847 0.5657894736842105 0.22697368421052633 0.5764802631578947 0.27436266447368424 0.5945723684210525 0.2777549342105263 0.6585115131578947 0.2640830592105263 0.6973684210526315 0.18009868421052633 0.7112458881578947
0 0.2096011513157895 0.7261513157894736 0.38024259868421056 0.7847450657894736 0.32473273026315796 0.8824013157894736 0.2034333881578948 0.8803453947368419
0 0.10289884868421051 0.8761307565789473 0.2200863486842105 0.8761307565789473 0.2200863486842105 0.9991776315789473 0.10289884868421051 0.9991776315789473
0 0.345703125 0.2265625 0.54296875 0.2265625 0.54296875 0.279296875 0.345703125 0.279296875
0 0.36749588815789475 0.08285361842105263 0.43780838815789475 0.08285361842105263 0.43780838815789475 0.13754111842105265 0.36749588815789475 0.13754111842105265
0 0.15234375 0.22265625 0.33984375 0.22265625 0.33984375 0.279296875 0.15234375 0.279296875
0 0.90625 0.833984375 0.998046875 0.833984375 0.998046875 0.904296875 0.90625 0.904296875
0 0.865234375 0.958984375 0.97265625 0.958984375 0.97265625 1 0.865234375 1
0 0.162109375 0.17125822368421054 0.166015625 0.13219572368421054 0.337890625 0.14391447368421054 0.333984375 0.18297697368421054
0 0.46875 0.1533717105263158 0.47265625 0.09868421052631579 0.720703125 0.11235608552631579 0.716796875 0.1689967105263158
0 0.5364925986842105 0.23581414473684212 0.7308799342105262 0.23087993421052638 0.7386924342105262 0.2758018092105264 0.5375205592105263 0.2861842105263158
0 0.7617187500000001 0.4247532894736842 1 0.4247532894736842 0.998046875 0.4897203947368421 0.8788034539473684 0.4897203947368421 0.870579769736842 0.5884046052631579 0.7616159539473684 0.5997121710526315
0 0.783203125 0.1287006578947368 0.994140625 0.12088815789473681 1 0.27323190789473695 0.7890625 0.27909128289473695
0 0.958984375 0.568359375 1 0.568359375 1 0.67578125 0.958984375 0.67578125
0 0 0.1171875 0.06568667763157897 0.11759868421052634 0.046875 0.21875 0 0.21875
0 0.08583470394736842 0.3883634868421053 0.18544407894736842 0.3883634868421053 0.18544407894736842 0.5289884868421056 0.08583470394736842 0.5289884868421056
0 0.5420435855263158 0.3830180921052631 0.7451685855263158 0.3830180921052631 0.7451685855263158 0.4572368421052631 0.5420435855263158 0.4572368421052631
0 0.576171875 0.880859375 0.720703125 0.880859375 0.720703125 0.955078125 0.576171875 0.955078125
0 0.7512335526315789 0.6918174342105263 0.9270148026315788 0.6918174342105263 0.9270148026315788 0.7972861842105264 0.7512335526315789 0.7972861842105264
0 0.13188733552631582 0.7113486842105263 0.19048108552631582 0.7113486842105263 0.19048108552631582 0.8519736842105263 0.13188733552631582 0.8519736842105263
0 0.828125 0.837890625 0.875 0.794921875 0.908203125 0.82421875 0.859375 0.8671875
0 0.7452713815789473 0.9765624999999999 0.8136307565789473 0.9277343749999999 0.8292557565789473 0.9511718749999999 0.7589432565789473 0.9999999999999998
0 0.7296463815789473 0.8753083881578948 0.8116776315789473 0.8753083881578948 0.8116776315789473 0.9339021381578948 0.7296463815789473 0.9339021381578948
0 0.712890625 0.060546875 0.71484375 0.009765625 0.46484375 0 0.462890625 0.052734375 0.712890625 0.060546875
0 0.361328125 0.076171875 0.361328125 0 0.2734375 0 0.2734375 0.076171875 0.361328125 0.076171875
0 0.998046875 0.07421875 1 0 0.8203125 0 0.8203125 0.072265625 0.998046875 0.07421875
0 0.025390625 0.60546875 0.025390625 0.50390625 0 0.50390625 0 0.60546875 0.025390625 0.60546875
0 0.029296875 0.998046875 0.02734375 0.908203125 0 0.908203125 0 0.998046875 0.029296875 0.998046875
0 0.025390625 0.875 0.025390625 0.736328125 0 0.736328125 0 0.875 0.025390625 0.875
0 0.0234375 0.736328125 0.0234375 0.62109375 0 0.62109375 0 0.736328125 0.0234375 0.736328125