0 0.130859375 0.033203125 0.26171875 0 0.12109375 0
0 0.314453125 0.171875 0.298828125 0.1171875 0.08203125 0.171875 0 0.12109375 0 0.251953125
0 0.40625 0.08203125 0.41796875 0.12890625 0.919921875 0 0.7265625 0
0 0.111328125 0.494140625 0.021484375 0.509765625 0.029296875 0.646484375 0.119140625 0.62890625
0 0.35546875 0.53515625 0.3515625 0.435546875 0.294921875 0.4453125 0.296875 0.455078125 0.287109375 0.45703125 0.29296875 0.544921875
0 0.580078125 0.37890625 0.525390625 0.390625 0.51953125 0.494140625 0.5859375 0.478515625
0 0.462890625 0.404296875 0.404296875 0.416015625 0.404296875 0.517578125 0.45703125 0.5078125
0 0.734375 0.34375 0.671875 0.35546875 0.677734375 0.451171875 0.744140625 0.439453125
0 0.943359375 0.279296875 0.86328125 0.287109375 0.8515625 0.431640625 0.93359375 0.41015625
0 0.9453125 0.56640625 0.984375 0.5546875 0.966796875 0.490234375 0.927734375 0.501953125 0.9375 0.5390625
0 0.927734375 0.501953125 0.9453125 0.49609375 0.939453125 0.478515625 0.765625 0.52734375 0.783203125 0.583984375 0.9375 0.5390625
0 0.505859375 0.7421875 0.486328125 0.658203125 0.4296875 0.671875 0.43359375 0.68359375 0.4140625 0.6875 0.423828125 0.76171875
0 0.275390625 0.720703125 0.201171875 0.73828125 0.19921875 0.822265625 0.267578125 0.806640625
0 0.109375 0.75390625 0.048828125 0.767578125 0.044921875 0.857421875 0.115234375 0.841796875
0 0.826171875 0.6015625 0.7578125 0.609375 0.7578125 0.705078125 0.830078125 0.6953125 0.828125 0.615234375
0 0.654296875 0.623046875 0.587890625 0.6328125 0.5859375 0.728515625 0.65234375 0.71875 0.65625 0.63671875
0 0.884765625 0.86328125 0.8203125 0.8828125 0.814453125 0.97265625 0.88671875 0.951171875
0 0.7109375 0.9140625 0.650390625 0.931640625 0.64453125 1 0.712890625 1
0 0.54296875 0.974609375 0.474609375 0.982421875 0.474609375 1 0.541015625 1
0 0.287109375 0.45703125 0.22265625 0.46875 0.2265625 0.55859375 0.29296875 0.544921875
0 0.806640625 0.427734375 0.798828125 0.33203125 0.734375 0.34375 0.744140625 0.439453125
0 0.4140625 0.6875 0.361328125 0.69921875 0.357421875 0.787109375 0.412109375 0.7734375 0.41015625 0.765625 0.423828125 0.76171875
0 0.326171875 0.79296875 0.330078125 0.6953125 0.275390625 0.70703125 0.275390625 0.720703125 0.267578125 0.806640625
0 0.17578125 0.828125 0.17578125 0.73828125 0.109375 0.75390625 0.115234375 0.841796875
0 0.99609375 0.578125 0.9296875 0.587890625 0.9296875 0.681640625 0.994140625 0.673828125
0 0.890625 0.6875 0.892578125 0.607421875 0.828125 0.615234375 0.830078125 0.6953125
0 0.71875 0.7109375 0.716796875 0.626953125 0.65625 0.63671875 0.65234375 0.71875
0 0.984375 0.833984375 0.98046875 0.923828125 1 0.91796875 1 0.828125
0 0.943359375 0.935546875 0.947265625 0.84375 0.884765625 0.86328125 0.88671875 0.951171875
0 0.775390625 0.984375 0.779296875 0.89453125 0.7109375 0.9140625 0.712890625 1 0.720703125 1
0 0.474609375 0.982421875 0.416015625 0.98828125 0.4140625 1 0.474609375 1
0 0.3125 0.998046875 0.3125 0.970703125 0.24609375 0.97265625 0.24609375 1 0.3125 0.998046875
0 0.38671875 0.998046875 0.38671875 0.970703125 0.318359375 0.970703125 0.3203125 1 0.38671875 0.998046875
0 0.16015625 0.998046875 0.16015625 0.974609375 0.0703125 0.974609375 0.0703125 1 0.16015625 0.998046875