0 0.662109375 0.34765625 0.880859375 0.359375 0.896484375 0.076171875 0.677734375 0.0625
0 0.490234375 0.08984375 0.46484375 0.3515625 0.609375 0.3671875 0.634765625 0.10546875
0 0.45703125 0.06640625 0.55078125 0.07421875 0.552734375 0.0390625 0.4609375 0.03125
0 0.314453125 0.3359375 0.46484375 0.3515625 0.490234375 0.08984375 0.455078125 0.087890625 0.46484375 0.001953125 0.451171875 0 0.34765625 0
0 0.150390625 0.30078125 0.17578125 0.04296875 0 0.0234375 0 0.283203125
0 0.1484375 0.318359375 0.314453125 0.3359375 0.34765625 0 0.1796875 0
0 0.17578125 0.04296875 0.1796875 0 0 0 0 0.0234375
0 0.953125 0.35546875 1 0.357421875 1 0.296875 0.95703125 0.294921875
0 0.392578125 0.779296875 0.39453125 0.73046875 0 0.685546875 0 0.732421875
0 0.421875 0.806640625 1 0.865234375 1 0.79296875 0.4296875 0.744140625
0 0.134765625 1 0.134765625 0.916015625 0 0.916015625 0 0.998046875 0.134765625 1