0 0.0234375 0.322265625 0 0.30078125 0 0.322265625 0.013671875 0.333984375
0 0 0.32421875 0 0.337890625 0.0078125 0.34375 0.015625 0.3359375
0 0.041015625 0.080078125 0.0078125 0.095703125 0.025390625 0.12890625 0.05859375 0.11328125
0 0.091796875 0.099609375 0.1171875 0.087890625 0.1015625 0.056640625 0.076171875 0.068359375 0.08984375 0.09765625
0 0.07421875 0.0625 0.041015625 0.080078125 0.056640625 0.11328125 0.08984375 0.09765625
0 0.142578125 0.220703125 0.142578125 0.2109375 0.109375 0.2109375 0.109375 0.25390625 0.142578125 0.25390625 0.142578125 0.255859375 0.162109375 0.255859375 0.162109375 0.220703125
0 0.1640625 0.19140625 0.19140625 0.19140625 0.19140625 0.16015625 0.1640625 0.16015625
0 0.1640625 0.15234375 0.126953125 0.15234375 0.126953125 0.2109375 0.1640625 0.2109375 0.1640625 0.16015625
0 0.2421875 0.21875 0.25390625 0.21875 0.25390625 0.181640625 0.2421875 0.181640625
0 0.25390625 0.181640625 0.25390625 0.14453125 0.208984375 0.14453125 0.208984375 0.181640625 0.2421875 0.181640625
0 0.310546875 0.154296875 0.265625 0.154296875 0.265625 0.1953125 0.310546875 0.1953125
0 0.201171875 0.107421875 0.212890625 0.107421875 0.212890625 0.080078125 0.16796875 0.080078125 0.16796875 0.123046875 0.201171875 0.123046875
0 0.416015625 0.09765625 0.416015625 0.0703125 0.36328125 0.0703125 0.36328125 0.09765625
0 0.29296875 0.00390625 0.349609375 0.00390625 0.349609375 0 0.29296875 0
0 0.150390625 0.009765625 0.1796875 0.009765625 0.1796875 0 0.150390625 0
0 0.0234375 0.03125 0.001953125 0.044921875 0.01953125 0.072265625 0.041015625 0.05859375
0 0.021484375 0.021484375 0.0078125 0 0 0 0 0.03515625
0 0.03125 0 0.0078125 0 0.021484375 0.021484375 0.0390625 0.01171875
0 0.0625 0.046875 0.041015625 0.01171875 0 0.03515625 0 0.07421875 0.00390625 0.08203125 0.01953125 0.072265625 0.001953125 0.044921875 0.0234375 0.03125 0.041015625 0.05859375
0 0.419921875 0 0.396484375 0 0.396484375 0.005859375 0.419921875 0.005859375
0 0.5625 0.09765625 0.505859375 0.09765625 0.505859375 0.197265625 0.5625 0.197265625
0 0.552734375 0 0.51953125 0 0.51953125 0.09765625 0.552734375 0.09765625
0 0.521484375 0.34375 0.55859375 0.34375 0.55859375 0.21875 0.521484375 0.21875
0 0.181640625 0.255859375 0.19140625 0.255859375 0.19140625 0.234375 0.181640625 0.234375
0 0.361328125 0.015625 0.38671875 0.015625 0.38671875 0 0.361328125 0
0 0.50390625 0.814453125 0.5859375 0.814453125 0.5859375 0.552734375 0.50390625 0.552734375
0 0.6328125 0.923828125 0.6328125 0.87890625 0.541015625 0.87890625 0.541015625 0.923828125
0 0.734375 0.94921875 0.779296875 0.94921875 0.779296875 0.92578125 0.734375 0.92578125
0 0.962890625 0.853515625 1 0.853515625 1 0.64453125 0.962890625 0.64453125
0 0.533203125 0.470703125 0.6328125 0.470703125 0.6328125 0.40234375 0.533203125 0.40234375
0 0.947265625 0.888671875 0.962890625 0.888671875 0.962890625 0.849609375 0.947265625 0.849609375
0 0.9609375 0.5859375 0.6796875 0.5859375 0.6796875 0.611328125 0.9609375 0.611328125
0 0.86328125 0.498046875 0.6796875 0.498046875 0.6796875 0.5859375 0.86328125 0.5859375
0 0.96875 0.5859375 0.96875 0.583984375 1 0.583984375 1 0.498046875 0.86328125 0.498046875 0.86328125 0.5859375 0.9609375 0.5859375
0 0.216796875 0.080078125 0.275390625 0.080078125 0.275390625 0.05078125 0.216796875 0.05078125 0.216796875 0.0625
0 0.216796875 0.04296875 0.171875 0.04296875 0.171875 0.0625 0.216796875 0.0625
0 0.146484375 0.29296875 0.16015625 0.29296875 0.16015625 0.27734375 0.146484375 0.27734375
0 0.021484375 0.919921875 0.048828125 0.880859375 0.029296875 0.8671875 0.001953125 0.90625 0.01953125 0.91796875
0 0.001953125 0.90625 0 0.908203125 0 0.94140625 0.001953125 0.943359375 0.01953125 0.91796875
0 0.0390625 0.849609375 0.05078125 0.857421875 0.068359375 0.83203125 0.0546875 0.82421875
0 0.037109375 0.783203125 0.0234375 0.8046875 0.08203125 0.83984375 0.095703125 0.818359375
0 0.244140625 0.9609375 0.26171875 0.9375 0.1796875 0.876953125 0.162109375 0.900390625
0 0.298828125 0.970703125 0.283203125 1 0.3125 1 0.322265625 0.98046875 0.302734375 0.97265625
0 0.26953125 0.92578125 0.244140625 0.9609375 0.2890625 0.9921875 0.291015625 0.98828125 0.298828125 0.970703125 0.302734375 0.97265625 0.3125 0.95703125
0 0.861328125 0.349609375 0.861328125 0.2265625 0.818359375 0.228515625 0.8203125 0.349609375 0.861328125 0.349609375