0 0.33203125 0.28125 0.546875 0.287109375 0.548828125 0.2265625 0.333984375 0.220703125
0 0.349609375 0.125 0.56640625 0.134765625 0.568359375 0.07421875 0.353515625 0.06640625
0 0.623046875 0.28125 0.845703125 0.287109375 0.84765625 0.228515625 0.623046875 0.22265625
0 0.935546875 0.390625 1 0.388671875 1 0.328125 0.935546875 0.330078125
0 0.2734375 0.171875 0.271484375 0.107421875 0 0.109375 0 0.17578125
0 0.01171875 0.294921875 0.251953125 0.296875 0.25390625 0.234375 0.01171875 0.232421875
0 0.02734375 0.521484375 0.4453125 0.49609375 0.44140625 0.427734375 0.0234375 0.453125
0 0.447265625 0.75390625 0.39453125 0.75390625 0.39453125 0.775390625 0 0.78125 0 0.841796875 0.44921875 0.83203125
0 0.4375 0.662109375 0.435546875 0.591796875 0 0.60546875 0 0.67578125
0 0.908203125 0.55078125 0.763671875 0.5546875 0.767578125 0.626953125 0.91015625 0.623046875
0 0.931640625 0.486328125 0.9296875 0.421875 0.55078125 0.435546875 0.5546875 0.498046875 0.685546875 0.494140625
0 0.935546875 0.60546875 1 0.6015625 1 0.53515625 0.93359375 0.5390625
0 0.560546875 0.646484375 0.732421875 0.642578125 0.73046875 0.580078125 0.55859375 0.583984375
0 0.63671875 0.7578125 0.63671875 0.7421875 0.576171875 0.74609375 0.578125 0.814453125 0.638671875 0.810546875 0.640625 0.83203125 1 0.814453125 1 0.740234375
0 0.921875 0.974609375 0.921875 1 1 1 1 0.96875
0 0.921875 0.974609375 0.603515625 0.9921875 0.603515625 1 0.921875 1
0 0.32421875 0.025390625 0.32421875 0 0.03515625 0 0.03515625 0.025390625 0.32421875 0.025390625
0 0.54296875 0.998046875 0.54296875 0.953125 0.005859375 0.953125 0.005859375 1 0.54296875 0.998046875
0 0.521484375 0.6484375 0.51953125 0.525390625 0.474609375 0.525390625 0.478515625 0.650390625 0.521484375 0.6484375
0 0.529296875 0.833984375 0.52734375 0.76171875 0.44921875 0.763671875 0.451171875 0.8359375 0.529296875 0.833984375
0 0.02734375 0.068359375 0.029296875 0 0 0 0 0.06640625 0.02734375 0.068359375