0 0.001953125 0.376953125 0 0.380859375 0 0.638671875 0.103515625 0.681640625 0.1953125 0.455078125
0 0.150390625 0.5625 0.103515625 0.681640625 0.146484375 0.69921875 0.193359375 0.580078125
0 0 0.72265625 0 0.865234375 0.068359375 0.89453125 0.1171875 0.771484375
0 0 0.638671875 0 0.72265625 0.1171875 0.771484375 0.146484375 0.69921875
0 0.19140625 0.369140625 0.30078125 0.4140625 0.33203125 0.3359375 0.22265625 0.29296875
0 0.240234375 0.263671875 0.263671875 0.205078125 0.10546875 0.140625 0.08203125 0.19921875
0 0 0.185546875 0 0.330078125 0.02734375 0.341796875 0.076171875 0.216796875
0 0.21875 0 0.19140625 0 0.171875 0.05078125 0.267578125 0.08984375 0.291015625 0.029296875
0 0.15234375 0.04296875 0.142578125 0.064453125 0.146484375 0.0703125 0.1484375 0.072265625 0.150390625 0.080078125 0.150390625 0.0859375 0.1484375 0.095703125 0.14453125 0.099609375 0.140625 0.103515625 0.310546875 0.171875 0.333984375 0.115234375
0 0.03515625 0.0390625 0.029296875 0.046875 0.02734375 0.052734375 0.02734375 0.056640625 0.029296875 0.06640625 0.03125 0.072265625 0.0390625 0.078125 0.046875 0.08203125 0.05078125 0.083984375 0.0546875 0.083984375 0.05859375 0.083984375 0.0625 0.08203125 0.0703125 0.078125 0.07421875 0.07421875 0.078125 0.0703125 0.080078125 0.05859375 0.080078125 0.052734375 0.078125 0.046875 0.076171875 0.04296875 0.072265625 0.037109375 0.0625 0.033203125 0.05859375 0.03125 0.0546875 0.03125 0.05078125 0.03125 0.046875 0.03125 0.044921875 0.033203125
0 0.1328125 0.05859375 0.12890625 0.056640625 0.125 0.056640625 0.12109375 0.056640625 0.1171875 0.056640625 0.115234375 0.05859375 0.10546875 0.06640625 0.099609375 0.072265625 0.09765625 0.078125 0.09765625 0.083984375 0.099609375 0.091796875 0.1015625 0.09765625 0.109375 0.10546875 0.1171875 0.109375 0.12109375 0.109375 0.125 0.109375 0.12890625 0.109375 0.1328125 0.109375 0.140625 0.103515625 0.14453125 0.099609375 0.1484375 0.095703125 0.150390625 0.0859375 0.150390625 0.080078125 0.1484375 0.072265625 0.146484375 0.0703125 0.142578125 0.064453125
0 0.056640625 0.005859375 0.171875 0.05078125 0.19140625 0 0.05859375 0
0 0.39453125 0.0390625 0.39453125 0 0.29296875 0 0.29296875 0.0390625 0.39453125 0.0390625