0 0.12582236842105265 0.3569078947368421 0.28402549342105265 0.3569078947368421 0.28402549342105265 0.4506578947368421 0.12582236842105265 0.4506578947368421
0 0.13969983552631582 0.4557976973684211 0.2718955592105263 0.44911595394736836 0.2897820723684211 0.9327713815789472 0.16231496710526316 0.9276315789473684
0 0.17166940789473684 0.9295847039473684 0.28495065789473684 0.9295847039473684 0.28495065789473684 0.9862253289473683 0.17166940789473684 0.9862253289473683
0 0.4525082236842106 0.6036184210526315 0.6302425986842106 0.5938527960526315 0.6341488486842106 0.6504934210526315 0.4564144736842106 0.6583059210526315
0 0.6768092105263158 0.581311677631579 0.8486842105263158 0.571546052631579 0.8564967105263158 0.635999177631579 0.6846217105263158 0.645764802631579
0 0.447265625 0.412828947368421 0.771484375 0.389391447368421 0.77734375 0.453844572368421 0.453125 0.475328947368421
0 0.5 0.7302631578947368 0.568359375 0.7224506578947368 0.576171875 0.7869037828947368 0.5078125 0.7927631578947368
0 0.587890625 0.708984375 0.6640625 0.708984375 0.6640625 0.783203125 0.587890625 0.783203125
0 0.517578125 0.8612253289473684 0.58203125 0.8553659539473684 0.591796875 0.9217722039473684 0.52734375 0.9276315789473684
0 0.6182154605263158 0.844983552631579 0.6943873355263158 0.844983552631579 0.6943873355263158 0.915296052631579 0.6182154605263158 0.915296052631579
0 0.7129934210526315 0.9053248355263158 0.7129934210526315 0.8330592105263158 0.7891652960526315 0.8330592105263158 0.7891652960526315 0.9053248355263158
0 0.796875 0.833984375 0.873046875 0.828125 0.87890625 0.89453125 0.802734375 0.90234375
0 0.7123766447368421 0.7280016447368421 0.7612047697368421 0.7280016447368421 0.7729235197368421 0.7885485197368421 0.7201891447368421 0.7885485197368421
0 0.8985408399470899 0.9620949074074073 0.8194857804232804 0.958994708994709 0.8246242233187133 0.998046875 0.9000909391534391 0.998046875
0 0.8055348875661374 0.9640480324074073 0.7264798280423279 0.960947833994709 0.7316182709377609 0.9999999999999999 0.8070849867724866 0.9999999999999999
0 0.7130456349206349 0.9640480324074077 0.6339905753968254 0.9609478339947093 0.6391290182922583 1 0.7145957341269841 1
0 0.6205563822751322 0.9640480324074077 0.5415013227513227 0.9609478339947093 0.5466397656467556 0.9999999999999999 0.6221064814814814 0.9999999999999999
0 1 0.119140625 1 0 0.892578125 0 0.892578125 0.119140625 1 0.119140625
0 1 0.453125 1 0.3984375 0.947265625 0.3984375 0.947265625 0.451171875 1 0.453125
0 1 0.603515625 1 0.541015625 0.962890625 0.541015625 0.96484375 0.603515625 1 0.603515625
0 0.234375 0.142578125 0.234375 0 0.130859375 0 0.130859375 0.142578125 0.234375 0.142578125
0 0.029296875 0.6875 0.02734375 0.640625 0 0.642578125 0 0.6875 0.029296875 0.6875