0 0.787109375 0.97265625 0.833984375 1 0.939453125 1 0.8125 0.927734375
0 0.9296875 0.96875 0.984375 1 1 1 1 0.9453125 0.95703125 0.921875
0 0.818359375 0.908203125 0.892578125 0.94921875 0.91796875 0.90234375 0.84375 0.861328125
0 0.533203125 0.498046875 0.55859375 0.51171875 0.642578125 0.345703125 0.6171875 0.333984375
0 0.75390625 0.466796875 0.73046875 0.515625 0.8125 0.556640625 0.8359375 0.5078125
0 0.73046875 0.515625 0.669921875 0.634765625 0.751953125 0.67578125 0.8125 0.556640625
0 0.51953125 0.560546875 0.4921875 0.615234375 0.615234375 0.67578125 0.642578125 0.62109375 0.572265625 0.5859375
0 0.6953125 0.513671875 0.712890625 0.478515625 0.64453125 0.443359375 0.572265625 0.5859375 0.669921875 0.634765625 0.724609375 0.52734375
0 0.642578125 0.283203125 0.6171875 0.333984375 0.85546875 0.455078125 0.880859375 0.404296875
0 0.900390625 0.357421875 0.703125 0.2578125 0.685546875 0.29296875 0.8828125 0.392578125 0.888671875 0.37890625
0 0.908203125 0.34375 0.888671875 0.37890625 0.95703125 0.4140625 0.974609375 0.37890625
0 0.890625 0.30078125 0.876953125 0.328125 0.974609375 0.37890625 0.96484375 0.3984375 1 0.416015625 1 0.35546875
0 0.744140625 0.220703125 0.7265625 0.251953125 0.876953125 0.328125 0.892578125 0.294921875
0 0.732421875 0.169921875 0.6875 0.1484375 0.654296875 0.21484375 0.697265625 0.23828125
0 0.71875 0.078125 0.6953125 0.123046875 0.7421875 0.146484375 0.765625 0.103515625
0 0.765625 0.103515625 0.697265625 0.23828125 0.7265625 0.251953125 0.783203125 0.14453125 0.79296875 0.1171875
0 0.955078125 0.115234375 0.869140625 0.08203125 0.853515625 0.125 0.939453125 0.158203125
0 0.796875 0.103515625 0.783203125 0.14453125 0.9453125 0.205078125 0.958984375 0.1640625 0.853515625 0.125
0 0.953125 0.20703125 1 0.23828125 1 0.18359375 0.978515625 0.169921875
0 0.958984375 0.458984375 0.787109375 0.79296875 0.826171875 0.8125 0.96484375 0.544921875 1 0.5625 1 0.478515625
0 0.943359375 0.87890625 0.984375 0.900390625 1 0.869140625 1 0.767578125
0 0.48828125 0.888671875 0.466796875 0.92578125 0.599609375 1 0.69140625 1 0.5078125 0.900390625
0 0.5390625 0.84375 0.5078125 0.900390625 0.69140625 1 0.75 1 0.767578125 0.970703125
0 0.59765625 0.72265625 0.576171875 0.76171875 0.724609375 0.841796875 0.69921875 0.888671875 0.55078125 0.806640625 0.533203125 0.841796875 0.767578125 0.970703125 0.833984375 0.853515625
0 0.53515625 0.673828125 0.431640625 0.888671875 0.466796875 0.90625 0.572265625 0.69140625
0 0.443359375 0.63671875 0.3671875 0.791015625 0.41015625 0.8125 0.486328125 0.65625
0 0.486328125 0.65625 0.39453125 0.84375 0.35546875 0.82421875 0.341796875 0.853515625 0.427734375 0.89453125 0.533203125 0.6796875
0 0.294921875 0.5859375 0.35546875 0.609375 0.369140625 0.572265625 0.30859375 0.548828125
0 0.283203125 0.98828125 0.3046875 1 0.34765625 1 0.357421875 0.984375 0.30078125 0.953125
0 0.3359375 0.865234375 0.291015625 0.947265625 0.38671875 1 0.521484375 1 0.537109375 0.974609375
0 0.04296875 0.951171875 0.044921875 0.8359375 0 0.8359375 0 0.94921875 0.04296875 0.951171875
0 0.125 0.5390625 0.14453125 0.505859375 0.078125 0.46484375 0.05859375 0.498046875 0.125 0.5390625
0 0.76953125 0.779296875 0.798828125 0.71484375 0.642578125 0.640625 0.611328125 0.705078125 0.76953125 0.779296875
0 0.181640625 0.4921875 0.205078125 0.453125 0.166015625 0.4296875 0.142578125 0.466796875 0.181640625 0.4921875
0 0.20703125 0.4296875 0.2265625 0.39453125 0.19921875 0.37890625 0.1796875 0.4140625 0.20703125 0.4296875
0 0.919921875 0.302734375 0.95703125 0.25 0.93359375 0.232421875 0.896484375 0.287109375 0.919921875 0.302734375
0 0.865234375 0.623046875 0.927734375 0.5078125 0.861328125 0.470703125 0.798828125 0.587890625 0.865234375 0.623046875
0 0.279296875 0.962890625 0.31640625 0.875 0.28125 0.859375 0.2421875 0.947265625 0.279296875 0.962890625
0 0.193359375 0.744140625 0.208984375 0.71484375 0.1796875 0.69921875 0.1640625 0.728515625 0.193359375 0.744140625
0 0.845703125 0.1015625 0.857421875 0.07421875 0.822265625 0.05859375 0.80859375 0.0859375 0.845703125 0.1015625
0 0.21484375 0.8125 0.228515625 0.76171875 0.177734375 0.748046875 0.166015625 0.798828125 0.21484375 0.8125