0 0.927734375 0.45703125 0.951171875 0.408203125 0.998046875 0.4434621710526316 0.990234375 0.48828125
0 0.4080447635135135 0.09554476351351342 0.4158572635135135 0.0584353885135135 0.4490603885135135 0.0682010135135135 0.4392947635135135 0.10335726351351343
0 0.410512713878327 0 0.5548917483660131 0.02639910130718956 0.6225490196078431 0 0.6902062908496732 0 0.5657230275665399 0.07707046102661595 0.41199798003802285 0.032512476235741425
0 0.654296875 0.173828125 0.6953125 0.033203125 0.8046875 0.05078125 0.763671875 0.193359375
0 0.3839386261261261 0.06515695382882884 0.3976105011261261 0.02804757882882883 0.4288605011261261 0.03781320382882883 0.4151886261261261 0.07687570382882884
0 0.18503289473684215 0.34066611842105265 0.19675164473684215 0.26254111842105265 0.34518914473684215 0.28597861842105265 0.33347039473684215 0.36410361842105265
0 0 0.10546875 0.015625 0.052734375 0.115234375 0.091796875 0.1015625 0.1484375
0 0.634765625 0.7265625 0.65234375 0.67578125 0.830078125 0.73046875 0.8125 0.78125
0 0.466796875 0.650390625 0.5 0.60546875 0.67578125 0.69140625 0.642578125 0.734375
0 0.15234375 0.0625 0.1640625 0.009765625 0.35546875 0.05859375 0.34375 0.111328125
0 0.3125 0.591796875 0.341796875 0.552734375 0.47265625 0.634765625 0.443359375 0.67578125
0 0.125 0.564453125 0.140625 0.513671875 0.30078125 0.568359375 0.287109375 0.619140625
0 0.001953125 0.529296875 0.005859375 0.46484375 0.130859375 0.474609375 0.126953125 0.541015625
0 0.109375 0.158203125 0.126953125 0.107421875 0.3203125 0.1640625 0.302734375 0.21484375
0 0.37109375 0.376953125 0.392578125 0.330078125 0.62890625 0.42578125 0.609375 0.47265625
0 0.36328125 0.15625 0.380859375 0.1015625 0.56640625 0.15234375 0.546875 0.20703125
0 0.896484375 0.025390625 0.90234375 0 0.994140625 0.021484375 0.986328125 0.046875
0 0.6171875 0.578125 0.63671875 0.525390625 0.876953125 0.625 0.85546875 0.677734375
0 0.884765625 0.62109375 0.9140625 0.5234375 1 0.55078125 0.974609375 0.646484375
0 0.638671875 0.47265625 0.658203125 0.421875 0.904296875 0.515625 0.8828125 0.568359375
0 0.5421463815789475 0.21319901315789475 0.5668174342105263 0.13815789473684215 0.6644736842105263 0.1587171052631579 0.6459703947368421 0.25534539473684215
0 0.15625 0.453125 0.171875 0.40625 0.333984375 0.458984375 0.318359375 0.505859375
0 0.34375 0.48046875 0.369140625 0.435546875 0.5 0.51953125 0.47265625 0.564453125
0 0.8811677631578947 0.698499177631579 0.8967927631578947 0.639905427631579 0.9339021381578947 0.649671052631579 0.9202302631578947 0.708264802631579
0 0.08203125 0.998046875 0.08203125 0.970703125 0 0.970703125 0 1 0.08203125 0.998046875