0 0.033203125 0.076171875 0.041015625 0.02734375 0.140625 0.056640625 0.1328125 0.10546875
0 0.521484375 0.208984375 0.525390625 0.146484375 0.873046875 0.173828125 0.869140625 0.234375
0 0.15234375 0.6015625 0.181640625 0.5546875 0.294921875 0.623046875 0.267578125 0.669921875
0 0.37791553442028986 0.7505000754830918 0.42869678442028986 0.6821407004830918 0.5947124094202898 0.7622188254830918 0.5439311594202898 0.8305782004830918
0 0.578125 0.552734375 0.736328125 0.552734375 0.736328125 0.62109375 0.578125 0.62109375
0 0.201171875 0.53515625 0.21484375 0.478515625 0.52734375 0.54296875 0.513671875 0.599609375
0 0.5061257102272727 0.34117542613636365 0.5119850852272727 0.28648792613636365 0.8147194602272727 0.31773792613636365 0.8088600852272727 0.37437855113636365
0 0.2265625 0.275390625 0.240234375 0.2265625 0.400390625 0.26171875 0.38671875 0.310546875
0 0.240234375 0.03515625 0.25 0 0.513671875 0.05078125 0.501953125 0.08984375
0 0 0.873046875 0.013671875 0.822265625 0.140625 0.876953125 0.12890625 0.927734375
0 0.024568256578947373 0.7410567434210527 0.04019325657894737 0.7117598684210527 0.14175575657894737 0.7781661184210527 0.12222450657894737 0.8113692434210527
0 0.58984375 0.4765625 0.59375 0.42578125 0.794921875 0.435546875 0.7890625 0.486328125
0 0.205078125 0.4140625 0.216796875 0.36328125 0.5078125 0.421875 0.49609375 0.46875
0 0.5880237926136364 0.09295099431818182 0.6153675426136364 0.022638494318181823 0.7384144176136364 0.07146661931818182 0.7091175426136364 0.14177911931818182
0 0.05606356534090909 0.4167702414772727 0.07754794034090909 0.3777077414772727 0.1732510653409091 0.4323952414772727 0.1517666903409091 0.4714577414772727
0 0.024236505681818177 0.31800426136363635 0.05939275568181818 0.26722301136363635 0.11993963068181818 0.30433238636363635 0.08478338068181818 0.35511363636363635
0 0.16036184210526316 0.9921875 0.16817434210526316 0.86328125 0.26778371710526316 0.87109375 0.25801809210526316 0.9999999999999999
0 0.23046875 0.154296875 0.2421875 0.10546875 0.494140625 0.16015625 0.484375 0.208984375
0 0.908203125 0.486328125 0.93359375 0.439453125 1 0.484375 0.97265625 0.533203125
0 0.87109375 0.583984375 0.89453125 0.544921875 1 0.611328125 0.9765625 0.6484375
0 0.755859375 0.78125 0.779296875 0.744140625 0.998046875 0.88671875 0.974609375 0.92578125
0 0.814453125 0.68359375 0.837890625 0.642578125 1 0.755859375 0.974609375 0.794921875
0 0.6708470394736842 0.9176603618421053 0.7196751644736842 0.8649259868421053 0.9533305921052632 0.998046875 0.8207236842105263 0.998046875
0 0.8069137893356644 0.42295399912587417 0.8166794143356644 0.40146962412587417 0.8459762893356644 0.41709462412587417 0.8342575393356644 0.43662587412587417
0 0.26809210526315774 0.8906250000000002 0.41652960526315774 1 0.26809210526315774 1
0 0.24609375 0.8722245065789473 0.27734375 0.8194901315789473 0.490234375 0.9464432565789473 0.45703125 0.9991776315789473
0 0.078125 0.998046875 0.078125 0.962890625 0 0.962890625 0 0.998046875 0.078125 0.998046875