0 0.078125 0.275390625 0.119140625 0.203125 0 0.134765625 0 0.232421875
0 0.224609375 0.5703125 0.228515625 0.591796875 0.203125 0.595703125 0.19921875 0.57421875 0.16796875 0.580078125 0.171875 0.599609375 0.12890625 0.607421875 0.138671875 0.669921875 0.298828125 0.646484375 0.2890625 0.58203125 0.255859375 0.587890625 0.251953125 0.56640625
0 0.31640625 0.28515625 0.302734375 0.27734375 0.29296875 0.29296875 0.265625 0.27734375 0.232421875 0.333984375 0.369140625 0.408203125 0.400390625 0.3515625 0.373046875 0.3359375 0.380859375 0.3203125 0.359375 0.30859375 0.3671875 0.294921875 0.32421875 0.271484375
0 0.04296875 0.751953125 0.046875 0.78515625 0.029296875 0.787109375 0.025390625 0.755859375 0 0.7578125 0 0.845703125 0.12109375 0.828125 0.11328125 0.767578125 0.07421875 0.7734375 0.0703125 0.748046875
0 0.712890625 0.552734375 0.720703125 0.5390625 0.6953125 0.5234375 0.685546875 0.5390625 0.654296875 0.521484375 0.662109375 0.505859375 0.623046875 0.484375 0.615234375 0.5 0.572265625 0.4765625 0.580078125 0.4609375 0.54296875 0.439453125 0.533203125 0.455078125 0.49609375 0.43359375 0.46875 0.482421875 0.70703125 0.61328125 0.734375 0.56640625
0 0.5 0.8359375 0.5078125 0.8203125 0.46875 0.798828125 0.4609375 0.814453125 0.41796875 0.791015625 0.427734375 0.7734375 0.3828125 0.748046875 0.373046875 0.765625 0.34765625 0.751953125 0.322265625 0.798828125 0.552734375 0.923828125 0.578125 0.876953125 0.560546875 0.8671875 0.568359375 0.853515625 0.5390625 0.837890625 0.53125 0.8515625 0.51953125 0.845703125
0 0.494140625 0.892578125 0.458984375 0.955078125 0.43359375 0.94140625 0.400390625 1 0.486328125 1 0.533203125 0.9140625
0 0.6484375 0.607421875 0.615234375 0.58984375 0.50390625 0.798828125 0.53515625 0.814453125 0.51953125 0.845703125 0.53125 0.8515625 0.5390625 0.837890625 0.56640625 0.853515625 0.697265625 0.609375 0.658203125 0.587890625
0 0.400390625 0.3515625 0.361328125 0.421875 0.46875 0.482421875 0.49609375 0.43359375 0.533203125 0.455078125 0.54296875 0.439453125 0.580078125 0.4609375 0.572265625 0.4765625 0.615234375 0.5 0.623046875 0.484375 0.662109375 0.505859375 0.654296875 0.521484375 0.685546875 0.5390625 0.6953125 0.5234375 0.720703125 0.5390625 0.712890625 0.552734375 0.734375 0.56640625 0.748046875 0.54296875 0.5078125 0.41015625
0 0.904296875 0.03125 1 0.0234375 1 0 0.900390625 0
0 0.724609375 0.05859375 0.884765625 0.029296875 0.87890625 0 0.712890625 0
0 0.8515625 0.169921875 1 0.244140625 1 0.177734375 0.876953125 0.1171875
0 0.619140625 0.92578125 0.740234375 1 0.744140625 1 0.80078125 0.91015625 0.67578125 0.833984375
0 0.79296875 0.70703125 0.94140625 0.80078125 1 0.70703125 1 0.697265625 0.85546875 0.609375
0 0.55859375 0.05078125 0.55859375 0 0.40234375 0 0.40234375 0.048828125 0.55859375 0.05078125
0 0.70703125 0.171875 0.73046875 0.125 0.6328125 0.072265625 0.607421875 0.119140625 0.70703125 0.171875