0 0.279296875 0.208984375 0.197265625 0.212890625 0.19921875 0.26953125 0.283203125 0.265625
0 0.197265625 0.212890625 0 0.220703125 0 0.279296875 0.19921875 0.26953125
0 0.08203125 0.041015625 0 0.044921875 0 0.1015625 0.0859375 0.09765625
0 0.27734375 0.02734375 0.111328125 0.037109375 0.1171875 0.1015625 0.28125 0.08984375
0 0.482421875 0.283203125 0.724609375 0.26953125 0.72265625 0.224609375 0.48046875 0.23828125
0 0.474609375 0.146484375 0.740234375 0.130859375 0.73828125 0.078125 0.47265625 0.09375 0.474609375 0.12109375
0 0.765625 0.134765625 1 0.12109375 1 0.05859375 0.76171875 0.072265625
0 0.78515625 0.2421875 1 0.23046875 1 0.17578125 0.78125 0.189453125
0 0.470703125 0.0703125 0.375 0.076171875 0.376953125 0.125 0.474609375 0.12109375 0.47265625 0.09375
0 0.935546875 1 1 1 1 0.951171875 0.93359375 0.95703125
0 0.345703125 0.732421875 0 0.75 0 0.88671875 0.005859375 0.98828125 0.359375 0.96875
0 0.412109375 0 0.365234375 0 0.369140625 0.0390625 0.416015625 0.03515625
0 0.697265625 0.412109375 1 0.392578125 1 0.337890625 0.693359375 0.357421875
0 0.71875 0.72265625 1 0.70703125 1 0.65234375 0.71484375 0.669921875
0 0.728515625 0.88671875 1 0.869140625 1 0.814453125 0.7265625 0.83203125
0 0.70703125 0.57421875 1 0.556640625 1 0.501953125 0.705078125 0.51953125
0 0.552734375 0.662109375 0.546875 0.591796875 0.49609375 0.595703125 0.501953125 0.66796875 0.552734375 0.662109375
0 0.9921875 0.791015625 0.990234375 0.75 0.716796875 0.76953125 0.71875 0.810546875 0.9921875 0.791015625
0 0.544921875 0.5625 0.544921875 0.52734375 0.486328125 0.529296875 0.48828125 0.564453125 0.544921875 0.5625