0 0.923828125 0.421875 1 0.4296875 1 0.341796875 0.935546875 0.333984375
0 0.84375 0.505859375 0.990234375 0.521484375 0.99609375 0.462890625 0.849609375 0.447265625
0 0.880859375 0.75 0.99609375 0.84375 1 0.837890625 1 0.6015625
0 0.501953125 0.3046875 0.509765625 0.2578125 0.19921875 0.205078125 0.19140625 0.251953125 0.24609375 0.259765625
0 0.177734375 0.326171875 0.232421875 0.3359375 0.24609375 0.259765625 0.19140625 0.251953125
0 0.177734375 0.326171875 0.169921875 0.375 0.3203125 0.400390625 0.330078125 0.3515625 0.232421875 0.3359375
0 0.1328125 0.595703125 0.447265625 0.6484375 0.486328125 0.416015625 0.322265625 0.388671875 0.3203125 0.400390625 0.169921875 0.375
0 0 0.541015625 0 0.62890625 0.068359375 0.6328125 0.0703125 0.544921875
0 0.0703125 0.544921875 0.072265625 0.50390625 0 0.501953125 0 0.541015625
0 0.07421875 0.408203125 0.068359375 0.63671875 0.123046875 0.638671875 0.130859375 0.41015625
0 0 0.3984375 0 0.501953125 0.072265625 0.50390625 0.076171875 0.40234375 0.03125 0.400390625
0 0.033203125 0.34375 0 0.341796875 0 0.3828125 0.03125 0.384765625 0.033203125 0.361328125
0 0.033203125 0.361328125 0.03125 0.400390625 0.07421875 0.400390625 0.076171875 0.36328125
0 0.068359375 0.3359375 0.123046875 0.3359375 0.125 0.3046875 0.0703125 0.302734375
0 0.6796875 0.494140625 0.66015625 0.513671875 0.6796875 0.5546875 0.73046875 0.607421875 0.759765625 0.578125
0 0.58984375 0.435546875 0.6015625 0.427734375 0.568359375 0.3828125 0.556640625 0.390625
0 0.755859375 0.021484375 0.78515625 0.0234375 0.78515625 0 0.755859375 0
0 0.05078125 0.197265625 0.052734375 0.138671875 0 0.134765625 0 0.1953125
0 0.154296875 0.033203125 0 0 0 0.048828125 0.14453125 0.080078125 0.15234375 0.044921875
0 0.15234375 0.044921875 0.140625 0.099609375 0.21484375 0.115234375 0.2265625 0.060546875
0 0.21484375 0.115234375 0.28515625 0.130859375 0.296875 0.076171875 0.2265625 0.060546875
0 0.12890625 0.154296875 0.15234375 0.158203125 0.158203125 0.126953125 0.134765625 0.12109375
0 0.158203125 0.126953125 0.15234375 0.158203125 0.18359375 0.166015625 0.189453125 0.1328125
0 0.189453125 0.1328125 0.185546875 0.154296875 0.2109375 0.16015625 0.216796875 0.138671875
0 0.216796875 0.138671875 0.2109375 0.1640625 0.23828125 0.169921875 0.244140625 0.14453125
0 0.23828125 0.169921875 0.267578125 0.177734375 0.2734375 0.150390625 0.244140625 0.14453125
0 0.69140625 0.48046875 0.7421875 0.517578125 0.767578125 0.484375 0.716796875 0.447265625 0.697265625 0.47265625
0 0.798828125 0.3359375 0.640625 0.306640625 0.611328125 0.375 0.697265625 0.47265625 0.716796875 0.447265625
0 0.564453125 0.3515625 0.57421875 0.26171875 0.546875 0.259765625 0.537109375 0.34765625 0.564453125 0.3515625
0 0.578125 0.59765625 0.576171875 0.548828125 0.5390625 0.55078125 0.54296875 0.599609375 0.578125 0.59765625
0 0.658203125 0.65234375 0.638671875 0.619140625 0.576171875 0.65625 0.59375 0.6875 0.658203125 0.65234375
0 0.998046875 0.15625 1 0 0.970703125 0 0.970703125 0.15625 0.998046875 0.15625