0 0.080078125 0.591796875 0.080078125 0.60546875 0.0234375 0.60546875 0.0234375 0.65625 0.091796875 0.65625 0.091796875 0.744140625 0 0.7421875 0 0.8046875 0.09375 0.806640625 0.099609375 0.80859375 0.10546875 0.8125 0.111328125 0.814453125 0.1171875 0.814453125 0.123046875 0.814453125 0.12890625 0.8125 0.134765625 0.810546875 0.140625 0.80859375 0.14453125 0.8046875 0.1484375 0.798828125 0.15234375 0.794921875 0.154296875 0.7890625 0.154296875 0.783203125 0.15625 0.775390625 0.154296875 0.76953125 0.15234375 0.763671875 0.150390625 0.7578125 0.15234375 0.591796875
0 0.767578125 0.267578125 1 0.267578125 1 0.208984375 0.767578125 0.20703125
0 0.4765625 0.224609375 0.4765625 0.283203125 0.71875 0.28515625 0.71875 0.2265625
0 0.630859375 0.916015625 0.841796875 0.91796875 0.841796875 0.86328125 0.630859375 0.861328125
0 0.63671875 0.74609375 0.951171875 0.75 0.953125 0.697265625 0.63671875 0.693359375
0 0.3828125 0.93359375 0.56640625 0.935546875 0.56640625 0.88671875 0.384765625 0.884765625
0 0.40234375 0.708984375 0.40234375 0.765625 0.587890625 0.767578125 0.58984375 0.7109375
0 0.400390625 0.52734375 0.400390625 0.583984375 0.619140625 0.5859375 0.619140625 0.529296875
0 0.71875 0.55859375 0.9296875 0.560546875 0.9296875 0.509765625 0.71875 0.5078125
0 0.123046875 0.5234375 0.12109375 0.45703125 0 0.458984375 0 0.525390625 0.123046875 0.5234375
0 0.123046875 0.353515625 0.123046875 0.283203125 0 0.283203125 0 0.353515625 0.123046875 0.353515625
0 0.05078125 0.1640625 0.05078125 0.095703125 0 0.095703125 0 0.1640625 0.05078125 0.1640625
0 0.126953125 1 0.126953125 0.970703125 0 0.970703125 0 1 0.126953125 1