0 0.91015625 0.25 0.91015625 0.2578125 0.888671875 0.259765625 0.888671875 0.251953125 0.845703125 0.259765625 0.84765625 0.2734375 0.837890625 0.2734375 0.845703125 0.326171875 0.865234375 0.32421875 0.865234375 0.330078125 0.900390625 0.32421875 0.900390625 0.318359375 0.927734375 0.314453125 0.927734375 0.3203125 0.9765625 0.3125 0.966796875 0.25 0.951171875 0.251953125 0.951171875 0.2421875
0 0.69140625 0.12109375 0.693359375 0.126953125 0.6484375 0.134765625 0.6484375 0.12890625 0.611328125 0.13671875 0.61328125 0.1484375 0.6015625 0.150390625 0.611328125 0.203125 0.75 0.177734375 0.73828125 0.111328125
0 0.892578125 0.560546875 0.89453125 0.57421875 0.880859375 0.576171875 0.87890625 0.5625 0.83203125 0.572265625 0.833984375 0.5859375 0.818359375 0.587890625 0.828125 0.640625 0.83984375 0.638671875 0.83984375 0.64453125 0.890625 0.634765625 0.890625 0.630859375 0.916015625 0.626953125 0.91796875 0.630859375 0.9609375 0.623046875 0.958984375 0.6171875 0.978515625 0.61328125 0.96875 0.560546875 0.935546875 0.56640625 0.93359375 0.552734375
0 0.978515625 0.794921875 0.982421875 0.80859375 0.966796875 0.8125 0.962890625 0.798828125 0.93359375 0.8046875 0.9375 0.822265625 0.912109375 0.826171875 0.923828125 0.87890625 1 0.861328125 1 0.7890625
0 0.767578125 0.6875 0.755859375 0.638671875 0.46875 0.701171875 0.48046875 0.75 0.482421875 0.75
0 0.392578125 0.490234375 0.37890625 0.435546875 0.173828125 0.486328125 0.1875 0.541015625 0.2421875 0.52734375
0 0.400390625 0.021484375 0.40234375 0.029296875 0.376953125 0.03515625 0.375 0.02734375 0.34375 0.03515625 0.345703125 0.041015625 0.318359375 0.046875 0.333984375 0.11328125 0.466796875 0.08203125 0.44921875 0.009765625
0 0.126953125 0.326171875 0.11328125 0.265625 0.103515625 0.26953125 0.1015625 0.2578125 0.05859375 0.267578125 0.060546875 0.28125 0.02734375 0.2890625 0.0234375 0.275390625 0 0.28125 0 0.357421875 0.05078125 0.345703125
0 0.16796875 0.576171875 0.20703125 0.564453125 0.2421875 0.52734375 0.1875 0.541015625 0.173828125 0.486328125 0.193359375 0.48046875 0.05078125 0.345703125 0 0.357421875 0 0.416015625
0 0.568359375 0.439453125 0.6640625 0.416015625 0.65234375 0.3671875 0.556640625 0.390625
0 0.509765625 0.33203125 0.51171875 0.337890625 0.48828125 0.34375 0.486328125 0.3359375 0.421875 0.3515625 0.435546875 0.41015625 0.443359375 0.408203125 0.4453125 0.41796875 0.57421875 0.38671875 0.572265625 0.380859375 0.5859375 0.376953125 0.5703125 0.31640625
0 0.7578125 0.947265625 0.7421875 0.888671875 0.73046875 0.890625 0.728515625 0.87890625 0.6875 0.888671875 0.689453125 0.900390625 0.65625 0.908203125 0.65234375 0.8984375 0.62890625 0.904296875 0.6328125 0.9140625 0.60546875 0.921875 0.619140625 0.98046875
0 0.458984375 0.658203125 0.40625 0.671875 0.392578125 0.6796875 0.365234375 0.7109375 0.359375 0.7578125 0.58984375 0.986328125 0.619140625 0.98046875 0.60546875 0.921875 0.62890625 0.916015625 0.490234375 0.77734375 0.482421875 0.75 0.48046875 0.75 0.46875 0.701171875 0.470703125 0.701171875