0 0.248046875 0.99609375 0.2578125 1 0.298828125 1 0.30859375 0.978515625 0.263671875 0.958984375
0 0.30859375 0.978515625 0.298828125 1 0.36328125 1
0 0.03515625 0.33203125 0.033203125 0.275390625 0 0.275390625 0 0.33203125
0 0.0703125 0.646484375 0 0.6484375 0 0.69921875 0.07421875 0.697265625 0.07421875 0.693359375
0 0.0234375 0.16015625 0.021484375 0.10546875 0 0.10546875 0 0.16015625
0 0.048828125 0.505859375 0.046875 0.453125 0 0.455078125 0 0.5078125
0 0.11328125 0.69140625 0.087890625 0.181640625 0.033203125 0.18359375 0.056640625 0.646484375 0.0703125 0.646484375 0.07421875 0.693359375
0 0.822265625 0.107421875 0.82421875 0.150390625 1 0.142578125 1 0.09765625
0 0.978515625 0.3671875 1 0.365234375 1 0.30078125 0.9765625 0.302734375
0 0.95703125 0.24609375 0.9609375 0.302734375 1 0.30078125 1 0.244140625
0 0.482421875 0.177734375 0.482421875 0.166015625 0.416015625 0.169921875 0.416015625 0.1796875 0.396484375 0.181640625 0.3984375 0.232421875 0.412109375 0.23046875 0.4140625 0.236328125 0.466796875 0.234375 0.466796875 0.2265625 0.48828125 0.224609375 0.48828125 0.216796875 0.5 0.216796875 0.498046875 0.17578125
0 0.357421875 0.3828125 0.361328125 0.396484375 0.314453125 0.41015625 0.310546875 0.3984375 0.29296875 0.404296875 0.296875 0.416015625 0.279296875 0.423828125 0.291015625 0.462890625 0.31640625 0.455078125 0.3203125 0.46484375 0.408203125 0.435546875 0.390625 0.38671875 0.373046875 0.392578125 0.369140625 0.37890625
0 0.294921875 0.158203125 0.298828125 0.169921875 0.25 0.18359375 0.248046875 0.171875 0.228515625 0.177734375 0.232421875 0.189453125 0.21484375 0.1953125 0.228515625 0.240234375 0.255859375 0.232421875 0.2578125 0.240234375 0.326171875 0.21875 0.32421875 0.2109375 0.341796875 0.20703125 0.328125 0.16015625 0.3125 0.166015625 0.30859375 0.154296875
0 0.595703125 0.16015625 0.49609375 0.1640625 0.498046875 0.201171875 0.529296875 0.19921875 0.529296875 0.2109375 0.55078125 0.2109375 0.55078125 0.220703125 0.580078125 0.21875 0.580078125 0.208984375 0.59765625 0.208984375 0.59765625 0.197265625
0 0.92578125 0.388671875 0.923828125 0.32421875 0.625 0.337890625 0.626953125 0.40234375 0.689453125 0.400390625
0 0.693359375 0.521484375 0.689453125 0.400390625 0.626953125 0.40234375 0.6328125 0.5234375
0 1 0.609375 1 0.521484375 0.9765625 0.5234375 0.98046875 0.611328125
0 0.98046875 0.611328125 0.970703125 0.4140625 0.916015625 0.41796875 0.921875 0.55859375 0.65234375 0.5703125 0.65625 0.625 0.923828125 0.61328125
0 0.576171875 0.630859375 0.572265625 0.537109375 0.482421875 0.541015625 0.486328125 0.63671875 0.501953125 0.634765625
0 0.486328125 0.63671875 0.486328125 0.607421875 0.302734375 0.615234375 0.306640625 0.673828125 0.50390625 0.6640625 0.501953125 0.634765625
0 0.818359375 0.19921875 0.744140625 0.220703125 0.767578125 0.302734375 0.841796875 0.28125
0 0.740234375 0.169921875 0.677734375 0.189453125 0.685546875 0.216796875 0.75 0.19921875 0.7421875 0.17578125
0 0.8046875 0.158203125 0.7421875 0.17578125 0.755859375 0.21875 0.818359375 0.19921875
0 0.765625 0.98046875 0.763671875 0.931640625 0.70703125 0.93359375 0.7109375 0.984375 0.765625 0.98046875
0 0.642578125 0.09765625 0.638671875 0 0.578125 0 0.58203125 0.099609375 0.642578125 0.09765625
0 0.759765625 0.044921875 0.759765625 0 0.666015625 0 0.666015625 0.044921875 0.759765625 0.044921875
0 0.95703125 0.021484375 0.95703125 0 0.759765625 0 0.759765625 0.021484375 0.95703125 0.021484375
0 0.873046875 0.98828125 0.873046875 0.9453125 0.8359375 0.947265625 0.837890625 0.990234375 0.873046875 0.98828125