0 0.46484375 0.60546875 0.5546875 0.6171875 0.587890625 0.3671875 0.498046875 0.35546875
0 0.888671875 0.58203125 0.962890625 0.5859375 0.974609375 0.263671875 0.900390625 0.26171875 0.89453125 0.421875
0 0.677734375 0.283203125 0.671875 0.4140625 0.89453125 0.421875 0.8984375 0.291015625
0 0.623046875 0.412109375 0.6171875 0.55078125 0.66015625 0.552734375 0.6640625 0.462890625 0.701171875 0.46484375 0.703125 0.416015625 0.671875 0.4140625
0 0.658203125 0.58203125 0.7265625 0.5859375 0.73046875 0.498046875 0.662109375 0.49609375 0.66015625 0.552734375
0 0.744140625 0.416015625 0.740234375 0.529296875 0.87109375 0.533203125 0.876953125 0.421875
0 0.751953125 0.529296875 0.75 0.591796875 0.875 0.595703125 0.87890625 0.533203125 0.87109375 0.533203125
0 0.45703125 0.783203125 0.673828125 0.78125 0.673828125 0.72265625 0.45703125 0.724609375
0 0.8671875 0.671875 0.998046875 0.666015625 0.99609375 0.625 0.865234375 0.62890625
0 0.716796875 0.2421875 0.984375 0.234375 0.982421875 0.158203125 0.71484375 0.1640625
0 0 0.59765625 0 0.6640625 0.13671875 0.671875 0.138671875 0.64453125 0.154296875 0.646484375 0.15625 0.60546875
0 0.33203125 0.26953125 0.37109375 0.267578125 0.369140625 0.1875 0.306640625 0.189453125 0.30859375 0.236328125 0.33203125 0.236328125 0.33203125 0.259765625
0 0.28515625 0.2109375 0.287109375 0.26171875 0.33203125 0.259765625 0.33203125 0.236328125 0.30859375 0.236328125 0.306640625 0.208984375
0 0.158203125 0.18359375 0.15625 0.130859375 0.05859375 0.1328125 0.060546875 0.1875 0.158203125 0.18359375
0 0.24609375 0.40234375 0.24609375 0.3671875 0.201171875 0.3671875 0.201171875 0.40234375 0.24609375 0.40234375
0 0.296875 0.29296875 0.296875 0.265625 0.26171875 0.265625 0.26171875 0.294921875 0.296875 0.29296875
0 0.251953125 0.111328125 0.251953125 0.076171875 0.173828125 0.078125 0.173828125 0.11328125 0.251953125 0.111328125
0 0.318359375 0.537109375 0.314453125 0.41796875 0.19921875 0.421875 0.203125 0.541015625 0.318359375 0.537109375
0 0.0234375 0.201171875 0.0234375 0.146484375 0 0.146484375 0 0.201171875 0.0234375 0.201171875
0 0.564453125 0.185546875 0.56640625 0.14453125 0.529296875 0.142578125 0.52734375 0.18359375 0.564453125 0.185546875