0 0.4736842105263158 0.533922697368421 0.5029810855263158 0.522203947368421 0.5244654605263158 0.574938322368421 0.4951685855263158 0.586657072368421
0 0 0.404296875 0.1171875 0.359375 0.15234375 0.4140625 0.03515625 0.458984375
0 0.5394736842105263 0.0738075657894737 0.7035361842105263 0.01130756578947368 0.7250205592105263 0.05232319078947368 0.5609580592105263 0.1148231907894737
0 0.02446546052631579 0.22635690789473684 0.1826685855263158 0.17948190789473684 0.2021998355263158 0.23026315789473684 0.04594983552631579 0.27713815789473684
0 0.33984375 0.15234375 0.498046875 0.1015625 0.521484375 0.14453125 0.36328125 0.1953125
0 0.015625 0.0546875 0.126953125 0.029296875 0.15234375 0.08203125 0.04296875 0.109375
0 0.15234375 0.333984375 0.248046875 0.30859375 0.283203125 0.345703125 0.1875 0.373046875
0 0.125 0.48828125 0.3125 0.421875 0.333984375 0.474609375 0.146484375 0.541015625
0 0.142578125 0.94140625 0.267578125 0.876953125 0.291015625 0.92578125 0.166015625 0.990234375
0 0 0.8984375 0.109375 0.8984375 0.109375 0.953125 0 0.953125
0 0 0.798828125 0.140625 0.748046875 0.162109375 0.8046875 0.021484375 0.85546875
0 0.150390625 0.685546875 0.294921875 0.625 0.314453125 0.677734375 0.169921875 0.734375
0 0.19048108552631576 0.7875205592105263 0.33501233552631576 0.7328330592105263 0.35063733552631576 0.7797080592105263 0.20805921052631576 0.8343955592105263
0 0.1171875 0.599609375 0.2578125 0.548828125 0.279296875 0.599609375 0.13671875 0.65234375
0 0.27734375 0.548828125 0.359375 0.513671875 0.37890625 0.55859375 0.294921875 0.591796875
0 0.3489925986842105 0.7291324013157894 0.4349300986842105 0.6881167763157894 0.4544613486842105 0.7349917763157894 0.3685238486842105 0.7760074013157894
0 0.51171875 0.69140625 0.556640625 0.673828125 0.607421875 0.779296875 0.560546875 0.798828125
0 0.6553248355263158 0.6400082236842105 0.8433388157894736 0.567845394736842 0.8690378289473684 0.6254111842105262 0.6807154605263158 0.7064144736842105
0 0.65625 0.82421875 0.857421875 0.798828125 0.865234375 0.853515625 0.6640625 0.880859375
0 0.580078125 0.6875 0.666015625 0.654296875 0.6875 0.7109375 0.6015625 0.744140625
0 0.69921875 0.740234375 0.865234375 0.68359375 0.8828125 0.724609375 0.71875 0.783203125
0 0.908203125 0.7423930921052632 0.986328125 0.7072368421052632 1 0.7482524671052632 0.923828125 0.7814555921052632
0 0.87890625 0.63671875 0.986328125 0.5859375 1 0.625 0.89453125 0.677734375
0 0.896484375 0.861328125 0.974609375 0.8046875 1 0.857421875 0.921875 0.9140625
0 0.564453125 0.849609375 0.611328125 0.828125 0.671875 0.9453125 0.62890625 0.96484375
0 0.306640625 0.6322985197368421 0.400390625 0.5873766447368421 0.419921875 0.6381578947368421 0.326171875 0.6811266447368421
0 0.3606085526315789 0.96875 0.544202302631579 0.904296875 0.563733552631579 0.93359375 0.3820929276315789 0.9999999999999999
0 0.3123972039473685 0.8577302631578948 0.4627878289473685 0.7776521381578948 0.4823190789473685 0.8147615131578948 0.3319284539473685 0.8948396381578948
0 0.392578125 0.30859375 0.587890625 0.220703125 0.654296875 0.388671875 0.45703125 0.4765625
0 0.5863486842105262 0.2101151315789474 0.998046875 0.0733963815789474 0.998046875 0.26254111842105265 0.665501644736842 0.39617598684210525
0 0.529296875 0.859375 0.5078125 0.8203125 0.306640625 0.923828125 0.328125 0.962890625 0.529296875 0.859375
0 0.158203125 0.998046875 0.158203125 0.974609375 0.001953125 0.974609375 0.00390625 1 0.158203125 0.998046875
0 0.5859375 0.998046875 0.5859375 0.970703125 0.49609375 0.970703125 0.49609375 0.998046875 0.5859375 0.998046875