0 0.79296875 0.34765625 0.79296875 0.365234375 0.759765625 0.365234375 0.759765625 0.34765625 0.732421875 0.34765625 0.732421875 0.361328125 0.701171875 0.361328125 0.701171875 0.373046875 0.6796875 0.373046875 0.6796875 0.427734375 0.853515625 0.427734375 0.853515625 0.373046875 0.83984375 0.373046875 0.83984375 0.361328125 0.810546875 0.361328125 0.810546875 0.34765625
0 0.99609375 0.65234375 0.99609375 0.666015625 0.95703125 0.666015625 0.95703125 0.73828125 1 0.73828125 1 0.65234375
0 0.73828125 0.001953125 0.73828125 0.013671875 0.712890625 0.013671875 0.712890625 0.025390625 0.685546875 0.025390625 0.685546875 0.078125 0.857421875 0.078125 0.857421875 0.025390625 0.849609375 0.025390625 0.849609375 0.013671875 0.82421875 0.013671875 0.82421875 0.001953125
0 0.044921875 0.03515625 0.044921875 0 0 0 0 0.03515625
0 0.375 0.3515625 0.375 0.37890625 0.34375 0.37890625 0.34375 0.3515625 0.298828125 0.3515625 0.298828125 0.373046875 0.267578125 0.373046875 0.267578125 0.427734375 0.439453125 0.427734375 0.439453125 0.373046875 0.4140625 0.373046875 0.4140625 0.3515625
0 0 0.302734375 0 0.384765625 0.111328125 0.384765625 0.111328125 0.3203125 0.08984375 0.3203125 0.08984375 0.302734375
0 0.673828125 0.646484375 0.673828125 0.66015625 0.63671875 0.66015625 0.63671875 0.7265625 0.79296875 0.7265625 0.79296875 0.66015625 0.763671875 0.66015625 0.763671875 0.646484375
0 0.96875 0.294921875 0.96875 0.365234375 1 0.365234375 1 0.294921875
0 0.39453125 0.650390625 0.39453125 0.662109375 0.357421875 0.662109375 0.357421875 0.73046875 0.51171875 0.73046875 0.51171875 0.662109375 0.478515625 0.662109375 0.478515625 0.650390625
0 0.05078125 0.611328125 0.05078125 0.62109375 0.01953125 0.62109375 0.01953125 0.69921875 0.17578125 0.69921875 0.17578125 0.62109375 0.16015625 0.62109375 0.16015625 0.611328125
0 0.2734375 0.044921875 0.451171875 0.044921875 0.451171875 0 0.2734375 0
0 0.1328125 0.46875 0.130859375 0.40625 0.00390625 0.408203125 0.005859375 0.470703125 0.1328125 0.46875
0 0.96875 0.853515625 0.966796875 0.798828125 0.9140625 0.798828125 0.9140625 0.85546875 0.96875 0.853515625