0 0.47265625 0.111328125 0.443359375 0.1640625 0.755859375 0.34375 0.78515625 0.291015625 0.748046875 0.26953125
0 0.35546875 0.49609375 0.5859375 0.626953125 0.619140625 0.5703125 0.388671875 0.439453125
0 0.85546875 0.142578125 0.603515625 0 0.4921875 0 0.826171875 0.19140625
0 0.154296875 0.310546875 0.123046875 0.365234375 0.3359375 0.486328125 0.3671875 0.43359375
0 0.255859375 0.251953125 0.2890625 0.1953125 0 0.02734375 0 0.103515625
0 0.341796875 0.10546875 0.37109375 0.0546875 0.2734375 0 0.158203125 0
0 0.36328125 0.310546875 0.662109375 0.482421875 0.69140625 0.4296875 0.39453125 0.259765625
0 0.09765625 0.349609375 0.126953125 0.296875 0 0.22265625 0 0.29296875
0 0.802734375 0.177734375 0.748046875 0.26953125 0.7734375 0.28515625 0.828125 0.19140625 0.826171875 0.19140625
0 0.61328125 0.828125 0.57421875 0.89453125 0.755859375 1 0.91015625 1 0.71484375 0.88671875
0 0.736328125 0.8515625 0.62109375 0.78515625 0.548828125 0.91015625 0.6640625 0.9765625 0.677734375 0.953125 0.57421875 0.89453125 0.61328125 0.828125 0.71484375 0.88671875
0 0.548828125 0.91015625 0.49609375 1 0.509765625 1 0.513671875 0.99609375 0.51953125 1 0.59375 1 0.62109375 0.953125
0 0.53125 0.75390625 0.23046875 0.580078125 0.197265625 0.634765625 0.498046875 0.80859375
0 0.150390625 0.611328125 0.181640625 0.5546875 0 0.44921875 0 0.5234375
0 0.03515625 0.755859375 0.064453125 0.703125 0 0.6640625 0 0.734375
0 0.125 0.73046875 0.091796875 0.78515625 0.41015625 0.96875 0.44140625 0.912109375 0.392578125 0.884765625
0 0.046875 0.900390625 0.01953125 0.947265625 0.111328125 1 0.21875 1
0 0.451171875 0.78125 0.392578125 0.884765625 0.439453125 0.912109375 0.498046875 0.80859375
0 0.361328125 0.939453125 0.326171875 1 0.388671875 1 0.408203125 0.966796875
0 0.693359375 0.73828125 0.767578125 0.615234375 0.720703125 0.5859375 0.646484375 0.708984375
0 0.974609375 0.0546875 0.974609375 0 0.849609375 0 0.849609375 0.052734375 0.974609375 0.0546875
0 0.8046875 0.78515625 0.869140625 0.68359375 0.814453125 0.6484375 0.75 0.75 0.8046875 0.78515625
0 0.755859375 0.8515625 0.771484375 0.82421875 0.650390625 0.755859375 0.634765625 0.783203125 0.755859375 0.8515625