0 0.48046875 0.69921875 0.416015625 0.685546875 0.404296875 0.73828125 0.46875 0.75 0.46875 0.748046875
0 0.416015625 0.685546875 0.3203125 0.666015625 0.310546875 0.71875 0.404296875 0.73828125 0.41015625 0.71484375
0 0.30078125 0.8359375 0.2890625 0.888671875 0.3828125 0.90625 0.392578125 0.853515625
0 0.392578125 0.853515625 0.3828125 0.90625 0.44921875 0.919921875 0.458984375 0.8671875
0 0.3984375 0.91015625 0.384765625 1 0.43359375 1 0.4453125 0.91796875
0 0.423828125 0.7421875 0.40625 0.857421875 0.453125 0.865234375 0.470703125 0.748046875 0.46875 0.748046875 0.46875 0.75 0.43359375 0.744140625
0 0.259765625 0.87890625 0.26953125 0.82421875 0.021484375 0.78125 0.01171875 0.837890625
0 0.037109375 1 0.234375 1 0.23828125 0.986328125 0 0.94140625 0 0.9921875
0 0.2265625 0.671875 0.21875 0.728515625 0.28515625 0.73828125 0.29296875 0.681640625
0 0.037109375 0.64453125 0.029296875 0.701171875 0.091796875 0.708984375 0.099609375 0.654296875
0 0.21875 0.728515625 0.2265625 0.671875 0.099609375 0.654296875 0.091796875 0.708984375
0 0.216796875 0.07421875 0.185546875 0.07421875 0.185546875 0.06640625 0.146484375 0.06640625 0.146484375 0.119140625 0.15234375 0.119140625 0.15234375 0.16015625 0.203125 0.16015625 0.203125 0.166015625 0.23828125 0.166015625 0.23828125 0.158203125 0.287109375 0.158203125 0.287109375 0.107421875 0.29296875 0.107421875 0.29296875 0.068359375 0.251953125 0.068359375 0.251953125 0.07421875 0.228515625 0.07421875 0.2265625 0.09765625 0.216796875 0.09765625
0 0.41015625 0.228515625 0.373046875 0.26171875 0.37890625 0.27734375 0.333984375 0.29296875 0.330078125 0.279296875 0.287109375 0.27734375 0.283203125 0.345703125 0.380859375 0.349609375 0.45703125 0.283203125
0 0.294921875 0.25390625 0.107421875 0.255859375 0.109375 0.3125 0.28515625 0.310546875 0.287109375 0.27734375 0.294921875 0.27734375
0 0.556640625 0.0234375 0.494140625 0.01171875 0.474609375 0.11328125 0.435546875 0.15234375 0.48046875 0.197265625 0.533203125 0.146484375
0 0.224609375 0.013671875 0.271484375 0.015625 0.271484375 0.021484375 0.310546875 0.0234375 0.310546875 0.015625 0.3515625 0.015625 0.3515625 0 0.224609375 0