0 0.919921875 0.02734375 0.89453125 0 0.8671875 0 0.859375 0.0078125 0.8515625 0 0.82421875 0 0.81640625 0.0078125 0.8359375 0.029296875 0.826171875 0.0390625 0.806640625 0.01953125 0.783203125 0.041015625 0.802734375 0.060546875 0.767578125 0.09375 0.806640625 0.134765625
0 0.716796875 0.025390625 0.662109375 0.07421875 0.916015625 0.34765625 0.92578125 0.33984375 0.96875 0.38671875 0.94921875 0.404296875 0.98828125 0.447265625 1 0.435546875 1 0.341796875 0.96484375 0.3046875 0.962890625 0.3046875 0.767578125 0.09375 0.7734375 0.087890625
0 0.119140625 0.1171875 0.12109375 0.0546875 0 0.05078125 0 0.11328125
0 0.09375 0.271484375 0.259765625 0.275390625 0.26171875 0.216796875 0.09375 0.212890625
0 0.28125 0.4375 0.28125 0.3828125 0 0.380859375 0 0.4375
0 0.13671875 0.591796875 0.134765625 0.529296875 0 0.529296875 0 0.591796875
0 0.2421875 0.900390625 0.20703125 0.89453125 0.2109375 0.876953125 0 0.837890625 0 0.900390625 0.25 0.9453125 0.255859375 0.91796875
0 0.244140625 0.873046875 0.583984375 0.87890625 0.5859375 0.81640625 0.24609375 0.810546875
0 0.677734375 0.62890625 0.677734375 0.62109375 0.525390625 0.62109375 0.525390625 0.630859375 0.517578125 0.630859375 0.517578125 0.658203125 0.525390625 0.658203125 0.5234375 0.681640625 0.677734375 0.68359375 0.677734375 0.66015625 0.685546875 0.66015625 0.685546875 0.62890625
0 0.6875 0.783203125 0.6875 0.798828125 0.677734375 0.798828125 0.677734375 0.826171875 0.6875 0.826171875 0.6875 0.8515625 0.845703125 0.8515625 0.845703125 0.828125 0.853515625 0.828125 0.853515625 0.794921875 0.845703125 0.794921875 0.845703125 0.783203125
0 0.84375 0.9453125 0.84375 0.955078125 0.833984375 0.955078125 0.833984375 0.984375 0.84375 0.984375 0.84375 1 0.994140625 1 0.994140625 0.986328125 1 0.986328125 1 0.953125 0.994140625 0.953125 0.994140625 0.9453125
0 0.40625 1 0.69140625 1 0.693359375 0.96484375 0.40625 0.96484375
0 0.544921875 0.53515625 0.544921875 0.466796875 0.3671875 0.470703125 0.3671875 0.537109375
0 0.21875 0.634765625 0.21875 0.6484375 0.150390625 0.646484375 0.150390625 0.7109375 0.216796875 0.712890625 0.216796875 0.69921875 0.423828125 0.703125 0.42578125 0.638671875