0 0.80078125 0.0625 0.814453125 0.029296875 0.744140625 0 0.7265625 0 0.71484375 0.02734375
0 0.681640625 0.01171875 0.6796875 0.01171875 0.71484375 0.02734375 0.7265625 0 0.685546875 0
0 0.89453125 0.119140625 0.91796875 0.056640625 0.861328125 0.03515625 0.837890625 0.09765625
0 0.814453125 0.087890625 0.796875 0.138671875 0.904296875 0.1796875 0.921875 0.12890625 0.837890625 0.09765625
0 0.736328125 0.05859375 0.65234375 0.28515625 0.767578125 0.328125 0.83203125 0.15234375 0.796875 0.138671875 0.814453125 0.087890625
0 0.50390625 0 0.439453125 0 0.435546875 0.015625 0.634765625 0.08984375 0.6484375 0.0546875
0 0.470703125 0.029296875 0.443359375 0.09765625 0.48828125 0.115234375 0.515625 0.044921875
0 0.591796875 0.265625 0.607421875 0.2265625 0.421875 0.15625 0.408203125 0.197265625
0 0.443359375 0.09765625 0.421875 0.15625 0.666015625 0.248046875 0.6875 0.189453125
0 0.25 0.037109375 0.330078125 0.06640625 0.353515625 0 0.263671875 0
0 0.39453125 0 0.353515625 0 0.32421875 0.080078125 0.435546875 0.12109375 0.470703125 0.029296875 0.435546875 0.015625
0 0.234375 0.03125 0.1953125 0.134765625 0.291015625 0.169921875 0.330078125 0.06640625 0.25 0.037109375
0 0.32421875 0.080078125 0.291015625 0.169921875 0.40234375 0.212890625 0.435546875 0.12109375
0 0.4453125 0.296875 0.4140625 0.283203125 0.3359375 0.4921875 0.3671875 0.50390625 0.396484375 0.427734375
0 0.28125 0.482421875 0.310546875 0.494140625 0.37890625 0.310546875 0.349609375 0.298828125
0 0.349609375 0.298828125 0.291015625 0.27734375 0.203125 0.509765625 0.26171875 0.53125 0.28125 0.482421875
0 0.228515625 0.25390625 0.15234375 0.2265625 0.0234375 0.572265625 0.099609375 0.6015625 0.2109375 0.3046875
0 0.2109375 0.3046875 0.169921875 0.41015625 0.232421875 0.43359375 0.271484375 0.326171875
0 0.18359375 0.578125 0.28515625 0.6171875 0.3046875 0.56640625 0.205078125 0.52734375
0 0.1953125 0.134765625 0.171875 0.193359375 0.4453125 0.296875 0.396484375 0.427734375 0.451171875 0.44921875 0.5234375 0.2578125 0.291015625 0.169921875
0 0.396484375 0.427734375 0.326171875 0.615234375 0.34375 0.62109375 0.3359375 0.64453125 0.373046875 0.658203125 0.451171875 0.44921875
0 0.376953125 0.646484375 0.361328125 0.689453125 0.599609375 0.77734375 0.60546875 0.763671875 0.67578125 0.7890625 0.685546875 0.76171875 0.43359375 0.66796875
0 0.578125 0.603515625 0.5390625 0.70703125 0.6328125 0.7421875 0.669921875 0.638671875
0 0.48828125 0.3515625 0.376953125 0.646484375 0.43359375 0.66796875 0.544921875 0.37109375
0 0.796875 0.46484375 0.794921875 0.46484375 0.7421875 0.4453125 0.6328125 0.7421875 0.685546875 0.76171875
0 0.646484375 0.41015625 0.57421875 0.603515625 0.669921875 0.638671875 0.7421875 0.4453125 0.666015625 0.41796875
0 0.646484375 0.41015625 0.544921875 0.37109375 0.4765625 0.556640625 0.576171875 0.59375 0.58203125 0.580078125
0 0.494140625 0.349609375 0.544921875 0.369140625 0.55078125 0.357421875 0.65234375 0.39453125 0.671875 0.40234375 0.689453125 0.35546875 0.763671875 0.3828125 0.74609375 0.4296875 0.796875 0.44921875 0.826171875 0.37109375 0.529296875 0.259765625
0 0.763671875 0.3828125 0.689453125 0.35546875 0.666015625 0.41796875 0.740234375 0.4453125 0.74609375 0.4296875
0 0.6015625 0.828125 0.537109375 1 0.58984375 1 0.6484375 0.845703125
0 0.34375 0.732421875 0.2734375 0.919921875 0.484375 1 0.537109375 1 0.6015625 0.828125
0 0.234375 0.919921875 0.25 0.880859375 0.220703125 0.869140625 0.20703125 0.908203125 0.234375 0.919921875
0 0.115234375 0.88671875 0.130859375 0.8515625 0.103515625 0.837890625 0.0859375 0.873046875 0.115234375 0.88671875
0 0.81640625 0.36328125 0.837890625 0.30859375 0.80859375 0.296875 0.787109375 0.3515625 0.81640625 0.36328125