0 0.77734375 0.08984375 0.69921875 0.08984375 0.69921875 0.119140625 0.77734375 0.119140625
0 0.77734375 0.046875 0.69921875 0.046875 0.69921875 0.076171875 0.779296875 0.07421875
0 0.80859375 0.0625 0.810546875 0.087890625 0.8203125 0.087890625 0.8203125 0.0625
0 0.833984375 0.123046875 0.8125 0.11328125 0.79296875 0.154296875 0.814453125 0.1640625 0.818359375 0.15625
0 0.634765625 0 0.599609375 0 0.599609375 0.044921875 0.634765625 0.044921875
0 0.6015625 0.130859375 0.56640625 0.130859375 0.56640625 0.19140625 0.6015625 0.19140625
0 0.56640625 0.13671875 0.5234375 0.13671875 0.5234375 0.197265625 0.56640625 0.197265625
0 0.63671875 0.216796875 0.65625 0.216796875 0.65625 0.189453125 0.63671875 0.189453125
0 0.677734375 0.189453125 0.677734375 0.14453125 0.634765625 0.14453125 0.63671875 0.189453125 0.65625 0.189453125
0 0.47265625 0.0625 0.501953125 0.0625 0.501953125 0.046875 0.47265625 0.046875
0 0.45703125 0.015625 0.45703125 0.03515625 0.5 0.037109375 0.5 0.015625
0 0.40625 0.033203125 0.404296875 0.06640625 0.4453125 0.06640625 0.447265625 0.03515625
0 0.45703125 0.009765625 0.40625 0.0078125 0.40625 0.033203125 0.45703125 0.03515625 0.45703125 0.015625
0 0.404296875 0.06640625 0.404296875 0.091796875 0.466796875 0.091796875 0.466796875 0.06640625
0 0.404296875 0.140625 0.474609375 0.140625 0.474609375 0.111328125 0.404296875 0.111328125
0 0.408203125 0.212890625 0.490234375 0.212890625 0.490234375 0.173828125 0.408203125 0.173828125
0 0.5 0.30859375 0.494140625 0.36328125 0.53125 0.365234375 0.53515625 0.3125
0 0.41015625 0.228515625 0.408203125 0.25390625 0.50390625 0.263671875 0.5 0.30859375 0.53515625 0.3125 0.54296875 0.2421875
0 0.26953125 0.228515625 0.267578125 0.126953125 0.248046875 0.126953125 0.248046875 0.228515625
0 0.251953125 0.2578125 0.27734375 0.2578125 0.27734375 0.236328125 0.251953125 0.236328125
0 0.314453125 0.255859375 0.333984375 0.25390625 0.333984375 0.09375 0.3125 0.09375
0 0.228515625 0.046875 0.228515625 0.091796875 0.255859375 0.091796875 0.255859375 0.046875
0 0.052734375 0.1640625 0.029296875 0.1640625 0.029296875 0.26953125 0.052734375 0.26953125 0.052734375 0.267578125
0 0.228515625 0 0.052734375 0 0.052734375 0.267578125 0.228515625 0.267578125 0.228515625 0.091796875
0 0.052734375 0.267578125 0.052734375 0.34765625 0.197265625 0.34765625 0.197265625 0.37890625 0.28515625 0.37890625 0.28515625 0.267578125
0 0.1171875 0.416015625 0.1171875 0.455078125 0.109375 0.455078125 0.109375 0.490234375 0.119140625 0.490234375 0.12109375 0.55078125 0.16796875 0.548828125 0.162109375 0.4140625
0 0.265625 0.552734375 0.3125 0.55078125 0.310546875 0.48828125 0.263671875 0.490234375
0 0.087890625 0.67578125 0.154296875 0.681640625 0.158203125 0.650390625 0.091796875 0.642578125
0 0.119140625 0.90625 0.1484375 0.91015625 0.154296875 0.8359375 0.123046875 0.833984375
0 0.03125 0.96484375 0.03125 0.97265625 0.015625 0.97265625 0.015625 1 0.10546875 1 0.107421875 0.966796875
0 0.28515625 0.693359375 0.287109375 0.671875 0.20703125 0.662109375 0.203125 0.68359375
0 0.912109375 0.048828125 0.818359375 0.0546875 0.8203125 0.087890625 0.912109375 0.08203125
0 0.818359375 0.15625 0.83984375 0.16796875 0.85546875 0.134765625 0.833984375 0.123046875
0 0.03125 0.8828125 0 0.8828125 0 0.97265625 0.03125 0.97265625 0.03125 0.96484375
0 0.65625 0.7421875 0.650390625 0.787109375 0.76171875 0.80078125 0.765625 0.75390625
0 0.765625 0.75390625 0.7578125 0.83984375 0.8984375 0.85546875 0.908203125 0.76953125
0 0.716796875 0.88671875 0.71875 0.85546875 0.64453125 0.84765625 0.6328125 1 0.71484375 1 0.72265625 0.90234375 0.724609375 0.888671875
0 0.763671875 0.890625 0.724609375 0.888671875 0.72265625 0.90234375 0.720703125 0.935546875 0.759765625 0.939453125 0.88671875 0.94921875 0.890625 0.90234375
0 0.44140625 0.798828125 0.5859375 0.814453125 0.591796875 0.767578125 0.447265625 0.751953125
0 0.4375 0.916015625 0.505859375 0.921875 0.509765625 0.84765625 0.443359375 0.841796875
0 0.95703125 0.982421875 1 0.98046875 1 0.9375 0.95703125 0.9375
0 0.94921875 0.8984375 0.94921875 0.9375 1 0.9375 1 0.8984375
0 0.94921875 0.857421875 0.94921875 0.8984375 1 0.8984375 1 0.857421875
0 0.798828125 0.029296875 0.798828125 0 0.712890625 0 0.712890625 0.029296875 0.798828125 0.029296875
0 0.3125 0.044921875 0.3125 0 0.25390625 0 0.25390625 0.044921875 0.3125 0.044921875
0 0.099609375 0.779296875 0.103515625 0.69140625 0.05859375 0.689453125 0.0546875 0.779296875 0.099609375 0.779296875
0 0.361328125 0.998046875 0.361328125 0.9765625 0.14453125 0.9765625 0.14453125 1 0.361328125 0.998046875
0 0.603515625 0.419921875 0.607421875 0.376953125 0.42578125 0.365234375 0.423828125 0.40625 0.603515625 0.419921875
0 0.169921875 0.798828125 0.171875 0.767578125 0.107421875 0.765625 0.107421875 0.796875 0.169921875 0.798828125
0 0.443359375 0.337890625 0.443359375 0.29296875 0.4140625 0.291015625 0.4140625 0.337890625 0.443359375 0.337890625
0 0.759765625 1 0.765625 0.94921875 0.732421875 0.9453125 0.7265625 0.998046875 0.759765625 1