0 0.095703125 0.3046875 0.142578125 0.140625 0.091796875 0.126953125 0.044921875 0.2890625
0 0.02734375 0.376953125 0.072265625 0.43359375 0.1640625 0.435546875 0.166015625 0.359375 0.087890625 0.3515625 0.0390625 0.33984375
0 0.185546875 0.41796875 0.42578125 0.41796875 0.42578125 0.353515625 0.185546875 0.353515625
0 0.1953125 0.28125 0.236328125 0.287109375 0.25 0.1875 0.208984375 0.18359375
0 0.123046875 0.64453125 0.05859375 0.64453125 0.052734375 0.673828125 0.037109375 0.662109375 0 0.720703125 0 0.87109375 0.103515625 0.705078125 0.0625 0.677734375 0.119140625 0.669921875
0 0.662109375 0.779296875 0.6015625 0.779296875 0.6015625 0.83984375 0.662109375 0.83984375
0 0.427734375 0.607421875 0.427734375 0.626953125 0.287109375 0.626953125 0.287109375 0.607421875 0.181640625 0.607421875 0.181640625 0.62890625 0.140625 0.62890625 0.140625 0.802734375 0.6015625 0.802734375 0.6015625 0.607421875
0 0.91796875 0.603515625 0.91796875 0.6171875 0.662109375 0.6171875 0.662109375 1 1 1 1 0.603515625
0 0.662109375 0.90625 0.6015625 0.90625 0.6015625 1 0.662109375 1
0 0.6015625 0.802734375 0.140625 0.802734375 0.140625 1 0.6015625 1 0.6015625 0.83984375
0 0.537109375 0 0.3046875 0 0.302734375 0.11328125 0.353515625 0.11328125 0.35546875 0.03125 0.537109375 0.03515625 0.537109375 0.005859375
0 0.537109375 0.005859375 0.537109375 0.048828125 0.703125 0.052734375 0.703125 0.125 0.76171875 0.126953125 0.763671875 0.01171875
0 0.10546875 0.0859375 0.130859375 0.091796875 0.146484375 0.03515625 0.25 0.064453125 0.265625 0 0.12890625 0
0 0.146484375 0.03515625 0.130859375 0.091796875 0.251953125 0.125 0.267578125 0.068359375
0 0.080078125 0 0 0 0 0.326171875
0 0.779296875 0.162109375 0.52734375 0.162109375 0.52734375 0.228515625 0.736328125 0.23046875 0.736328125 0.30078125 0.77734375 0.30078125 0.77734375 0.23046875
0 0.52734375 0.1484375 0.330078125 0.146484375 0.330078125 0.291015625 0.388671875 0.291015625 0.390625 0.216796875 0.52734375 0.216796875 0.52734375 0.162109375
0 0.478515625 0.408203125 0.765625 0.404296875 0.763671875 0.330078125 0.4765625 0.33203125
0 0.9140625 0.1796875 1 0.1796875 1 0.14453125 0.9140625 0.14453125
0 0.828125 0.06640625 1 0.0703125 1 0.01953125 0.830078125 0.017578125
0 0.87109375 0.197265625 0.87109375 0.107421875 0.82421875 0.10546875 0.8203125 0.248046875 1 0.251953125 1 0.19921875
0 0.888671875 0.345703125 0.82421875 0.345703125 0.82421875 0.416015625 0.888671875 0.416015625
0 0.888671875 0.369140625 0.888671875 0.416015625 1 0.4140625 1 0.369140625
0 0.5546875 0.11328125 0.658203125 0.11328125 0.658203125 0.0703125 0.5546875 0.0703125