0 0.70703125 0.974609375 0.708984375 0.994140625 0.658203125 1 0.755859375 1 0.751953125 0.96875
0 0.72265625 0.017578125 0.455078125 0.1328125 0.458984375 0.205078125 0.5390625 0.228515625 0.763671875 0.130859375 0.91015625 0.12109375 0.998046875 0.154296875 1 0.015625 0.94140625 0 0.693359375 0
0 0.31640625 0.302734375 0.310546875 0.2578125 0.27734375 0.263671875 0.283203125 0.30859375 0.31640625 0.302734375
0 0.75 0.72265625 0.74609375 0.68359375 0.578125 0.701171875 0.58203125 0.740234375 0.75 0.72265625
0 0.279296875 0.76953125 0.275390625 0.734375 0.123046875 0.751953125 0.126953125 0.787109375 0.279296875 0.76953125
0 0.130859375 0.23046875 0.1328125 0.16796875 0.076171875 0.16796875 0.07421875 0.23046875 0.130859375 0.23046875
0 0.03515625 0.802734375 0.03125 0.763671875 0 0.765625 0.001953125 0.806640625 0.03515625 0.802734375
0 0.404296875 1 0.404296875 0.927734375 0.20703125 0.927734375 0.20703125 0.998046875 0.404296875 1
0 0.0390625 0.849609375 0.037109375 0.814453125 0 0.818359375 0 0.8515625 0.0390625 0.849609375
0 0.125 0.998046875 0.125 0.953125 0.01953125 0.955078125 0.01953125 1 0.125 0.998046875
0 0.7890625 0.767578125 0.783203125 0.73046875 0.748046875 0.734375 0.75390625 0.771484375 0.7890625 0.767578125
0 0.033203125 0.884765625 0.03125 0.84765625 0 0.849609375 0 0.884765625 0.033203125 0.884765625