0 0.134765625 0.03515625 0.13671875 0.0625 0.107421875 0.0625 0.10546875 0.037109375 0.078125 0.0390625 0.078125 0.064453125 0.056640625 0.06640625 0.056640625 0.041015625 0.02734375 0.04296875 0.029296875 0.068359375 0.0078125 0.068359375 0.009765625 0.115234375 0.18359375 0.10546875 0.181640625 0.05859375 0.162109375 0.060546875 0.16015625 0.03515625
0 0.15234375 0.328125 0.15234375 0.35546875 0.123046875 0.357421875 0.12109375 0.330078125 0.09375 0.33203125 0.095703125 0.357421875 0.07421875 0.359375 0.072265625 0.333984375 0.04296875 0.3359375 0.044921875 0.361328125 0.0234375 0.36328125 0.02734375 0.408203125 0.19921875 0.3984375 0.197265625 0.3515625 0.1796875 0.353515625 0.177734375 0.328125
0 0.16015625 0.609375 0.162109375 0.634765625 0.130859375 0.63671875 0.12890625 0.611328125 0.1015625 0.61328125 0.103515625 0.638671875 0.08203125 0.640625 0.080078125 0.615234375 0.052734375 0.615234375 0.052734375 0.642578125 0.033203125 0.642578125 0.03515625 0.689453125 0.208984375 0.6796875 0.205078125 0.6328125 0.1875 0.634765625 0.185546875 0.607421875
0 0.04296875 0.861328125 0.21484375 0.8515625 0.2109375 0.76953125 0.037109375 0.779296875
0 0.78515625 0.037109375 0.5 0.048828125 0.501953125 0.10546875 0.787109375 0.095703125
0 0.517578125 0.46484375 0.796875 0.455078125 0.79296875 0.392578125 0.515625 0.40234375
0 0.517578125 0.640625 0.865234375 0.626953125 0.86328125 0.5625 0.515625 0.576171875
0 0.509765625 0.27734375 0.78515625 0.267578125 0.783203125 0.20703125 0.505859375 0.216796875
0 0.54296875 0.8203125 0.865234375 0.80859375 0.86328125 0.75390625 0.541015625 0.765625
0 0.900390625 0.80078125 1 0.796875 1 0.740234375 0.8984375 0.744140625
0 0.845703125 0.033203125 1 0.02734375 1 0 0.84375 0
0 0.84375 0.341796875 1 0.3359375 1 0.28125 0.841796875 0.287109375
0 0.265625 0.875 0.349609375 0.87109375 0.341796875 0.73828125 0.2578125 0.744140625