0 0.646484375 0.9453125 0.53515625 1 0.65625 1 0.669921875 0.994140625
0 0.46875 0.693359375 0.474609375 0.703125 0.435546875 0.72265625 0.431640625 0.712890625 0.412109375 0.72265625 0.41796875 0.732421875 0.37890625 0.75390625 0.373046875 0.7421875 0.3515625 0.751953125 0.357421875 0.763671875 0.32421875 0.78125 0.318359375 0.76953125 0.29296875 0.78125 0.298828125 0.79296875 0.27734375 0.802734375 0.298828125 0.845703125 0.53125 0.73046875 0.51171875 0.689453125 0.498046875 0.6953125 0.4921875 0.68359375
0 0.611328125 0.87109375 0.58203125 0.814453125 0.35546875 0.927734375 0.384765625 0.984375
0 0.072265625 0.580078125 0.03515625 0.599609375 0.091796875 0.708984375 0.126953125 0.69140625
0 0.25 0.42578125 0.345703125 0.619140625 0.46484375 0.55859375 0.451171875 0.53125 0.390625 0.560546875 0.380859375 0.541015625 0.439453125 0.509765625 0.416015625 0.4609375 0.353515625 0.490234375 0.306640625 0.3984375
0 0.060546875 0.521484375 0.15625 0.712890625 0.1953125 0.693359375 0.169921875 0.642578125 0.26171875 0.59765625 0.2421875 0.556640625 0.173828125 0.58984375 0.123046875 0.490234375
0 0.017578125 0.78125 0 0.74609375 0 0.7890625
0 0.16015625 0.849609375 0.166015625 0.859375 0.123046875 0.880859375 0.1171875 0.87109375 0.1015625 0.87890625 0.10546875 0.888671875 0.064453125 0.908203125 0.060546875 0.8984375 0.044921875 0.90625 0.048828125 0.916015625 0.01171875 0.935546875 0.0078125 0.92578125 0 0.9296875 0 0.94921875 0.001953125 0.953125 0 0.953125 0 0.994140625 0.2265625 0.880859375 0.2109375 0.849609375 0.185546875 0.861328125 0.17578125 0.841796875
0 0.05859375 0.005859375 0.03515625 0.017578125 0.025390625 0 0.01953125 0 0 0.009765625 0 0.42578125 0.26953125 0.291015625 0.123046875 0 0.0546875 0
0 0.59765625 0 0.396484375 0 0.4375 0.080078125
0 0.703125 0.125 0.849609375 0.419921875 1 0.34375 1 0.056640625 0.970703125 0 0.951171875 0
0 0.654296875 0.09375 0.48828125 0.177734375 0.515625 0.232421875 0.681640625 0.1484375
0 1 0.51171875 1 0.44140625 0.775390625 0.5546875 0.802734375 0.611328125 0.822265625 0.6015625
0 0.86328125 0.634765625 0.853515625 0.64453125 0.84765625 0.65625 0.84765625 0.666015625 0.876953125 0.72265625 0.890625 0.734375 0.8984375 0.73828125 0.97265625 0.701171875 0.978515625 0.7109375 1 0.69921875 1 0.564453125
0 0.826171875 0.90625 0.841796875 0.939453125 0.802734375 0.958984375 0.822265625 1 0.9921875 1 1 0.99609375 1 0.9140625 0.978515625 0.87109375 0.943359375 0.888671875 0.92578125 0.857421875
0 0.681640625 0.1484375 0.515625 0.232421875 0.591796875 0.384765625 0.7578125 0.30078125
0 0.775390625 0.337890625 0.609375 0.419921875 0.650390625 0.505859375 0.818359375 0.421875
0 0.3046875 1 0.3046875 0.955078125 0.1875 0.953125 0.185546875 0.998046875 0.3046875 1