0 0.09375 0.794921875 0 0.84765625 0 0.888671875 0.06640625 1 0.21484375 1
0 0.267578125 0.884765625 0.19921875 0.92578125 0.2421875 0.998046875 0.310546875 0.95703125
0 0.333984375 0.94140625 0.2421875 0.998046875 0.2421875 1 0.3671875 1
0 0.43359375 0.833984375 0.376953125 0.859375 0.4375 1 0.49609375 0.974609375
0 0.634765625 0.951171875 0.603515625 1 0.693359375 1 0.69921875 0.9921875
0 0.708984375 0.826171875 0.6484375 0.916015625 0.703125 0.951171875 0.76171875 0.861328125
0 0.66015625 0.61328125 0.51953125 0.619140625 0.5234375 0.693359375 0.662109375 0.6875
0 0.755859375 0.61328125 0.724609375 0.61328125 0.724609375 0.673828125 0.7578125 0.673828125
0 0.85546875 0.599609375 0.755859375 0.6015625 0.7578125 0.673828125 0.857421875 0.669921875
0 0.42578125 0.638671875 0.427734375 0.6640625 0.40625 0.6640625 0.404296875 0.640625 0.396484375 0.640625 0.396484375 0.666015625 0.384765625 0.6640625 0.30078125 0.66796875 0.298828125 0.6484375 0.28515625 0.650390625 0.287109375 0.66796875 0.2109375 0.669921875 0.212890625 0.703125 0.46484375 0.6953125 0.46484375 0.662109375 0.44140625 0.662109375 0.439453125 0.638671875
0 0.998046875 0.99609375 0.998046875 0.755859375 0.8515625 0.755859375 0.853515625 0.99609375 0.998046875 0.99609375