0 0.140625 0.126953125 0.125 0.076171875 0.10546875 0.08203125 0.103515625 0.072265625 0.046875 0.087890625 0.017578125 0.095703125 0.021484375 0.10546875 0 0.111328125 0 0.119140625 0.01171875 0.1640625 0.064453125 0.1484375
0 0.31640625 0.001953125 0.314453125 0 0.2890625 0 0.29296875 0.009765625 0.2734375 0.015625 0.287109375 0.064453125 0.404296875 0.03125 0.39453125 0 0.322265625 0
0 0.087890625 0.408203125 0.21484375 0.37109375 0.201171875 0.3203125 0.177734375 0.328125 0.173828125 0.31640625 0.154296875 0.322265625 0.15625 0.333984375 0.12109375 0.34375 0.1171875 0.33203125 0.095703125 0.337890625 0.099609375 0.349609375 0.07421875 0.357421875
0 0.095703125 0.337890625 0.1171875 0.33203125 0.064453125 0.1484375 0.017578125 0.162109375 0.07421875 0.357421875 0.099609375 0.349609375
0 0.017578125 0.095703125 0.046875 0.087890625 0.03515625 0.048828125 0 0.05859375 0 0.09765625 0.00390625 0.111328125 0.021484375 0.10546875
0 0.39453125 0.212890625 0.267578125 0.287109375 0.302734375 0.345703125 0.4296875 0.271484375 0.3984375 0.216796875
0 0.2734375 0.296875 0.236328125 0.322265625 0.26171875 0.361328125 0.296875 0.337890625
0 0.447265625 0.185546875 0.3984375 0.216796875 0.421875 0.2578125 0.47265625 0.224609375
0 0.734375 0.0703125 0.69140625 0.00390625 0.55078125 0.095703125 0.59375 0.162109375
0 0.560546875 0.111328125 0.447265625 0.185546875 0.478515625 0.236328125 0.59375 0.162109375
0 0.6796875 0.962890625 0.6796875 1 1 1 1 0.953125
0 0.607421875 0.623046875 0.607421875 0.666015625 0.7421875 0.6640625 0.7421875 0.62109375
0 0.607421875 0.623046875 0.7421875 0.62109375 0.7421875 0.564453125 0.529296875 0.568359375 0.53125 0.66796875 0.607421875 0.666015625
0 0.591796875 0.98046875 0.392578125 0.982421875 0.392578125 1 0.591796875 1
0 0.263671875 0.796875 0.3125 0.79296875 0.310546875 0.7421875 0.259765625 0.74609375
0 0.263671875 0.861328125 0.314453125 0.859375 0.3125 0.814453125 0.26171875 0.818359375
0 0.32421875 0.98828125 0.244140625 0.9921875 0.244140625 1 0.32421875 1
0 0.875 0.0546875 0.875 0 0.736328125 0 0.734375 0.0546875 0.875 0.0546875
0 0.06640625 0.916015625 0.064453125 0.884765625 0 0.888671875 0 0.919921875 0.06640625 0.916015625
0 0.7421875 0.455078125 0.724609375 0.427734375 0.685546875 0.455078125 0.705078125 0.482421875 0.7421875 0.455078125