0 0.091796875 0.30078125 0.076171875 0.244140625 0 0.265625 0 0.326171875
0 0.234375 0.646484375 0.47265625 0.578125 0.455078125 0.51953125 0.216796875 0.587890625
0 0.353515625 0.208984375 0.337890625 0.15234375 0.099609375 0.21875 0.115234375 0.27734375
0 0.419921875 0.392578125 0.40234375 0.33203125 0.158203125 0.40234375 0.17578125 0.4609375
0 0.19921875 0.66015625 0.181640625 0.599609375 0 0.650390625 0 0.716796875
0 0.267578125 0.794921875 0.50390625 0.7265625 0.48828125 0.671875 0.251953125 0.740234375
0 0.1328125 0.876953125 0.123046875 0.841796875 0.2421875 0.806640625 0.2265625 0.75390625 0.080078125 0.794921875 0.087890625 0.828125 0 0.853515625 0 0.9140625 0.111328125 0.8828125
0 0.158203125 0.498046875 0.140625 0.435546875 0 0.474609375 0 0.541015625
0 0.626953125 0.6796875 0.69921875 0.658203125 0.64453125 0.462890625 0.572265625 0.484375
0 0.078125 1 0.13671875 1 0.1171875 0.931640625 0.064453125 0.947265625
0 0.646484375 0.80078125 0.71484375 0.78125 0.705078125 0.744140625 0.634765625 0.763671875
0 0.634765625 0.763671875 0.126953125 0.908203125 0.15234375 1 0.2265625 1 0.66796875 0.875
0 0.5234375 0.138671875 0.42578125 0.166015625 0.482421875 0.3671875 0.6171875 0.328125 0.576171875 0.177734375
0 0.298828125 0.037109375 0.2890625 0.00390625 0.244140625 0.01953125 0.25390625 0.052734375 0.298828125 0.037109375