0 0 0 0 0 0 0.083984375 0.04296875 0.14453125 0.08203125 0.115234375
0 0.8359375 0.326171875 0.8359375 0.33203125 0.767578125 0.345703125 0.77734375 0.42578125 0.84765625 0.41015625 0.84375 0.39453125 0.880859375 0.38671875 0.884765625 0.40234375 0.904296875 0.3984375 0.9140625 0.447265625 0.962890625 0.435546875 0.955078125 0.400390625 0.9921875 0.392578125 0.978515625 0.33203125 0.8828125 0.353515625 0.875 0.318359375
0 0.7109375 0.419921875 0.74609375 0.412109375 0.736328125 0.359375 0.609375 0.3828125 0.615234375 0.4140625 0.62109375 0.412109375 0.625 0.43359375 0.640625 0.431640625 0.65234375 0.4296875 0.65234375 0.431640625 0.65625 0.458984375 0.716796875 0.443359375
0 0.529296875 0.45703125 0.53515625 0.50390625 0.544921875 0.501953125 0.548828125 0.525390625 0.560546875 0.525390625 0.5625 0.55078125 0.58984375 0.548828125 0.591796875 0.556640625 0.625 0.552734375 0.625 0.541015625 0.63671875 0.541015625 0.6328125 0.509765625 0.640625 0.509765625 0.640625 0.505859375 0.64453125 0.505859375 0.646484375 0.478515625 0.65625 0.478515625 0.650390625 0.439453125
0 0.677734375 0.58984375 0.638671875 0.58984375 0.63671875 0.6484375 0.646484375 0.650390625 0.6640625 0.650390625 0.662109375 0.68359375 0.7265625 0.68359375 0.7265625 0.666015625 0.724609375 0.658203125 0.75390625 0.654296875 0.75390625 0.58984375 0.716796875 0.58984375 0.716796875 0.61328125 0.677734375 0.611328125
0 0.90234375 0.599609375 0.9140625 0.59765625 0.912109375 0.560546875 0.796875 0.56640625 0.798828125 0.625 0.806640625 0.626953125 0.830078125 0.625 0.83203125 0.65625 0.88671875 0.654296875 0.884765625 0.626953125 0.904296875 0.625 0.904296875 0.609375
0 0.904296875 0.642578125 0.91015625 0.640625 0.91015625 0.642578125 0.912109375 0.642578125 0.912109375 0.666015625 0.935546875 0.6640625 0.9375 0.697265625 0.986328125 0.6953125 0.98828125 0.66796875 1 0.66796875 1 0.60546875 0.98046875 0.60546875 0.98046875 0.62109375 0.9453125 0.623046875 0.9453125 0.607421875 0.904296875 0.609375 0.904296875 0.625
0 0.68359375 0.09375 0.689453125 0.12109375 0.708984375 0.1171875 0.716796875 0.158203125 0.740234375 0.154296875 0.744140625 0.181640625 0.830078125 0.166015625 0.833984375 0.193359375 0.90625 0.181640625 0.90234375 0.15625 0.931640625 0.15234375 0.919921875 0.08203125 0.822265625 0.099609375 0.81640625 0.0703125
0 0.611328125 0.1953125 0.607421875 0.173828125 0.59375 0.130859375 0.486328125 0.1484375 0.3671875 0.169921875 0.375 0.234375 0.4140625 0.228515625 0.419921875 0.259765625 0.59375 0.228515625 0.587890625 0.197265625
0 0.97265625 0.861328125 0.97265625 0.845703125 0.947265625 0.845703125 0.947265625 0.822265625 0.833984375 0.82421875 0.837890625 0.919921875 1 0.919921875 1 0.861328125
0 0.66015625 0.822265625 0.658203125 0.865234375 0.673828125 0.8671875 0.671875 0.890625 0.681640625 0.890625 0.6796875 0.927734375 0.7578125 0.92578125 0.7578125 0.892578125 0.767578125 0.892578125 0.771484375 0.86328125 0.779296875 0.86328125 0.779296875 0.82421875
0 0.646484375 0.693359375 0.6171875 0.587890625 0.56640625 0.6015625 0.595703125 0.70703125 0.63671875 0.697265625
0 0.611328125 0.76171875 0.65234375 0.75 0.63671875 0.697265625 0.595703125 0.70703125
0 0.626953125 0.818359375 0.66796875 0.806640625 0.65234375 0.75 0.611328125 0.76171875
0 0.1484375 0.912109375 0.16015625 0.95703125 0.193359375 0.947265625 0.19921875 0.96875 0.322265625 0.943359375 0.30859375 0.880859375
0 0.109375 0.8984375 0.064453125 0.912109375 0.064453125 0.9140625 0.044921875 0.919921875 0.04296875 0.91796875 0.03515625 0.919921875 0.03125 0.908203125 0.005859375 0.9140625 0.013671875 0.96484375 0.03125 0.962890625 0.03125 0.978515625 0.08984375 0.962890625 0.0859375 0.951171875 0.12109375 0.94140625 0.111328125 0.90625
0 0.099609375 0.6953125 0.083984375 0.650390625 0 0.6796875 0 0.73828125 0.01171875 0.734375 0.025390625 0.771484375 0.09375 0.74609375 0.078125 0.703125
0 0.474609375 0.884765625 0.490234375 0.8828125 0.48828125 0.86328125 0.47265625 0.865234375
0 0.47265625 0.865234375 0.4609375 0.865234375 0.462890625 0.88671875 0.474609375 0.884765625
0 0.068359375 0.9765625 0.0546875 0.97265625 0.03125 0.978515625 0.03125 0.96484375 0.02734375 0.96484375 0.013671875 0.96484375 0.01171875 0.958984375 0 0.955078125 0 1 0.060546875 1
0 0.369140625 0.869140625 0.365234375 0.84765625 0.16796875 0.880859375 0.171875 0.90234375
0 0.23828125 0.02734375 0.23828125 0 0.1640625 0 0.1640625 0.02734375 0.23828125 0.02734375