0 0.349609375 0.97265625 0.087890625 0.986328125 0.087890625 1 0.349609375 1 0.349609375 0.982421875
0 0.080078125 0.439453125 0.56640625 0.41015625 0.54296875 0.001953125 0.0546875 0.03125
0 0.837890625 0.171875 0.89453125 0.16015625 0.8671875 0.03515625 0.810546875 0.046875
0 0.90234375 0.248046875 0.845703125 0.25 0.8515625 0.33984375 0.697265625 0.34765625 0.697265625 0.328125 0.642578125 0.330078125 0.646484375 0.41015625 0.91015625 0.39453125 0.90625 0.314453125
0 0.6953125 0.2734375 0.6875 0.13671875 0.623046875 0.140625 0.630859375 0.27734375
0 0.677734375 0.080078125 0.671875 0 0.61328125 0 0.62109375 0.083984375
0 0.724609375 0.576171875 0.92578125 0.564453125 0.921875 0.509765625 0.720703125 0.521484375
0 0.931640625 0.791015625 0.923828125 0.65234375 0.875 0.654296875 0.880859375 0.73828125 0.736328125 0.74609375 0.740234375 0.802734375 0.8828125 0.794921875
0 0.390625 0.685546875 0.3984375 0.82421875 0.599609375 0.8125 0.595703125 0.755859375 0.462890625 0.763671875 0.458984375 0.681640625
0 0.390625 0.595703125 0.5859375 0.583984375 0.58203125 0.529296875 0.38671875 0.541015625
0 0.078125 0.62109375 0.27734375 0.609375 0.2734375 0.544921875 0.076171875 0.556640625
0 0.28515625 0.6953125 0.228515625 0.69921875 0.232421875 0.78125 0.08984375 0.7890625 0.09375 0.841796875 0.29296875 0.830078125
0 0.62109375 0.966796875 0.619140625 0.92578125 0.564453125 0.931640625 0.56640625 0.970703125 0.62109375 0.966796875