0 0.279296875 0.015625 0.279296875 0.056640625 0.25 0.056640625 0.248046875 0.17578125 0.27734375 0.17578125 0.275390625 0.212890625 0.48828125 0.21484375 0.48828125 0.15625 0.46875 0.15625 0.46875 0.080078125 0.490234375 0.080078125 0.490234375 0.01953125
0 0.228515625 0.015625 0.228515625 0.056640625 0.2265625 0.07421875 0.193359375 0.072265625 0.193359375 0.130859375 0.2265625 0.1328125 0.224609375 0.2109375 0.275390625 0.212890625 0.27734375 0.17578125 0.248046875 0.17578125 0.25 0.056640625 0.279296875 0.056640625 0.279296875 0.015625
0 0.462890625 1 0.494140625 1 0.494140625 0.96875 0.462890625 0.96875
0 0.365234375 0.662109375 0.435546875 0.6640625 0.4375 0.62890625 0.365234375 0.626953125
0 0.275390625 0.685546875 0.3046875 0.68359375 0.302734375 0.642578125 0.2734375 0.642578125
0 0.943359375 0.794921875 1 0.794921875 1 0.732421875 0.943359375 0.734375
0 0.990234375 0.6875 0.9921875 0.734375 1 0.734375 1 0.685546875
0 0.654296875 0.873046875 0.63671875 0.873046875 0.63671875 0.943359375 0.654296875 0.943359375 0.654296875 0.9375 0.69140625 0.9375 0.693359375 0.875
0 0.8125 0.802734375 0.759765625 0.8046875 0.76171875 0.865234375 0.814453125 0.86328125
0 0.626953125 0.681640625 0.625 0.734375 0.669921875 0.734375 0.669921875 0.68359375
0 0.27734375 0.802734375 0.275390625 0.873046875 0.451171875 0.875 0.451171875 0.833984375 0.427734375 0.833984375 0.427734375 0.8046875
0 0.4609375 0.833984375 0.4609375 0.8046875 0.427734375 0.8046875 0.427734375 0.833984375 0.451171875 0.833984375
0 0.275390625 0.873046875 0.275390625 0.958984375 0.357421875 0.9609375 0.375 0.962890625 0.375 0.875
0 0.255859375 0.958984375 0.25390625 1 0.35546875 1 0.357421875 0.9609375
0 0.666015625 0.828125 0.62890625 0.826171875 0.62890625 0.7734375 0.705078125 0.775390625 0.705078125 0.828125 0.66796875 0.828125 0.666015625 0.873046875 0.693359375 0.875 0.69140625 0.9375 0.654296875 0.9375 0.654296875 1 0.8984375 1 0.8984375 0.876953125 0.87109375 0.87890625 0.87109375 0.86328125 0.73828125 0.865234375 0.740234375 0.736328125 0.57421875 0.732421875 0.572265625 0.87109375 0.63671875 0.873046875 0.6640625 0.873046875
0 0.998046875 0.998046875 0.998046875 0.939453125 0.935546875 0.939453125 0.935546875 0.998046875 0.998046875 0.998046875