0 0.953125 0.072265625 1 0.046875 1 0 0.93359375 0 0.919921875 0.0078125 0.9375 0.04296875
0 0.9140625 0 0.900390625 0 0.82421875 0.0390625 0.84765625 0.087890625 0.9375 0.04296875 0.919921875 0.0078125
0 0.98828125 0.255859375 0.94921875 0.275390625 1 0.375 1 0.279296875
0 0.38671875 0.150390625 0.62890625 0.025390625 0.615234375 0 0.529296875 0 0.35546875 0.08984375
0 0.275390625 0.1328125 0.068359375 0.240234375 0.099609375 0.30078125 0.306640625 0.1953125
0 0.025390625 0.265625 0 0.27734375 0 0.359375 0.05859375 0.330078125
0 0.08203125 0.490234375 0.05078125 0.431640625 0 0.45703125 0 0.53125
0 0.25390625 0 0.177734375 0 0.05078125 0.072265625 0.041015625 0.056640625 0 0.080078125 0 0.150390625 0.072265625 0.109375 0.083984375 0.130859375 0.26953125 0.025390625
0 0.09765625 0.48828125 0.333984375 0.3671875 0.302734375 0.3046875 0.06640625 0.42578125
0 0.3671875 0.34765625 0.7109375 0.1796875 0.6796875 0.115234375 0.3359375 0.283203125
0 0.490234375 0.5078125 0.802734375 0.34765625 0.76953125 0.283203125 0.45703125 0.443359375
0 0.2109375 0.65234375 0.470703125 0.517578125 0.439453125 0.45703125 0.1796875 0.59375
0 0.302734375 0.810546875 0.580078125 0.662109375 0.55078125 0.60546875 0.271484375 0.751953125
0 0.869140625 0.462890625 0.59765625 0.6015625 0.630859375 0.666015625 0.90234375 0.52734375
0 0.951171875 0.6171875 0.693359375 0.748046875 0.724609375 0.8125 0.984375 0.6796875
0 0.76171875 0.90234375 0.79296875 0.966796875 1 0.859375 1 0.78125
0 0.15625 0.673828125 0.126953125 0.615234375 0 0.6796875 0 0.75390625
0 0.369140625 0.974609375 0.337890625 0.912109375 0.158203125 1 0.31640625 1
0 0.240234375 0.8203125 0.21484375 0.771484375 0 0.876953125 0 0.9375
0 0.423828125 0.94140625 0.654296875 0.828125 0.625 0.76953125 0.39453125 0.8828125
0 0.734375 0.982421875 0.705078125 0.923828125 0.548828125 1 0.697265625 1
0 0.873046875 0 0.80859375 0 0.82421875 0.0390625 0.87890625 0.01171875
0 1 0.998046875 0.998046875 0.9609375 0.919921875 0.962890625 0.919921875 1 1 0.998046875