0 0.109375 0.86328125 0.107421875 0.806640625 0 0.810546875 0 0.8671875
0 0.37890625 0.48828125 0.5 0.48046875 0.49609375 0.408203125 0.375 0.416015625
0 0.646484375 0.48828125 0.76953125 0.48046875 0.765625 0.408203125 0.642578125 0.416015625
0 0.662109375 0.744140625 0.78515625 0.736328125 0.779296875 0.6640625 0.658203125 0.671875
0 0.669921875 0.9453125 0.79296875 0.9375 0.7890625 0.865234375 0.666015625 0.873046875
0 0.203125 1 0.294921875 1 0.326171875 0.998046875 0.322265625 0.92578125 0.19921875 0.93359375
0 0.2734375 0.65234375 0.26953125 0.595703125 0.146484375 0.603515625 0.150390625 0.662109375 0.16796875 0.662109375 0.173828125 0.73828125 0.2578125 0.732421875 0.251953125 0.65234375
0 0.38671875 1 0.61328125 1 0.611328125 0.947265625 0.384765625 0.9609375
0 0.39453125 0.6796875 0.58203125 0.66796875 0.580078125 0.619140625 0.390625 0.630859375
0 0.98828125 0.826171875 0.890625 0.830078125 0.8984375 1 0.994140625 1
0 1 0.82421875 1 0.716796875 0.88671875 0.720703125 0.890625 0.830078125 0.98828125 0.826171875
0 0.857421875 0.533203125 1 0.521484375 1 0.4609375 0.853515625 0.47265625
0 0.88671875 0.376953125 1 0.3671875 1 0.287109375 0.880859375 0.298828125
0 0.48046875 0.306640625 0.837890625 0.28515625 0.818359375 0 0.591796875 0 0.462890625 0.0078125
0 0.134765625 0.5 0.12890625 0.369140625 0 0.375 0 0.50390625
0 0.091796875 0.65234375 0.091796875 0.59765625 0 0.599609375 0 0.65234375 0.091796875 0.65234375