0 0.78125 0.96875 0.80078125 0.96875 0.802734375 0.94140625 0.783203125 0.94140625 0.78125 0.966796875
0 0.783203125 0.94140625 0.765625 0.943359375 0.767578125 0.966796875 0.78125 0.966796875
0 0.876953125 0.921875 0.890625 0.923828125 0.892578125 0.89453125 0.876953125 0.89453125
0 0.7265625 0.8828125 0.748046875 0.87890625 0.744140625 0.859375 0.72265625 0.86328125
0 0.74609375 0.939453125 0.76171875 0.93359375 0.75390625 0.904296875 0.73828125 0.908203125
0 0.765625 0.9765625 0.751953125 0.98828125 0.759765625 1 0.783203125 1
0 0.751953125 0.98828125 0.736328125 1 0.759765625 1
0 0.7265625 0.974609375 0.736328125 0.986328125 0.755859375 0.970703125 0.744140625 0.958984375
0 0.79296875 0.990234375 0.80078125 0.98828125 0.796875 0.97265625 0.791015625 0.974609375
0 0.791015625 0.974609375 0.77734375 0.9765625 0.779296875 0.9921875 0.79296875 0.990234375
0 0.802734375 0.990234375 0.810546875 0.9921875 0.814453125 0.978515625 0.806640625 0.9765625
0 0.818359375 0.978515625 0.826171875 0.9765625 0.82421875 0.96875 0.81640625 0.970703125
0 0.818359375 0.951171875 0.845703125 0.955078125 0.84765625 0.943359375 0.8203125 0.939453125
0 0.81640625 0.951171875 0.814453125 0.962890625 0.84375 0.966796875 0.845703125 0.955078125
0 0.53515625 0.142578125 0.5625 0.0625 0.513671875 0.044921875 0.486328125 0.126953125 0.53515625 0.142578125