0 0.62890625 0.021484375 0.9765625 0.01953125 0.9765625 0 0.62890625 0
0 0.85546875 0.076171875 0.85546875 0.08984375 0.8046875 0.08984375 0.8046875 0.12890625 0.921875 0.12890625 0.921875 0.087890625 0.875 0.087890625 0.875 0.076171875
0 0.615234375 0.111328125 0.58984375 0.16015625 0.79296875 0.2578125 0.81640625 0.208984375
0 0.876953125 0.228515625 0.8203125 0.201171875 0.79296875 0.2578125 0.9375 0.330078125 0.986328125 0.23046875 0.935546875 0.20703125 0.91015625 0.259765625 0.873046875 0.240234375
0 0.587890625 0.00390625 0.453125 0.001953125 0.455078125 0.08984375 0.541015625 0.1328125 0.591796875 0.02734375
0 0.01953125 0.44921875 0.01953125 0.439453125 0.04296875 0.44140625 0.046875 0.392578125 0.025390625 0.390625 0.025390625 0.380859375 0 0.376953125 0 0.4453125
0 0.017578125 0.642578125 0.017578125 0.634765625 0.041015625 0.63671875 0.044921875 0.587890625 0.021484375 0.5859375 0.0234375 0.57421875 0 0.572265625 0 0.640625
0 0.083984375 0.7265625 0.083984375 0.736328125 0.072265625 0.736328125 0.068359375 0.78515625 0.078125 0.78515625 0.078125 0.794921875 0.1171875 0.796875 0.119140625 0.7890625 0.142578125 0.791015625 0.140625 0.80078125 0.1953125 0.8046875 0.1953125 0.794921875 0.220703125 0.798828125 0.220703125 0.806640625 0.267578125 0.810546875 0.26953125 0.802734375 0.302734375 0.8046875 0.302734375 0.814453125 0.337890625 0.81640625 0.33984375 0.80859375 0.361328125 0.810546875 0.365234375 0.76171875 0.34375 0.759765625 0.34375 0.748046875 0.30859375 0.74609375 0.306640625 0.755859375 0.2734375 0.75390625 0.275390625 0.7421875 0.2265625 0.73828125 0.224609375 0.748046875 0.19921875 0.74609375 0.201171875 0.736328125 0.1484375 0.732421875 0.146484375 0.7421875 0.123046875 0.740234375 0.123046875 0.73046875
0 0.109375 0.529296875 0.107421875 0.541015625 0.08984375 0.5390625 0.0859375 0.587890625 0.103515625 0.58984375 0.103515625 0.59765625 0.15234375 0.603515625 0.154296875 0.59375 0.173828125 0.595703125 0.173828125 0.60546875 0.212890625 0.607421875 0.21484375 0.599609375 0.232421875 0.6015625 0.232421875 0.609375 0.28125 0.61328125 0.28125 0.60546875 0.314453125 0.607421875 0.314453125 0.6171875 0.349609375 0.62109375 0.3515625 0.611328125 0.375 0.61328125 0.37890625 0.564453125 0.35546875 0.5625 0.357421875 0.552734375 0.3203125 0.548828125 0.3203125 0.55859375 0.28515625 0.556640625 0.287109375 0.544921875 0.23828125 0.541015625 0.23828125 0.552734375 0.220703125 0.55078125 0.220703125 0.541015625 0.181640625 0.537109375 0.181640625 0.546875 0.171875 0.546875 0.158203125 0.544921875 0.158203125 0.53515625
0 0.482421875 0.697265625 0.537109375 0.701171875 0.54296875 0.6484375 0.486328125 0.64453125
0 0.46875 0.80859375 0.525390625 0.814453125 0.529296875 0.779296875 0.47265625 0.775390625
0 0.4453125 0.82421875 0.44921875 0.759765625 0.419921875 0.759765625 0.416015625 0.822265625 0.4453125 0.82421875