0 0.830078125 0.927734375 1 0.916015625 1 0.8671875 0.826171875 0.87890625
0 0.123046875 0.9921875 0.240234375 0.982421875 0.234375 0.908203125 0.1171875 0.91796875
0 0.220703125 0.892578125 0.216796875 0.8203125 0.14453125 0.82421875 0.146484375 0.896484375
0 0.142578125 0.810546875 0 0.81640625 0 0.900390625 0.146484375 0.896484375
0 0.068359375 0.71484375 0.0625 0.642578125 0 0.64453125 0 0.71875
0 0.517578125 0.998046875 0.7109375 0.98828125 0.70703125 0.912109375 0.431640625 0.92578125 0.435546875 1 0.517578125 1
0 0.09375 0.544921875 0.08984375 0.46875 0 0.47265625 0 0.548828125
0 0.1796875 0.341796875 0.17578125 0.283203125 0.033203125 0.291015625 0.037109375 0.3515625
0 0.15625 0.05859375 0.15234375 0 0.123046875 0 0.0078125 0.0078125 0.01171875 0.06640625
0 0.39453125 0.87890625 0.546875 0.87109375 0.54296875 0.798828125 0.390625 0.806640625
0 0.771484375 0.998046875 0.767578125 0.87109375 0.7109375 0.873046875 0.71484375 1 0.771484375 0.998046875
0 0.6171875 0.587890625 0.615234375 0.55078125 0.466796875 0.55859375 0.46875 0.59765625 0.6171875 0.587890625
0 0.685546875 0.830078125 0.681640625 0.78515625 0.6484375 0.787109375 0.65234375 0.83203125 0.685546875 0.830078125
0 0.697265625 0.76171875 0.69921875 0.70703125 0.6328125 0.705078125 0.630859375 0.759765625 0.697265625 0.76171875