0 0 0.40625 0 0.4453125 0.017578125 0.453125 0.05078125 0.376953125 0.01953125 0.36328125
0 0.05078125 0.466796875 0.091796875 0.484375 0.12890625 0.400390625 0.087890625 0.3828125
0 0.908203125 0.77734375 0.8671875 0.75390625 0.845703125 0.79296875 0.861328125 0.80078125 0.818359375 0.880859375 0.802734375 0.87109375 0.767578125 0.935546875 0.87109375 0.9921875 0.865234375 1 1 1 1 0.841796875 0.90234375 0.7890625
0 0.951171875 0.7421875 0.9609375 0.72265625 0.98046875 0.734375 1 0.697265625 1 0.6171875 0.990234375 0.61328125 0.9921875 0.607421875 0.96484375 0.591796875 0.9609375 0.59765625 0.94140625 0.5859375 0.931640625 0.60546875 0.91015625 0.591796875 0.8671875 0.671875 0.888671875 0.68359375 0.8828125 0.69140625 0.931640625 0.716796875 0.92578125 0.728515625 0.9296875 0.73046875
0 0.693359375 0.697265625 0.513671875 0.599609375 0.4921875 0.63671875 0.720703125 0.763671875 0.7421875 0.724609375 0.712890625 0.708984375 0.75 0.640625 0.8984375 0.72265625 0.88671875 0.744140625 0.9140625 0.759765625 0.9296875 0.73046875 0.92578125 0.728515625 0.931640625 0.716796875 0.8828125 0.69140625 0.888671875 0.68359375 0.8671875 0.671875 0.869140625 0.666015625 0.74609375 0.599609375
0 0.62109375 0.4921875 0.59375 0.509765625 0.5625 0.564453125 0.591796875 0.580078125 0.61328125 0.541015625 0.615234375 0.544921875 0.642578125 0.529296875
0 0.998046875 0.4453125 0.982421875 0.453125 0.966796875 0.4609375 0.953125 0.470703125 0.94140625 0.484375 0.919921875 0.525390625 0.939453125 0.537109375 0.9453125 0.5234375 0.955078125 0.51171875 0.96484375 0.5 0.9765625 0.4921875 0.990234375 0.484375 1 0.48046875 1 0.443359375
0 0.939453125 0.537109375 0.919921875 0.525390625 0.984375 0.408203125 0.96875 0.400390625 0.939453125 0.283203125 0.865234375 0.302734375 0.87890625 0.35546875 0.74609375 0.599609375 0.869140625 0.666015625 0.87109375 0.66015625
0 0.111328125 0.259765625 0.169921875 0.27734375 0.189453125 0.21484375 0.130859375 0.197265625
0 0.029296875 0.166015625 0.009765625 0.228515625 0.111328125 0.259765625 0.130859375 0.197265625
0 0.009765625 0.228515625 0 0.244140625 0 0.26171875 0.16015625 0.30859375 0.169921875 0.27734375