0 0.23828125 0.072265625 0.212890625 0.14453125 0.255859375 0.16015625 0.28125 0.087890625
0 0.384765625 0.05078125 0.3046875 0.021484375 0.263671875 0.140625 0.34375 0.169921875 0.357421875 0.130859375
0 0.740234375 0.826171875 0.70703125 0.814453125 0.671875 0.912109375 0.705078125 0.923828125 0.708984375 0.916015625
0 0.91015625 0.798828125 0.92578125 0.75390625 0.734375 0.693359375 0.720703125 0.740234375 0.884765625 0.791015625
0 0.83203125 0.775390625 0.818359375 0.818359375 0.83203125 0.822265625 0.82421875 0.849609375 0.849609375 0.857421875 0.857421875 0.830078125 0.87109375 0.833984375 0.884765625 0.791015625
0 0.73828125 0.74609375 0.7265625 0.7890625 0.7421875 0.794921875 0.736328125 0.8125 0.765625 0.8203125 0.76953125 0.802734375 0.78515625 0.80859375 0.798828125 0.763671875
0 0.705078125 0.736328125 0.654296875 0.8984375 0.673828125 0.90625 0.70703125 0.814453125 0.740234375 0.826171875 0.708984375 0.916015625 0.71484375 0.91796875 0.748046875 0.814453125 0.736328125 0.8125 0.7421875 0.794921875 0.7265625 0.7890625 0.73828125 0.74609375 0.720703125 0.740234375
0 0.82421875 0.37890625 0.8046875 0.435546875 0.990234375 0.498046875 1 0.466796875 1 0.4375
0 0.83984375 0.33203125 0.82421875 0.37890625 1 0.4375 1 0.384765625
0 0.76171875 0.673828125 0.822265625 0.693359375 0.85546875 0.591796875 0.794921875 0.572265625
0 0.89453125 0.60546875 0.859375 0.71484375 0.92578125 0.73828125 0.9609375 0.62890625
0 0.763671875 0.560546875 0.9609375 0.62890625 1 0.513671875 1 0.466796875 0.990234375 0.498046875 0.8046875 0.435546875
0 0.51953125 0.306640625 0.56640625 0.322265625 0.58203125 0.2734375 0.53515625 0.2578125
0 0.53515625 0.2578125 0.455078125 0.232421875 0.4296875 0.3125 0.509765625 0.337890625 0.51953125 0.306640625
0 0.322265625 0.263671875 0.41796875 0.294921875 0.435546875 0.23828125 0.341796875 0.20703125
0 0.521484375 0.17578125 0.62890625 0.21484375 0.646484375 0.1640625 0.5390625 0.126953125
0 0.392578125 0.142578125 0.357421875 0.130859375 0.341796875 0.177734375 0.455078125 0.216796875 0.470703125 0.169921875 0.4140625 0.1484375 0.41015625 0.162109375 0.388671875 0.154296875
0 0.111328125 0.22265625 0.171875 0.23828125 0.19140625 0.171875 0.12890625 0.154296875
0 0.060546875 0.318359375 0.111328125 0.333984375 0.12890625 0.267578125 0.078125 0.25390625
0 0.24609375 0.40234375 0.29296875 0.416015625 0.3125 0.345703125 0.265625 0.33203125
0 0.541015625 0.51953125 0.56640625 0.439453125 0.50390625 0.41796875 0.478515625 0.498046875
0 0.080078125 0.3671875 0 0.607421875 0 1 0.380859375 1 0.541015625 0.51953125
0 0.59375 0.71484375 0.6484375 0.572265625 0.603515625 0.5546875 0.548828125 0.6953125 0.59375 0.71484375