0 0.712890625 0.93359375 0.849609375 0.880859375 0.833984375 0.841796875 0.69921875 0.89453125 0.703125 0.904296875
0 0.69140625 0.876953125 0.86328125 0.810546875 0.87109375 0.7265625 0.82421875 0.60546875 0 0.927734375 0 1 0.458984375 1 0.703125 0.904296875 0.69921875 0.89453125
0 0.748046875 0.580078125 0.71875 0.50390625 0 0.78125 0 0.8671875
0 0.69140625 0.435546875 0.666015625 0.37109375 0 0.62890625 0 0.701171875
0 0.228515625 0.451171875 0.177734375 0.296875 0 0.353515625 0 0.525390625
0 0.671875 0.279296875 0.6328125 0.1640625 0.60546875 0.173828125 0.64453125 0.2890625
0 0.5625 0.0390625 0.181640625 0.1640625 0.263671875 0.412109375 0.64453125 0.2890625
0 0.15234375 0.232421875 0.134765625 0.1875 0 0.234375 0 0.28515625
0 0.736328125 0.087890625 0.72265625 0.109375 0.794921875 0.30078125 0.900390625 0.294921875 0.931640625 0.298828125 0.9453125 0.29296875 0.94921875 0.265625 0.91015625 0.2578125 0.923828125 0.19921875 0.923828125 0.1953125
0 0.919921875 0.21484375 0.9140625 0.240234375 0.95703125 0.26171875 0.96875 0.240234375
0 0.908203125 0.322265625 0.8515625 0.326171875 0.814453125 0.337890625 0.833984375 0.404296875 0.923828125 0.375
0 1 0.3515625 1 0.326171875 0.99609375 0.314453125 0.947265625 0.330078125 0.94921875 0.3359375 0.916015625 0.34765625 0.923828125 0.375 0.98046875 0.357421875
0 0.46875 0.0078125 0.46484375 0 0.21875 0 0 0.064453125 0 0.154296875
0 1 0.984375 1 0.9453125 0.94921875 0.9453125 0.94921875 0.984375 1 0.984375
0 1 0.9453125 0.998046875 0.673828125 0.943359375 0.673828125 0.947265625 0.9453125 1 0.9453125