0 0.046875 0.3984375 0.291015625 0.3828125 0.287109375 0.333984375 0.04296875 0.349609375 0.044921875 0.376953125 0.001953125 0.37890625 0.013671875 0.552734375 0.056640625 0.548828125
0 0.0390625 0.255859375 0.28125 0.244140625 0.27734375 0.1953125 0 0.205078125 0 0.32421875 0.041015625 0.32421875
0 0.029296875 0.09765625 0.029296875 0.095703125 0.275390625 0.087890625 0.2734375 0.037109375 0.02734375 0.04296875 0.025390625 0 0 0 0 0.09765625
0 0.31640625 0.083984375 0.580078125 0.072265625 0.576171875 0.015625 0.314453125 0.029296875
0 0.375 0.21875 0.599609375 0.20703125 0.59765625 0.15625 0.373046875 0.16796875 0.373046875 0.177734375 0.32421875 0.1796875 0.333984375 0.359375 0.3828125 0.357421875
0 0.67578125 0.296875 0.923828125 0.158203125 0.89453125 0.107421875 0.646484375 0.244140625
0 0.685546875 0.01171875 0.904296875 0.001953125 0.90234375 0 0.638671875 0 0.64453125 0.16796875 0.69140625 0.166015625
0 0.044921875 0.705078125 0.330078125 0.544921875 0.294921875 0.482421875 0.01171875 0.642578125
0 0.35546875 0.51953125 0.63671875 0.357421875 0.603515625 0.298828125 0.322265625 0.4609375
0 1 0.083984375 0.998046875 0 0.966796875 0 0.966796875 0.083984375 1 0.083984375
0 0.72265625 0.59375 0.697265625 0.556640625 0.634765625 0.59765625 0.658203125 0.634765625 0.72265625 0.59375