0 0.103515625 0.091796875 0 0.0546875 0 0.10546875 0.087890625 0.13671875
0 0.0546875 0.02734375 0.109375 0.046875 0.125 0 0.0625 0
0 0.3046875 0.732421875 0.619140625 0.732421875 0.619140625 0.669921875 0.3046875 0.66796875
0 0.603515625 0.92578125 0.8359375 0.92578125 0.8359375 0.861328125 0.603515625 0.861328125
0 0.65234375 0.75390625 0.966796875 0.75390625 0.966796875 0.69140625 0.65234375 0.69140625
0 0.25390625 0.90625 0.564453125 0.90625 0.564453125 0.837890625 0.25390625 0.837890625
0 0.69140625 0.58203125 1 0.58203125 1 0.515625 0.69140625 0.515625
0 0.365234375 0.5 0.365234375 0.55078125 0.390625 0.55078125 0.390625 0.568359375 0.421875 0.568359375 0.421875 0.55078125 0.4609375 0.55078125 0.4609375 0.568359375 0.4921875 0.568359375 0.4921875 0.55078125 0.53125 0.552734375 0.53125 0.568359375 0.564453125 0.568359375 0.564453125 0.552734375 0.607421875 0.552734375 0.607421875 0.568359375 0.642578125 0.568359375 0.642578125 0.552734375 0.654296875 0.552734375 0.65625 0.5
0 0.6796875 0.337890625 0.6796875 0.39453125 0.705078125 0.39453125 0.705078125 0.41015625 0.740234375 0.41015625 0.740234375 0.39453125 0.783203125 0.39453125 0.783203125 0.41015625 0.81640625 0.41015625 0.81640625 0.39453125 0.853515625 0.39453125 0.853515625 0.41015625 0.890625 0.41015625 0.890625 0.39453125 0.92578125 0.39453125 0.92578125 0.41015625 0.958984375 0.41015625 0.958984375 0.39453125 0.97265625 0.39453125 0.97265625 0.33984375
0 0.5859375 0.390625 0.58203125 0.32421875 0.431640625 0.333984375 0.435546875 0.3984375
0 0.814453125 0.20703125 0.798828125 0.08203125 0.70703125 0.09375 0.720703125 0.21875 0.814453125 0.20703125