0 0.384765625 0.25390625 0.341796875 0.25390625 0.341796875 0.26953125 0.265625 0.26953125 0.265625 0.259765625 0.189453125 0.259765625 0.189453125 0.31640625 0.341796875 0.31640625 0.341796875 0.310546875 0.384765625 0.310546875 0.384765625 0.26953125
0 0.857421875 0.2109375 0.857421875 0.271484375 0.923828125 0.271484375 0.923828125 0.283203125 1 0.283203125 1 0.2265625 0.923828125 0.2265625 0.923828125 0.2109375
0 0.796875 0.5546875 0.796875 0.607421875 0.9375 0.607421875 0.9375 0.6171875 1 0.6171875 1 0.55859375 0.9375 0.55859375 0.9375 0.5546875
0 0.580078125 0.40625 0.447265625 0.40625 0.447265625 0.470703125 0.580078125 0.470703125
0 0.1875 0.474609375 0.396484375 0.474609375 0.39453125 0.412109375 0.1875 0.412109375
0 0.603515625 0.025390625 0.662109375 0.025390625 0.662109375 0 0.603515625 0
0 0.951171875 0.41015625 0.953125 0.45703125 1 0.45703125 1 0.41015625
0 0.951171875 0.390625 0.818359375 0.390625 0.818359375 0.451171875 0.953125 0.451171875 0.951171875 0.41015625
0 0.58203125 0.607421875 0.724609375 0.607421875 0.724609375 0.556640625 0.58203125 0.556640625 0.58203125 0.5625 0.5078125 0.5625 0.509765625 0.6171875 0.58203125 0.6171875
0 0.6015625 0.22265625 0.6015625 0.24609375 0.513671875 0.24609375 0.513671875 0.232421875 0.453125 0.232421875 0.453125 0.294921875 0.6015625 0.294921875 0.6015625 0.2734375 0.669921875 0.2734375 0.669921875 0.22265625
0 0.453125 0.130859375 0.453125 0.078125 0.1875 0.078125 0.1875 0.130859375 0.388671875 0.130859375
0 0.703125 0.392578125 0.654296875 0.392578125 0.654296875 0.400390625 0.580078125 0.400390625 0.580078125 0.453125 0.703125 0.453125
0 0.19140625 0.55859375 0.193359375 0.61328125 0.265625 0.61328125 0.265625 0.634765625 0.48046875 0.634765625 0.48046875 0.572265625 0.265625 0.57421875 0.265625 0.55859375
0 0.876953125 0 0.662109375 0 0.662109375 0.044921875 0.876953125 0.044921875 0.876953125 0.025390625
0 0.9375 0.025390625 0.9375 0 0.876953125 0 0.876953125 0.025390625
0 0.58203125 0.96875 0.58203125 0.98828125 0.57421875 0.98828125 0.57421875 1 0.939453125 1 0.939453125 0.986328125 0.927734375 0.986328125 0.927734375 0.966796875
0 0.58203125 0.791015625 0.58203125 0.810546875 0.576171875 0.810546875 0.576171875 0.833984375 0.58203125 0.833984375 0.58203125 0.84765625 0.59375 0.84765625 0.59375 0.865234375 0.611328125 0.865234375 0.611328125 0.84765625 0.6484375 0.84765625 0.6484375 0.865234375 0.6796875 0.865234375 0.6796875 0.84765625 0.71484375 0.84765625 0.71484375 0.865234375 0.744140625 0.865234375 0.744140625 0.84765625 0.79296875 0.84765625 0.794921875 0.865234375 0.8125 0.865234375 0.8125 0.84765625 0.8515625 0.84765625 0.8515625 0.865234375 0.8671875 0.865234375 0.8671875 0.84765625 0.90234375 0.84765625 0.90234375 0.865234375 0.919921875 0.865234375 0.919921875 0.84765625 0.927734375 0.84765625 0.927734375 0.833984375 0.939453125 0.833984375 0.939453125 0.810546875 0.927734375 0.810546875 0.927734375 0.791015625
0 0.1953125 0.96875 0.1953125 0.98828125 0.1875 0.98828125 0.1875 1 0.55078125 1 0.55078125 0.98828125 0.541015625 0.98828125 0.541015625 0.96875
0 0.958984375 0.787109375 0.958984375 0.8046875 0.951171875 0.8046875 0.951171875 0.828125 0.958984375 0.828125 0.958984375 0.841796875 0.970703125 0.841796875 0.970703125 0.859375 0.98828125 0.859375 0.98828125 0.841796875 1 0.841796875 1 0.78515625
0 0.16796875 0.798828125 0.16796875 0.818359375 0.16015625 0.818359375 0.162109375 0.841796875 0.16796875 0.841796875 0.16796875 0.85546875 0.1796875 0.85546875 0.1796875 0.873046875 0.197265625 0.873046875 0.197265625 0.85546875 0.232421875 0.85546875 0.232421875 0.873046875 0.265625 0.873046875 0.265625 0.85546875 0.30078125 0.85546875 0.30078125 0.873046875 0.328125 0.873046875 0.328125 0.85546875 0.37890625 0.85546875 0.37890625 0.873046875 0.396484375 0.873046875 0.396484375 0.85546875 0.435546875 0.85546875 0.435546875 0.873046875 0.453125 0.873046875 0.453125 0.853515625 0.486328125 0.853515625 0.486328125 0.873046875 0.505859375 0.873046875 0.505859375 0.853515625 0.513671875 0.853515625 0.513671875 0.83984375 0.525390625 0.83984375 0.525390625 0.818359375 0.513671875 0.818359375 0.513671875 0.798828125
0 0 0.611328125 0 0.67578125 0.029296875 0.67578125 0.029296875 0.654296875 0.04296875 0.654296875 0.04296875 0.625 0.029296875 0.625 0.029296875 0.611328125
0 0 0.06640625 0 0.142578125 0.00390625 0.142578125 0.00390625 0.12109375 0.017578125 0.12109375 0.017578125 0.103515625 0.01953125 0.103515625 0.01953125 0.078125 0.017578125 0.078125 0.017578125 0.06640625
0 0 0.431640625 0 0.50390625 0.001953125 0.50390625 0.001953125 0.484375 0.025390625 0.484375 0.025390625 0.46875 0.037109375 0.46875 0.037109375 0.4453125 0.025390625 0.4453125 0.025390625 0.43359375
0 0 0.2421875 0 0.318359375 0.0078125 0.318359375 0.009765625 0.298828125 0.021484375 0.298828125 0.021484375 0.279296875 0.0234375 0.279296875 0.0234375 0.255859375 0.021484375 0.255859375 0.021484375 0.2421875
0 0.0859375 0.873046875 0 0.873046875 0 0.919921875 0.087890625 0.91796875
0 0.103515625 0.833984375 0.1015625 0.70703125 0.037109375 0.708984375 0.0390625 0.833984375
0 0.037109375 0.708984375 0 0.708984375 0 0.833984375 0.0390625 0.833984375
0 0.06640625 0.998046875 0.064453125 0.92578125 0 0.927734375 0 1 0.06640625 0.998046875
0 0.998046875 0.998046875 1 0.947265625 0.951171875 0.9453125 0.951171875 0.998046875 0.998046875 0.998046875
0 0.248046875 0.943359375 0.248046875 0.88671875 0.181640625 0.88671875 0.18359375 0.943359375 0.248046875 0.943359375