0 0.58203125 0.0703125 0.787109375 0.013671875 0.783203125 0 0.64453125 0 0.568359375 0.021484375
0 0.89453125 0.14453125 1 0.115234375 1 0.0625 0.8828125 0.09375
0 0.625 0.23828125 0.81640625 0.1875 0.8046875 0.142578125 0.61328125 0.193359375
0 0.654296875 0.390625 0.84765625 0.34375 0.8359375 0.296875 0.642578125 0.345703125
0 1 0.291015625 1 0.234375 0.8984375 0.263671875 0.912109375 0.314453125
0 0.310546875 0.953125 0.123046875 1 0.3203125 1
0 0.3671875 0.98828125 0.634765625 0.919921875 0.623046875 0.875 0.35546875 0.943359375
0 0.52734375 0.775390625 0.533203125 0.7734375 0.525390625 0.734375 0.27734375 0.796875 0.287109375 0.833984375 0.291015625 0.833984375 0.294921875 0.84375 0.529296875 0.78515625
0 0.24609375 0.83203125 0.25 0.83203125 0.2421875 0.80078125 0 0.859375 0.0078125 0.8984375 0.015625 0.896484375 0.01953125 0.912109375 0.251953125 0.85546875
0 0.79296875 0.669921875 0.794921875 0.6796875 0.7734375 0.685546875 0.771484375 0.673828125 0.75390625 0.677734375 0.755859375 0.689453125 0.712890625 0.69921875 0.7109375 0.689453125 0.6875 0.693359375 0.69140625 0.705078125 0.638671875 0.716796875 0.654296875 0.78515625 0.87109375 0.732421875 0.85546875 0.666015625 0.818359375 0.673828125 0.81640625 0.6640625
0 0.99609375 0.6171875 0.9765625 0.623046875 0.98046875 0.63671875 0.970703125 0.638671875 0.974609375 0.646484375 0.921875 0.66015625 0.935546875 0.71484375 1 0.697265625 1 0.630859375
0 0.396484375 0.54296875 0.2578125 0 0 0 0 0.642578125
0 0.58203125 0.146484375 0.521484375 0.162109375 0.615234375 0.515625 0.619140625 0.53125 0.62109375 0.53125 0.685546875 0.56640625 0.873046875 0.513671875 0.859375 0.4609375 0.697265625 0.505859375 0.673828125 0.4921875
0 0.51171875 0.134765625 0.5703125 0.12109375 0.541015625 0 0.48046875 0
0 0.970703125 0.83984375 0.978515625 0.873046875 0.984375 0.87109375 0.990234375 0.89453125 1 0.890625 1 0.83203125
0 0.8828125 0.84765625 0.884765625 0.857421875 0.8203125 0.875 0.81640625 0.86328125 0.791015625 0.87109375 0.79296875 0.880859375 0.7265625 0.8984375 0.72265625 0.88671875 0.6953125 0.89453125 0.697265625 0.904296875 0.662109375 0.912109375 0.673828125 0.9609375 0.947265625 0.89453125 0.93359375 0.845703125 0.90234375 0.853515625 0.900390625 0.84375
0 0.45703125 0.658203125 0.505859375 0.6484375 0.484375 0.546875 0.435546875 0.55859375
0 0.41015625 0.283203125 0.3671875 0.130859375 0.333984375 0.140625 0.376953125 0.29296875 0.41015625 0.283203125
0 0.486328125 0.306640625 0.4765625 0.251953125 0.443359375 0.2578125 0.451171875 0.3125 0.486328125 0.306640625
0 0.529296875 0.525390625 0.509765625 0.451171875 0.478515625 0.458984375 0.498046875 0.533203125 0.529296875 0.525390625