0 0.0703125 0.107421875 0.072265625 0.12109375 0.001953125 0.130859375 0 0.1171875 0 0.1875 0.13671875 0.16796875 0.12890625 0.11328125 0.09765625 0.1171875 0.095703125 0.103515625
0 0.333984375 0.103515625 0.33203125 0.087890625 0.28515625 0.095703125 0.287109375 0.111328125 0.244140625 0.1171875 0.251953125 0.17578125 0.42578125 0.150390625 0.435546875 0.205078125 0.49609375 0.1953125 0.48046875 0.083984375
0 0.0390625 0.849609375 0.029296875 0.7890625 0 0.79296875 0 0.853515625
0 0.02734375 0.52734375 0.33203125 0.482421875 0.3203125 0.412109375 0.017578125 0.45703125
0 0.294921875 0.30859375 0.28515625 0.236328125 0 0.27734375 0 0.349609375
0 0.06640625 0.841796875 0.37109375 0.796875 0.361328125 0.7265625 0.056640625 0.771484375
0 0.044921875 0.69140625 0.34765625 0.646484375 0.337890625 0.576171875 0.03515625 0.619140625
0 0.376953125 0.923828125 0.615234375 0.888671875 0.60546875 0.822265625 0.3671875 0.857421875
0 0.623046875 0.966796875 0.39453125 1 0.626953125 1
0 0.111328125 0.962890625 0.349609375 0.9296875 0.337890625 0.857421875 0.1015625 0.892578125
0 0.07421875 0.98046875 0.0546875 0.900390625 0 0.9140625 0 0.998046875
0 0.66015625 0.28125 0.662109375 0.30078125 0.623046875 0.306640625 0.630859375 0.353515625 0.763671875 0.333984375 0.7578125 0.287109375 0.73046875 0.291015625 0.7265625 0.271484375
0 0.416015625 0.318359375 0.41796875 0.337890625 0.380859375 0.34375 0.38671875 0.390625 0.51953125 0.37109375 0.513671875 0.32421875 0.486328125 0.328125 0.484375 0.30859375
0 0.458984375 0.650390625 0.4609375 0.669921875 0.423828125 0.673828125 0.4296875 0.720703125 0.5625 0.701171875 0.556640625 0.65625 0.529296875 0.66015625 0.525390625 0.638671875
0 0.70703125 0.61328125 0.708984375 0.6328125 0.671875 0.638671875 0.677734375 0.685546875 0.810546875 0.666015625 0.8046875 0.619140625 0.77734375 0.623046875 0.775390625 0.603515625
0 0.6796875 0.037109375 0.681640625 0.05078125 0.609375 0.0625 0.626953125 0.181640625 0.69921875 0.169921875 0.69140625 0.115234375 0.841796875 0.09375 0.83203125 0.029296875 0.798828125 0.03515625 0.796875 0.021484375
0 0.90234375 0.087890625 1 0.072265625 1 0.001953125 0.892578125 0.01953125
0 0.833984375 0.4609375 1 0.4375 1 0.3828125 0.826171875 0.408203125
0 0.822265625 0.2734375 1 0.24609375 1 0.193359375 0.81640625 0.220703125
0 0.869140625 0.62109375 1 0.6015625 1 0.546875 0.861328125 0.568359375
0 0.697265625 0.888671875 0.9140625 0.83203125 0.896484375 0.759765625 0.6796875 0.81640625
0 0.95703125 0.826171875 1 0.814453125 1 0.736328125 0.9375 0.751953125
0 0.982421875 0.96484375 1 0.958984375 1 0.8828125 0.96484375 0.892578125
0 0.728515625 1 0.83984375 1 0.951171875 0.970703125 0.93359375 0.900390625 0.716796875 0.95703125