0 0.107421875 0.83203125 0.06640625 0.83203125 0.06640625 0.84765625 0.060546875 0.84765625 0.060546875 0.8828125 0.06640625 0.8828125 0.06640625 0.896484375 0.078125 0.8984375 0.078125 0.90625 0.171875 0.90625 0.171875 0.8984375 0.185546875 0.8984375 0.185546875 0.884765625 0.19140625 0.884765625 0.19140625 0.84765625 0.185546875 0.84765625 0.185546875 0.833984375 0.1484375 0.833984375 0.1484375 0.83984375 0.107421875 0.83984375
0 0.353515625 0.662109375 0.353515625 0.654296875 0.36328125 0.654296875 0.36328125 0.638671875 0.3671875 0.638671875 0.3671875 0.603515625 0.36328125 0.603515625 0.36328125 0.591796875 0.328125 0.591796875 0.328125 0.6015625 0.28515625 0.6015625 0.28515625 0.591796875 0.2421875 0.591796875 0.2421875 0.603515625 0.23828125 0.603515625 0.23828125 0.638671875 0.2421875 0.638671875 0.2421875 0.654296875 0.25390625 0.654296875 0.25390625 0.662109375 0.337890625 0.662109375
0 0.080078125 0.478515625 0.080078125 0.494140625 0.07421875 0.494140625 0.07421875 0.521484375 0.080078125 0.521484375 0.080078125 0.537109375 0.099609375 0.537109375 0.099609375 0.546875 0.19140625 0.546875 0.19140625 0.537109375 0.203125 0.537109375 0.203125 0.521484375 0.208984375 0.521484375 0.208984375 0.494140625 0.203125 0.494140625 0.203125 0.478515625
0 0.03515625 0.568359375 0 0.568359375 0 0.640625 0.021484375 0.640625 0.021484375 0.6328125 0.03515625 0.6328125 0.03515625 0.61328125 0.037109375 0.61328125 0.037109375 0.595703125 0.03515625 0.595703125 0.03515625 0.578125
0 0.283203125 0.849609375 0.25390625 0.84765625 0.25390625 0.86328125 0.2421875 0.861328125 0.2421875 0.890625 0.251953125 0.890625 0.251953125 0.90234375 0.341796875 0.90234375 0.341796875 0.896484375 0.353515625 0.896484375 0.353515625 0.892578125 0.357421875 0.892578125 0.357421875 0.88671875 0.36328125 0.88671875 0.36328125 0.86328125 0.353515625 0.86328125 0.353515625 0.849609375 0.322265625 0.849609375 0.322265625 0.857421875 0.283203125 0.857421875
0 0.287109375 0.35546875 0.287109375 0.349609375 0.24609375 0.349609375 0.24609375 0.36328125 0.2421875 0.36328125 0.2421875 0.392578125 0.24609375 0.392578125 0.24609375 0.408203125 0.265625 0.408203125 0.265625 0.419921875 0.357421875 0.419921875 0.357421875 0.408203125 0.369140625 0.408203125 0.369140625 0.392578125 0.373046875 0.392578125 0.373046875 0.36328125 0.369140625 0.36328125 0.369140625 0.349609375 0.333984375 0.349609375 0.333984375 0.35546875 0.30078125 0.35546875
0 0.251953125 0.158203125 0.267578125 0.158203125 0.267578125 0.16796875 0.361328125 0.16796875 0.361328125 0.158203125 0.376953125 0.158203125 0.376953125 0.146484375 0.380859375 0.146484375 0.380859375 0.1171875 0.376953125 0.1171875 0.376953125 0.103515625 0.3671875 0.103515625 0.3671875 0.091796875 0.337890625 0.091796875 0.337890625 0.103515625 0.294921875 0.103515625 0.294921875 0.091796875 0.265625 0.091796875 0.265625 0.103515625 0.251953125 0.103515625 0.251953125 0.1171875 0.24609375 0.1171875 0.24609375 0.146484375 0.251953125 0.146484375
0 0.248046875 0.28515625 0.248046875 0.212890625 0.201171875 0.212890625 0.201171875 0.22265625 0.162109375 0.22265625 0.162109375 0.212890625 0.078125 0.212890625 0.078125 0.22265625 0.0390625 0.22265625 0.0390625 0.212890625 0 0.212890625 0 0.28515625
0 0.009765625 0.904296875 0.009765625 0.890625 0.03125 0.890625 0.03125 0.84375 0.009765625 0.84375 0.009765625 0.884765625 0 0.884765625 0 0.90234375
0 0.302734375 0.47265625 0.302734375 0.6015625 0.328125 0.6015625 0.328125 0.591796875 0.36328125 0.591796875 0.36328125 0.603515625 0.3671875 0.603515625 0.3671875 0.638671875 0.36328125 0.638671875 0.36328125 0.654296875 0.353515625 0.654296875 0.353515625 0.662109375 0.337890625 0.662109375 0.3359375 0.77734375 0.373046875 0.779296875 0.376953125 0.474609375
0 0.333984375 0.349609375 0.361328125 0.349609375 0.36328125 0.23046875 0.302734375 0.23046875 0.30078125 0.35546875 0.333984375 0.35546875
0 0 0.203125 0 0.212890625 0.0390625 0.212890625 0.0390625 0.22265625 0.078125 0.22265625 0.078125 0.212890625 0.107421875 0.212890625 0.251953125 0.146484375 0.24609375 0.146484375 0.24609375 0.1171875 0.251953125 0.1171875 0.251953125 0.103515625 0.265625 0.103515625 0.265625 0.091796875 0.294921875 0.091796875 0.294921875 0.103515625 0.337890625 0.103515625 0.314453125 0.0546875
0 0.767578125 0.44921875 0.767578125 0.4609375 0.7265625 0.4609375 0.7265625 0.51953125 0.83203125 0.51953125 0.83203125 0.4609375 0.7890625 0.4609375 0.7890625 0.44921875
0 0.775390625 0.69140625 0.775390625 0.705078125 0.736328125 0.705078125 0.736328125 0.76171875 0.841796875 0.76171875 0.841796875 0.705078125 0.798828125 0.705078125 0.798828125 0.69140625
0 0.93359375 0.69140625 0.93359375 0.705078125 0.900390625 0.705078125 0.900390625 0.76171875 0.994140625 0.76171875 0.994140625 0.705078125 0.955078125 0.705078125 0.955078125 0.69140625
0 0.654296875 0.328125 0.654296875 0.341796875 0.61328125 0.341796875 0.61328125 0.3984375 0.720703125 0.3984375 0.720703125 0.341796875 0.671875 0.341796875 0.671875 0.328125
0 0.783203125 0.21484375 0.783203125 0.228515625 0.744140625 0.228515625 0.744140625 0.28515625 0.849609375 0.28515625 0.849609375 0.228515625 0.806640625 0.228515625 0.806640625 0.21484375
0 0.63671875 0.5625 0.63671875 0.576171875 0.595703125 0.576171875 0.595703125 0.6328125 0.703125 0.6328125 0.703125 0.576171875 0.654296875 0.576171875 0.654296875 0.5625
0 0.669921875 0.099609375 0.669921875 0.11328125 0.62890625 0.11328125 0.62890625 0.171875 0.734375 0.171875 0.734375 0.11328125 0.685546875 0.11328125 0.685546875 0.099609375
0 0.939453125 0.212890625 0.939453125 0.2265625 0.90625 0.2265625 0.90625 0.283203125 1 0.283203125 1 0.2265625 0.9609375 0.2265625 0.9609375 0.212890625
0 0.923828125 0.447265625 0.923828125 0.4609375 0.890625 0.4609375 0.890625 0.517578125 0.984375 0.517578125 0.984375 0.4609375 0.947265625 0.4609375 0.947265625 0.447265625
0 0.78515625 0.005859375 0.744140625 0.005859375 0.744140625 0.0625 0.849609375 0.0625 0.849609375 0.005859375 0.806640625 0.005859375 0.806640625 0 0.78515625 0
0 0.943359375 0.00390625 0.91015625 0.00390625 0.91015625 0.060546875 1 0.060546875 1 0.00390625 0.96484375 0.00390625 0.96484375 0 0.943359375 0
0 0.96875 0.908203125 0.96875 0.974609375 1 0.974609375 1 0.908203125
0 0.72265625 0.8359375 0.72265625 0.708984375 0.646484375 0.708984375 0.646484375 0.8359375
0 0.943359375 0.8359375 0.646484375 0.8359375 0.646484375 0.904296875 0.943359375 0.904296875
0 0.6875 0.0390625 0.6875 0 0.615234375 0 0.615234375 0.0390625 0.6875 0.0390625