0 0 0.6015625 0 0.62890625 0.21875 0.751953125 0.25 0.697265625 0.021484375 0.56640625
0 0.0703125 0.9921875 0 0.951171875 0 1 0.064453125 1
0 0.125 0.9140625 0.16015625 0.849609375 0 0.759765625 0 0.841796875
0 0.162109375 0.91796875 0.3046875 1 0.404296875 1 0.4140625 0.984375 0.1953125 0.861328125
0 0.255859375 0.763671875 0.474609375 0.88671875 0.50390625 0.83203125 0.287109375 0.708984375
0 0.0859375 0.4140625 0.0625 0.458984375 0.291015625 0.587890625 0.31640625 0.544921875
0 0.533203125 0.267578125 0.751953125 0.390625 0.783203125 0.337890625 0.564453125 0.212890625
0 0.6171875 0.12109375 0.845703125 0.25 0.876953125 0.1953125 0.6484375 0.064453125
0 0.21875 0.216796875 0.189453125 0.26953125 0.41015625 0.39453125 0.44140625 0.341796875 0.228515625 0.22265625
0 0.3046875 0.0625 0.271484375 0.12109375 0.501953125 0.251953125 0.53515625 0.193359375 0.31640625 0.068359375
0 0.453125 0.419921875 0.65625 0.53515625 0.689453125 0.478515625 0.486328125 0.36328125
0 0.560546875 0.658203125 0.60546875 0.68359375 0.671875 0.568359375 0.626953125 0.54296875
0 0.046875 0.25 0.083984375 0.185546875 0 0.13671875 0 0.22265625
0 0.513671875 0.7109375 0.537109375 0.66796875 0.359375 0.56640625 0.333984375 0.609375
0 0.908203125 0.455078125 0.994140625 0.50390625 1 0.4921875 1 0.2890625
0 0.880859375 0.50390625 0.79296875 0.658203125 0.845703125 0.6875 0.93359375 0.533203125
0 0.76953125 0.71484375 0.650390625 0.923828125 0.716796875 0.9609375 0.8359375 0.751953125
0 0.998046875 0.998046875 0.998046875 0.91015625 0.9675434362934363 0.9441662644787645 0.9296875 0.998046875