0 0.07421875 0.703125 0.03515625 0.73828125 0.10546875 0.818359375 0.14453125 0.783203125
0 0 0.619140625 0 0.697265625 0.001953125 0.701171875 0.041015625 0.666015625
0 0.2578125 0.541015625 0.4609375 0.361328125 0.427734375 0.32421875 0.224609375 0.50390625
0 0.134765625 0.4375 0.1015625 0.400390625 0 0.490234375 0 0.5546875
0 0.7265625 0.126953125 0.87109375 0 0.794921875 0 0.693359375 0.08984375
0 0.5078125 0.4609375 0.330078125 0.6171875 0.36328125 0.65625 0.541015625 0.498046875
0 0.23828125 0.55859375 0.205078125 0.521484375 0 0.703125 0.033203125 0.740234375 0.07421875 0.703125
0 0.1328125 0.859375 0.337890625 0.6796875 0.3046875 0.640625 0.099609375 0.822265625
0 0.3828125 0.21875 0.5859375 0.037109375 0.5546875 0 0.349609375 0.181640625
0 0.154296875 0.416015625 0.357421875 0.236328125 0.322265625 0.19921875 0.119140625 0.376953125
0 0.830078125 0.24609375 1 0.095703125 1 0.02734375 0.796875 0.20703125
0 0.486328125 0.333984375 0.69140625 0.15234375 0.658203125 0.115234375 0.453125 0.296875
0 0.763671875 0.232421875 0.603515625 0.373046875 0.63671875 0.41015625 0.796875 0.26953125
0 0.833984375 0.94921875 0.91796875 0.875 0.87890625 0.83203125 0.794921875 0.90625 0.810546875 0.923828125
0 0.634765625 0.642578125 0.791015625 0.505859375 0.755859375 0.46484375 0.599609375 0.6015625 0.611328125 0.615234375 0.525390625 0.689453125 0.560546875 0.728515625 0.64453125 0.654296875
0 0.62890625 0.71875 0.59375 0.75 0.7734375 0.955078125 0.810546875 0.923828125
0 1 0.521484375 1 0.439453125 0.92578125 0.357421875 0.884765625 0.392578125 0.900390625 0.41015625
0 0.732421875 0.77734375 0.845703125 0.67578125 0.810546875 0.63671875 0.697265625 0.736328125
0 0.900390625 0.689453125 1 0.6015625 1 0.5703125 0.98046875 0.548828125 0.865234375 0.650390625
0 0.515625 0.732421875 0.48828125 0.755859375 0.5625 0.837890625 0.587890625 0.81640625
0 0.091796875 0.90625 0.056640625 0.869140625 0 0.91796875 0 0.986328125
0 0.365234375 0.84765625 0.345703125 0.82421875 0.251953125 0.90625 0.2890625 0.947265625 0.380859375 0.865234375 0.5 1 0.560546875 1 0.3984375 0.81640625
0 0.51171875 0.78125 0.455078125 0.83203125 0.5078125 0.892578125 0.541015625 0.86328125 0.576171875 0.90234375 0.5859375 0.89453125 0.61328125 0.92578125 0.5703125 0.962890625 0.59375 0.990234375 0.615234375 0.970703125 0.62109375 0.978515625 0.640625 0.9609375 0.673828125 0.998046875 0.669921875 1 0.732421875 1 0.7421875 0.9921875 0.69140625 0.935546875 0.666015625 0.95703125 0.630859375 0.91796875 0.65625 0.89453125 0.587890625 0.81640625 0.5625 0.837890625
0 0.259765625 0.96484375 0.2265625 0.92578125 0.15234375 0.9921875 0.158203125 1 0.21875 1
0 0.865234375 0.369140625 0.779296875 0.4453125 0.81640625 0.486328125 0.900390625 0.41015625 0.884765625 0.392578125
0 0.056640625 0.220703125 0.09765625 0.26953125 0.40234375 0 0.3046875 0
0 0.021484375 0.232421875 0 0.25 0 0.326171875 0.060546875 0.2734375
0 0.30859375 0.15625 0.27734375 0.119140625 0.08203125 0.283203125 0.11328125 0.322265625 0.30859375 0.15625