0 0.90625 0.7821226728723405 0.982421875 0.7469664228723405 1 0.8075132978723405 0.92578125 0.8426695478723405
0 0.8017993683510638 0.9565949135638298 0.8506274933510638 0.9316614029255318 0.8907496675531914 0.9364611037234043 0.8907496675531914 0.9989611037234043 0.8142661236702128 0.998046875
0 0.8028382646276595 0.8714054188829786 0.849588597074468 0.8547830784574467 0.8807554853723404 0.9254280252659574 0.8319896941489362 0.9405751329787234
0 0.40182430186170215 0.2698844747340426 0.3914353390957447 0.23248420877659576 0.46831366356382975 0.17222822473404256 0.569086602393617 0.1472947140957447 0.6088347739361707 0.2191240026595745 0.49740275930851063 0.27819564494680854
0 0.7623005319148937 0.15242686170212766 0.9283161569148937 0.11922373670212766 0.9712849069148937 0.2149268617021278 0.8052692819148937 0.24812998670212785
0 0.5738031914893619 0.1443650265957448 0.7186876662234042 0.10989444813829789 0.7415433843085106 0.17118932845744683 0.6031000664893619 0.2068650265957447
0 0.6168966090425532 0.4980053191489361 0.7228432513297872 0.45065242686170215 0.8153050199468085 0.4454579454787234 0.8173828125 0.5140250997340425 0.8423163231382979 0.560775432180851 0.7529712433510638 0.5950590093085105 0.6559591090425532 0.5858959441489361
0 0.5316863364361702 0.3945520279255319 0.5129862034574468 0.35299617686170215 0.6771318151595744 0.2823512300531915 0.7727102726063829 0.276117852393617 0.7789436502659575 0.32390708111702127 0.6324592752659575 0.3976687167553192
0 0.20125498670212766 0.4197972074468085 0.27352061170212766 0.4197972074468085 0.27352061170212766 0.5662815824468086 0.20125498670212766 0.5662815824468086
0 0.17303856382978722 0.328125 0.17694481382978722 0 0.2687416888297872 0 0.2609291888297872 0.330078125
0 0.181640625 0.41846742021276595 0.189453125 0.33057679521276595 0.267578125 0.33643617021276595 0.2578125 0.42237367021276595
0 0.006108710106382975 0.28228889627659565 0.006108710106382975 0.016663896276595758 0.12134308510638298 0.016663896276595758 0.12134308510638298 0.28228889627659565
0 0.005610039893616969 0.505693151595745 0.005610039893616969 0.37288065159574474 0.171625664893617 0.37288065159574474 0.171625664893617 0.505693151595745
0 0.39974650930851063 0.5909034242021276 0.3966298204787234 0.5524642619680851 0.43521442819148937 0.5493683510638298 0.4402634640957447 0.5940201130319148
0 0.35091838430851063 0.0008103390957447116 0.3488405917553192 0.03197722739361705 0.5306474401595744 0.039249501329787266 0.5503864694148937 0.003927027925531946
0 0.4464968417553191 0.5711643949468085 0.5025972406914894 0.520258477393617 0.6116813497340425 0.5192195811170213 0.613759142287234 0.5877867353723404 0.6386926529255319 0.6345370678191489 0.5514253656914894 0.6646650598404255 0.4454579454787234 0.6490816156914893
0 0.8350440492021276 0.422602227393617 0.8599775598404255 0.511947307180851 0.9669838763297872 0.5212973736702127 0.998046875 0.5057658743351063 0.998046875 0.38831865026595747 0.9140001662234042 0.3779296875
0 0.8204995013297872 0.5140250997340425 0.8506274933510638 0.4994805518617021 0.857899767287234 0.5181806848404255 0.9628282912234042 0.5223362699468085 0.8516663896276595 0.5628532247340425
0 0.613759142287234 0.5857089428191489 0.6438871343085106 0.5711643949468085 0.6511594082446809 0.5898645279255318 0.756087932180851 0.5940201130319148 0.6449260305851063 0.6345370678191489
0 0.9462059507978723 0.9565949135638298 0.998046875 0.9245029128672744 0.998046875 0.998046875 0.9690616688829786 0.998046875