0 0.0078125 0.8828125 0.001953125 0.919921875 0.03515625 0.927734375 0.029296875 0.9609375 0.08984375 0.974609375 0.095703125 0.939453125 0.1171875 0.9453125 0.123046875 0.908203125
0 0.17578125 0.919921875 0.166015625 0.9609375 0.201171875 0.96875 0.193359375 1 0.2578125 1 0.26171875 0.984375 0.3046875 0.994140625 0.302734375 1 0.39453125 1 0.400390625 0.974609375
0 0.65625 0.13671875 0.619140625 0.21875 0.826171875 0.32421875 0.86328125 0.240234375
0 0.2890625 0.248046875 0.28125 0.263671875 0.30859375 0.275390625 0.314453125 0.259765625 0.552734375 0.37890625 0.55859375 0.365234375 0.568359375 0.34375 0.3046875 0.212890625
0 0.6328125 0.326171875 0.640625 0.3125 0.638671875 0.3125 0.646484375 0.29296875 0.599609375 0.271484375 0.51953125 0.4609375 0.56640625 0.482421875 0.5703125 0.474609375
0 0.751953125 0.42578125 0.7734375 0.4375 0.80078125 0.3828125 0.779296875 0.37109375
0 0.728515625 0.478515625 0.748046875 0.486328125 0.755859375 0.466796875 0.736328125 0.458984375
0 0.255859375 0.330078125 0.248046875 0.326171875 0.23046875 0.365234375 0.23828125 0.37109375 0.23046875 0.396484375 0.27734375 0.416015625 0.26953125 0.43359375 0.28515625 0.443359375 0.28515625 0.44140625 0.337890625 0.46484375 0.34765625 0.44921875 0.455078125 0.50390625 0.44921875 0.521484375 0.48828125 0.5390625 0.5078125 0.548828125 0.517578125 0.53125 0.6328125 0.591796875 0.6328125 0.609375 0.6953125 0.63671875 0.705078125 0.6171875 0.716796875 0.60546875 0.685546875 0.583984375 0.685546875 0.5703125 0.498046875 0.478515625 0.5078125 0.470703125 0.44921875 0.44140625 0.4375 0.453125 0.32421875 0.392578125 0.33984375 0.365234375 0.2578125 0.326171875
0 0.365234375 0.08984375 0.341796875 0.146484375 0.359375 0.154296875 0.365234375 0.142578125 0.505859375 0.208984375 0.47265625 0.291015625 0.4921875 0.30078125 0.525390625 0.21875 0.521484375 0.216796875 0.541015625 0.173828125
0 0.55078125 0.1796875 0.60546875 0.0546875 0.4921875 0 0.408203125 0 0.400390625 0.0234375 0.42578125 0.037109375 0.43359375 0.01953125 0.564453125 0.083984375 0.529296875 0.169921875 0.541015625 0.173828125
0 0.07421875 0.04296875 0.09765625 0.0234375 0.080078125 0 0.041015625 0
0 0.095703125 0.01953125 0.119140625 0 0.080078125 0
0 0.267578125 0 0.232421875 0 0.24609375 0.017578125 0.255859375 0.009765625
0 0.2265625 0 0.220703125 0 0.212890625 0.0078125 0.232421875 0.033203125 0.244140625 0.0234375
0 0.220703125 0 0.19921875 0 0.208984375 0.01171875 0.212890625 0.0078125
0 0.255859375 0.009765625 0.2421875 0.01953125 0.255859375 0.0390625 0.26953125 0.029296875
0 0.216796875 0.056640625 0.240234375 0.083984375 0.267578125 0.056640625 0.244140625 0.029296875
0 0.216796875 0.056640625 0.18359375 0.08984375 0.208984375 0.119140625 0.2421875 0.0859375 0.240234375 0.083984375
0 0.17578125 0.080078125 0.146484375 0.109375 0.1796875 0.1484375 0.208984375 0.119140625 0.18359375 0.08984375
0 0.126953125 0.0546875 0.103515625 0.080078125 0.13671875 0.119140625 0.162109375 0.095703125 0.130859375 0.060546875
0 0.158203125 0.03515625 0.130859375 0.060546875 0.162109375 0.09375 0.1875 0.068359375
0 0.189453125 0.0703125 0.224609375 0.03515625 0.193359375 0 0.158203125 0.03515625 0.1875 0.068359375
0 0.171875 0.021484375 0.193359375 0 0.150390625 0
0 0.150390625 0 0.140625 0 0.11328125 0.029296875 0.13671875 0.056640625 0.171875 0.021484375
0 0.06640625 0.14453125 0.0859375 0.16796875 0.126953125 0.130859375 0.107421875 0.107421875
0 0.0234375 0.1328125 0.037109375 0.150390625 0.087890625 0.103515625 0.072265625 0.0859375
0 0.029296875 0.173828125 0.05078125 0.19921875 0.080078125 0.173828125 0.056640625 0.146484375
0 0.025390625 0.22265625 0 0.19140625 0 0.244140625