0 0.673828125 0.681640625 0.677734375 0.703125 0.65625 0.70703125 0.65234375 0.6875 0.609375 0.6953125 0.6171875 0.734375 0.580078125 0.7421875 0.58984375 0.783203125 0.765625 0.748046875 0.75390625 0.693359375 0.724609375 0.701171875 0.71875 0.673828125
0 0.142578125 0.521484375 0.1484375 0.544921875 0.095703125 0.5546875 0.091796875 0.533203125 0.0546875 0.5390625 0.05859375 0.564453125 0.033203125 0.5703125 0.02734375 0.544921875 0.00390625 0.55078125 0.0078125 0.576171875 0 0.576171875 0 0.607421875 0.00390625 0.626953125 0.185546875 0.58984375 0.171875 0.515625
0 0.345703125 0.474609375 0.349609375 0.49609375 0.328125 0.5 0.32421875 0.478515625 0.28125 0.48828125 0.2890625 0.52734375 0.251953125 0.533203125 0.26171875 0.576171875 0.4375 0.541015625 0.42578125 0.486328125 0.396484375 0.494140625 0.390625 0.466796875
0 0.587890625 0.41796875 0.591796875 0.439453125 0.5703125 0.443359375 0.56640625 0.421875 0.5234375 0.431640625 0.53125 0.46875 0.494140625 0.4765625 0.501953125 0.51953125 0.6796875 0.484375 0.66796875 0.4296875 0.63671875 0.435546875 0.6328125 0.408203125
0 0.103515625 0.1796875 0.109375 0.203125 0.056640625 0.212890625 0.052734375 0.189453125 0.015625 0.197265625 0.021484375 0.22265625 0 0.2265625 0 0.27734375 0.146484375 0.248046875 0.1328125 0.173828125
0 0.474609375 0.111328125 0.478515625 0.134765625 0.427734375 0.14453125 0.423828125 0.12109375 0.384765625 0.12890625 0.390625 0.15234375 0.36328125 0.158203125 0.359375 0.134765625 0.333984375 0.138671875 0.33984375 0.1640625 0.326171875 0.16796875 0.3359375 0.21484375 0.517578125 0.177734375 0.501953125 0.10546875
0 0.966796875 0.03515625 0.970703125 0.05859375 0.919921875 0.068359375 0.9140625 0.044921875 0.876953125 0.052734375 0.8828125 0.076171875 0.85546875 0.08203125 0.8515625 0.05859375 0.826171875 0.0625 0.83203125 0.087890625 0.818359375 0.091796875 0.828125 0.138671875 1 0.103515625 1 0.0546875 0.994140625 0.029296875
0 0.970703125 0.345703125 0.974609375 0.365234375 0.953125 0.369140625 0.94921875 0.349609375 0.904296875 0.357421875 0.912109375 0.396484375 0.876953125 0.404296875 0.884765625 0.447265625 1 0.421875 1 0.337890625
0 0.208984375 0.033203125 0.208984375 0 0.037109375 0 0.037109375 0.037109375 0.208984375 0.033203125
0 0.8671875 0.998046875 0.8671875 0.96875 0.8046875 0.96875 0.8046875 1 0.8671875 0.998046875
0 0.943359375 1 0.939453125 0.947265625 0.8671875 0.953125 0.869140625 1 0.943359375 1