0 0.158203125 0.03125 0.142578125 0 0.09765625 0 0 0.048828125 0 0.109375 0.029296875 0.095703125
0 0.92578125 0.154296875 1 0.1171875 1 0.095703125 0.986328125 0.068359375 0.904296875 0.109375
0 0.7890625 0.056640625 0.876953125 0.013671875 0.869140625 0 0.759765625 0 0.7734375 0.025390625
0 0.759765625 0 0.71875 0 0.525390625 0.095703125 0.546875 0.138671875 0.7734375 0.025390625
0 0.849609375 0.115234375 0.646484375 0.21484375 0.66796875 0.259765625 0.87109375 0.158203125
0 0.611328125 0.146484375 0.525390625 0.173828125 0.50390625 0.18359375 0.55078125 0.279296875 0.560546875 0.28515625 0.65625 0.23828125 0.646484375 0.21484375
0 0.5390625 0.560546875 0.498046875 0.55859375 0.4921875 0.671875 0.533203125 0.669921875
0 0.498046875 0.55859375 0.431640625 0.556640625 0.42578125 0.671875 0.4921875 0.671875
0 0.404296875 0.4609375 0.404296875 0.48828125 0.431640625 0.556640625 0.498046875 0.55859375 0.501953125 0.46484375
0 0.50390625 0.421875 0.498046875 0.55859375 0.5390625 0.560546875 0.544921875 0.423828125
0 0.30859375 0.412109375 0.306640625 0.455078125 0.501953125 0.46484375 0.50390625 0.421875
0 0.255859375 0.41015625 0.279296875 0.455078125 0.306640625 0.455078125 0.30859375 0.412109375
0 0.154296875 0.443359375 0.134765625 0.404296875 0 0.470703125 0 0.521484375
0 0 0.880859375 0 1 0.025390625 1 0.04296875 0.888671875
0 0.396484375 0.76171875 0.373046875 0.55859375 0.26953125 0.5703125 0.29296875 0.775390625 0.37109375 0.765625
0 0 0.7109375 0 0.880859375 0.04296875 0.888671875 0.23046875 0.853515625 0.326171875 0.80859375 0.37109375 0.765625 0.29296875 0.775390625 0.28125 0.671875
0 0.26953125 0.5703125 0.015625 0.603515625 0 0.69921875 0 0.7109375 0.28125 0.671875
0 0.4296875 0.89453125 0.314453125 0.90234375 0.3203125 1 0.435546875 1
0 0.453125 0.892578125 0.44921875 0.837890625 0.310546875 0.84765625 0.314453125 0.90234375 0.4296875 0.89453125
0 0.85546875 0.95703125 1 0.947265625 1 0.8671875 0.8515625 0.876953125
0 0.630859375 0.91796875 0.5546875 0.923828125 0.560546875 0.998046875 0.63671875 0.9921875
0 1 0.798828125 1 0.748046875 0.986328125 0.75 0.990234375 0.80078125
0 0.619140625 0.44140625 0.58984375 0.4453125 0.587890625 0.669921875 0.615234375 0.669921875 0.626953125 0.7734375 0.705078125 0.765625 0.7109375 0.818359375 0.990234375 0.80078125 0.98828125 0.775390625 0.98046875 0.70703125 1 0.703125 1 0.498046875 0.9921875 0.5 0.7109375 0.455078125
0 0.693359375 0.33203125 0.69140625 0.396484375 1 0.40625 1 0.185546875
0 0.251953125 0.998046875 0.25 0.9765625 0.2421875 0.95703125 0.224609375 0.93359375 0.212890625 0.923828125 0.201171875 0.91796875 0.189453125 0.9140625 0.177734375 0.912109375 0.166015625 0.91015625 0.150390625 0.912109375 0.13671875 0.916015625 0.123046875 0.921875 0.111328125 0.9296875 0.099609375 0.94140625 0.091796875 0.953125 0.0859375 0.966796875 0.08203125 0.98046875 0.080078125 0.99609375 0.080078125 1 0.25 1
0 0.48828125 0.271484375 0.46484375 0.31640625 0.552734375 0.365234375 0.576171875 0.3203125 0.54296875 0.30078125
0 0.41015625 0.228515625 0.390625 0.263671875 0.46875 0.306640625 0.48828125 0.271484375
0 0.40625 0.20703125 0.396484375 0.22265625 0.54296875 0.30078125 0.55078125 0.28515625
0 0.974609375 1 0.974609375 0.96484375 0.91015625 0.96484375 0.91015625 1 0.974609375 1
0 0.3125 0.279296875 0.298828125 0.25 0.20703125 0.29296875 0.22265625 0.322265625 0.3125 0.279296875