0 0.041015625 0.962890625 0.0546875 0.916015625 0 0.8984375 0 0.94921875
0 0.09375 0.82421875 0.111328125 0.775390625 0.03125 0.748046875 0.013671875 0.794921875
0 0 0.546875 0 0.609375 0.060546875 0.62890625 0.078125 0.572265625
0 0.013671875 0.794921875 0.03125 0.748046875 0 0.736328125 0 0.7890625
0 0.138671875 0.65234375 0.15625 0.59375 0.078125 0.5703125 0.060546875 0.62890625
0 0.275390625 0.35546875 0.291015625 0.302734375 0 0.2109375 0 0.267578125
0 0.236328125 0.5 0.255859375 0.439453125 0 0.361328125 0 0.427734375
0 0.041015625 0.150390625 0.291015625 0.23046875 0.310546875 0.171875 0.060546875 0.091796875
0 0.740234375 0.34375 0.67578125 0.322265625 0.611328125 0.5078125 0.67578125 0.53125 0.720703125 0.400390625
0 0.669921875 0.54296875 0.74609375 0.5703125 0.796875 0.427734375 0.720703125 0.400390625 0.67578125 0.53125
0 0.294921875 0.0390625 0.623046875 0.142578125 0.66796875 0.001953125 0.66015625 0 0.306640625 0
0 0.28125 0.080078125 0.3515625 0.1015625 0.36328125 0.060546875 0.294921875 0.0390625
0 0.12890625 0 0 0 0 0.005859375 0.1484375 0.05859375 0.1640625 0.01171875
0 0.2421875 0.052734375 0.259765625 0 0.1875 0 0.177734375 0.029296875
0 0.7890625 0.130859375 0.791015625 0 0.701171875 0 0.69921875 0.12890625 0.755859375 0.130859375
0 0.69921875 0.171875 0.755859375 0.171875 0.755859375 0.130859375 0.69921875 0.12890625
0 0.845703125 0.623046875 0.7890625 0.60546875 0.736328125 0.7734375 0.85546875 0.8125
0 0.736328125 0.7734375 0.716796875 0.83203125 0.859375 0.876953125 0.87890625 0.818359375
0 0.78515625 0.6171875 0.68359375 0.583984375 0.61328125 0.80859375 0.71484375 0.83984375 0.716796875 0.83203125
0 0.755859375 0.94140625 0.654296875 0.91015625 0.625 1 0.736328125 1
0 0.6171875 0.876953125 0.576171875 1 0.625 1 0.66015625 0.890625
0 0.36328125 0.162109375 0.28125 0.40625 0.33984375 0.42578125 0.421875 0.181640625
0 0.27734375 0.404296875 0.115234375 0.888671875 0.1796875 0.91015625 0.33984375 0.42578125 0.28125 0.40625
0 0.322265625 0.935546875 0.4453125 0.533203125 0.390625 0.515625 0.267578125 0.91796875
0 0.46484375 0.27734375 0.412109375 0.451171875 0.517578125 0.484375 0.572265625 0.310546875
0 0.59765625 0.5078125 0.65234375 0.33203125 0.572265625 0.30859375 0.517578125 0.484375
0 0.6796875 0.30078125 0.69921875 0.240234375 0.43359375 0.150390625 0.412109375 0.212890625
0 0.552734375 0.5703125 0.486328125 0.55078125 0.4375 0.728515625 0.505859375 0.74609375
0 0.439453125 0.728515625 0.423828125 0.78515625 0.490234375 0.802734375 0.505859375 0.74609375
0 0.423828125 0.78515625 0.376953125 0.95703125 0.443359375 0.974609375 0.490234375 0.802734375
0 0.962890625 0.224609375 1 0.220703125 1 0 0.978515625 0 0.94921875 0.001953125
0 0.93359375 0.33203125 0.953125 0.458984375 1 0.451171875 0.98046875 0.32421875 0.951171875 0.328125
0 0.96484375 0.498046875 0.9921875 0.634765625 1 0.6328125 1 0.490234375
0 1 0.3203125 1 0.267578125 0.943359375 0.27734375 0.951171875 0.328125 0.98046875 0.32421875
0 0.6796875 0.830078125 0.65625 0.90234375 0.716796875 0.921875 0.740234375 0.849609375 0.71484375 0.83984375
0 0.091796875 1 0.349609375 1 0.361328125 0.962890625 0.275390625 0.9375 0.267578125 0.962890625 0.1171875 0.91796875