0 0.171875 0.890625 0.1328125 0.8671875 0.107421875 0.908203125 0.26953125 1 0.29296875 0.958984375 0.267578125 0.9453125 0.27734375 0.92578125 0.181640625 0.87109375 0.1796875 0.875
0 0.015625 1 0.037109375 1 0.060546875 0.9609375 0.033203125 0.9453125 0.041015625 0.9296875 0.01171875 0.9140625 0.00390625 0.927734375 0 0.923828125 0 0.990234375
0 0.275390625 0.9296875 0.267578125 0.9453125 0.287109375 0.95703125 0.296875 0.94140625
0 0.009765625 0.8046875 0 0.8203125 0 0.841796875 0.109375 0.90625 0.1328125 0.8671875 0.171875 0.890625 0.1796875 0.875 0 0.76953125 0 0.798828125
0 0.54296875 0.865234375 0.775390625 1 1 1 1 0.6015625 0.76953125 0.470703125
0 0.4921875 0.9296875 0.61328125 1 0.72265625 1 0.51953125 0.8828125
0 0 0.103515625 0 0.5546875 0.37109375 0.767578125 0.59375 0.37890625 0.029296875 0.0546875
0 0.474609375 0 0.353515625 0 0.544921875 0.109375 0.57421875 0.056640625
0 0.57421875 0.056640625 0.603515625 0.00390625 0.595703125 0 0.474609375 0
0 0.615234375 0.0859375 0.58984375 0.1328125 0.716796875 0.205078125 0.7421875 0.16015625 0.671875 0.119140625
0 0.671875 0.119140625 0.7421875 0.16015625 0.833984375 0 0.740234375 0
0 1 0.125 1 0 0.9921875 0 0.90625 0.150390625 0.96484375 0.18359375 0.998046875 0.12890625
0 0.89453125 0.14453125 0.822265625 0.26953125 0.892578125 0.310546875 0.96484375 0.18359375 0.90625 0.150390625
0 0.998046875 0.12890625 0.88671875 0.322265625 1 0.38671875 1 0.12890625