0 0.2265625 1 0.271484375 1 0.265625 0.822265625 0.220703125 0.82421875
0 0.234375 0.3984375 0 0.40625 0 0.4609375 0.236328125 0.453125
0 0.21484375 0.1953125 0.2109375 0.13671875 0 0.150390625 0 0.208984375
0 0.22265625 0.720703125 0.21875 0.66796875 0 0.6796875 0 0.732421875
0 0.607421875 0.361328125 0.8984375 0.345703125 0.89453125 0.28125 0.603515625 0.296875
0 0.58984375 0.1953125 0.880859375 0.1796875 0.876953125 0.115234375 0.5859375 0.130859375
0 0.947265625 0.4765625 1 0.47265625 1 0.408203125 0.9453125 0.412109375
0 0.9296875 0.205078125 1 0.201171875 1 0.134765625 0.92578125 0.140625
0 0.619140625 0.525390625 0.908203125 0.509765625 0.904296875 0.4453125 0.615234375 0.4609375
0 0.54296875 0.349609375 0.5390625 0.28515625 0.283203125 0.30078125 0.287109375 0.36328125
0 0.529296875 0.17578125 0.525390625 0.111328125 0.265625 0.125 0.267578125 0.189453125
0 0.55859375 0.515625 0.556640625 0.451171875 0.29296875 0.46484375 0.294921875 0.529296875
0 0.771484375 0.8515625 1 0.837890625 1 0.7734375 0.767578125 0.787109375
0 0.74609375 0.98828125 1 0.97265625 1 0.91015625 0.7421875 0.927734375
0 0.3671875 1 0.568359375 1 0.568359375 0.978515625 0.3671875 0.984375
0 0.359375 0.91796875 0.650390625 0.90234375 0.646484375 0.837890625 0.35546875 0.853515625
0 0.314453125 0.716796875 0.515625 0.7109375 0.513671875 0.6484375 0.3125 0.65234375
0 0.552734375 0.70703125 0.751953125 0.701171875 0.75 0.63671875 0.55078125 0.642578125
0 0.091796875 1 0.091796875 0.904296875 0 0.904296875 0 0.998046875 0.091796875 1