0 0.001953125 0.18359375 0.0234375 0.18359375 0.0234375 0.09765625 0.001953125 0.09765625 0.001953125 0.142578125
0 0.890625 0 0.84375 0 0.84375 0.03515625 0.890625 0.03515625
0 0.68359375 0.025390625 0.712890625 0.025390625 0.712890625 0 0.68359375 0
0 0.734375 0.04296875 0.77734375 0.044921875 0.77734375 0 0.734375 0
0 0.77734375 0.05078125 0.810546875 0.05078125 0.810546875 0 0.77734375 0
0 0.95703125 0.09375 0.857421875 0.09375 0.857421875 0.115234375 0.95703125 0.115234375 0.95703125 0.107421875
0 0.95703125 0.107421875 1 0.107421875 1 0 0.95703125 0
0 0.36328125 0.25 0.630859375 0.25 0.630859375 0.056640625 0.36328125 0.056640625
0 0.318359375 0.19140625 0.33984375 0.19140625 0.33984375 0.08203125 0.318359375 0.08203125
0 0.318359375 0.068359375 0.193359375 0.068359375 0.193359375 0.216796875 0.318359375 0.216796875
0 0.193359375 0.0546875 0.064453125 0.0546875 0.064453125 0.24609375 0.193359375 0.24609375 0.193359375 0.068359375
0 0.609375 0.37890625 0.62890625 0.37890625 0.62890625 0.34375 0.609375 0.34375
0 0.62890625 0.37890625 0.609375 0.37890625 0.609375 0.419921875 0.62890625 0.419921875
0 0.609375 0.3125 0.37890625 0.3125 0.37890625 0.4609375 0.609375 0.4609375
0 0.064453125 0.482421875 0.337890625 0.482421875 0.337890625 0.388671875 0.064453125 0.388671875
0 0.337890625 0.2890625 0.064453125 0.2890625 0.064453125 0.388671875 0.337890625 0.388671875
0 0.314453125 0.5546875 0.08203125 0.5546875 0.08203125 0.650390625 0.314453125 0.650390625
0 0.08203125 0.76171875 0.3125 0.76171875 0.3125 0.69921875 0.08203125 0.69921875
0 0.314453125 0.69921875 0.314453125 0.650390625 0.08203125 0.650390625 0.08203125 0.69921875 0.3125 0.69921875
0 0.177734375 0.88671875 0.177734375 0.931640625 0.224609375 0.931640625 0.224609375 0.88671875
0 0.60546875 0.849609375 0.224609375 0.849609375 0.224609375 1 0.60546875 1 0.60546875 0.931640625
0 0.607421875 0.70703125 0.62890625 0.70703125 0.62890625 0.626953125 0.607421875 0.626953125 0.607421875 0.705078125
0 0.625 0.5859375 0.625 0.55078125 0.607421875 0.55078125 0.607421875 0.5859375
0 0.58203125 0.5546875 0.58203125 0.5390625 0.482421875 0.5390625 0.482421875 0.5546875
0 0.47265625 0.53125 0.443359375 0.53125 0.443359375 0.5546875 0.47265625 0.5546875
0 0.36328125 0.611328125 0.376953125 0.611328125 0.376953125 0.58203125 0.36328125 0.58203125
0 0.376953125 0.58203125 0.376953125 0.5546875 0.443359375 0.5546875 0.443359375 0.533203125 0.376953125 0.533203125 0.365234375 0.5390625 0.35546875 0.5546875 0.35546875 0.58203125 0.36328125 0.58203125
0 0.376953125 0.62109375 0.3515625 0.62109375 0.3515625 0.642578125 0.376953125 0.642578125
0 0.376953125 0.642578125 0.359375 0.642578125 0.359375 0.70703125 0.376953125 0.70703125 0.376953125 0.705078125
0 0.607421875 0.5546875 0.376953125 0.5546875 0.376953125 0.705078125 0.607421875 0.705078125 0.607421875 0.5859375
0 0.60546875 0.96484375 0.623046875 0.96484375 0.623046875 0.931640625 0.60546875 0.931640625
0 0.880859375 0.787109375 0.6953125 0.787109375 0.6953125 0.8515625 0.880859375 0.8515625
0 0.8828125 0.8515625 0.6953125 0.8515625 0.6953125 0.904296875 0.8828125 0.904296875
0 0.8828125 0.8515625 0.8828125 0.904296875 1 0.904296875 1 0.8515625
0 1 0.8515625 1 0.787109375 0.880859375 0.787109375 0.880859375 0.8515625 0.8828125 0.8515625
0 0.671875 0.67578125 0.671875 0.75 1 0.75 1 0.67578125
0 0.673828125 0.6015625 0.673828125 0.67578125 1 0.67578125 1 0.6015625
0 0.673828125 0.525390625 0.673828125 0.6015625 1 0.6015625 1 0.525390625
0 0.673828125 0.443359375 0.673828125 0.525390625 1 0.525390625 1 0.443359375
0 0.798828125 0.43359375 0.865234375 0.43359375 0.865234375 0.40234375 0.798828125 0.40234375
0 0.73046875 0.294921875 0.697265625 0.294921875 0.697265625 0.318359375 0.73046875 0.318359375 0.73046875 0.298828125
0 0.818359375 0.298828125 0.73046875 0.298828125 0.73046875 0.318359375 0.818359375 0.318359375
0 0.70703125 0.259765625 0.765625 0.259765625 0.765625 0.248046875 0.70703125 0.248046875
0 0.83203125 0.259765625 0.87109375 0.259765625 0.87109375 0.248046875 0.83203125 0.248046875
0 0.68359375 0.130859375 0.68359375 0.248046875 1 0.248046875 1 0.130859375
0 0.88671875 0.4375 1 0.4375 1 0.419921875 0.88671875 0.419921875
0 0.888671875 0.306640625 0.888671875 0.318359375 0.88671875 0.318359375 0.88671875 0.419921875 1 0.419921875 1 0.306640625
0 0.728515625 0.42578125 0.7890625 0.42578125 0.7890625 0.40234375 0.728515625 0.40234375
0 0.88671875 0.318359375 0.697265625 0.318359375 0.697265625 0.40234375 0.88671875 0.40234375
0 0.6328125 0.0390625 0.6328125 0 0.076171875 0 0.076171875 0.041015625 0.6328125 0.0390625
0 0.02734375 0.837890625 0.02734375 0.650390625 0 0.650390625 0 0.837890625 0.02734375 0.837890625
0 0.021484375 0.447265625 0.021484375 0.3125 0 0.3125 0 0.447265625 0.021484375 0.447265625
0 0.0234375 0.62109375 0.0234375 0.513671875 0 0.513671875 0 0.62109375 0.0234375 0.62109375