0 0.869140625 0.087890625 0.896484375 0.09375 0.916015625 0.021484375 0.890625 0.013671875
0 0.892578125 0 0.837890625 0 0.810546875 0.09765625 0.86328125 0.111328125 0.869140625 0.087890625
0 0.955078125 0.1875 1 0.201171875 1 0.1328125 0.9765625 0.126953125
0 0.84765625 0.376953125 0.908203125 0.396484375 0.955078125 0.251953125 0.89453125 0.232421875
0 0.853515625 0.1328125 0.78125 0.109375 0.74609375 0.212890625 0.775390625 0.22265625 0.771484375 0.232421875 0.81640625 0.248046875 0.8203125 0.23828125
0 0.515625 0.216796875 0.63671875 0.255859375 0.677734375 0.125 0.556640625 0.0859375
0 0.40625 0.615234375 0.53125 0.65234375 0.564453125 0.546875 0.439453125 0.509765625
0 0.583984375 0.73828125 0.615234375 0.748046875 0.6640625 0.58984375 0.6328125 0.580078125
0 0.630859375 0.751953125 0.662109375 0.759765625 0.6953125 0.658203125 0.6640625 0.6484375
0 0.4453125 0.744140625 0.48046875 0.75390625 0.498046875 0.6953125 0.46484375 0.68359375
0 0.642578125 0.515625 0.71875 0.5390625 0.728515625 0.509765625 0.65234375 0.486328125
0 0.87109375 0.470703125 0.830078125 0.45703125 0.775390625 0.625 0.94921875 0.681640625 0.939453125 0.712890625 0.974609375 0.72265625 0.984375 0.693359375 1 0.697265625 1 0.591796875 0.95703125 0.578125 0.94140625 0.626953125 0.830078125 0.58984375
0 0.58203125 0.962890625 0.61328125 0.865234375 0.5625 0.849609375 0.525390625 0.97265625 0.59765625 0.99609375 0.60546875 0.970703125
0 0.302734375 1 0.435546875 1 0.44921875 0.95703125 0.32421875 0.923828125
0 0.931640625 0.7890625 0.943359375 0.75390625 0.71875 0.671875 0.70703125 0.70703125 0.931640625 0.7890625