0 0 0.0625 0 0.109375 0.056640625 0.125 0.068359375 0.08203125
0 0.142578125 0.046875 0.158203125 0.01171875 0.130859375 0 0.033203125 0
0 0.154296875 0.072265625 0.287109375 0.1328125 0.30859375 0.083984375 0.177734375 0.025390625
0 0.48828125 0.236328125 0.515625 0.177734375 0.30859375 0.083984375 0.28125 0.142578125 0.486328125 0.236328125
0 0.251953125 0.27734375 0.431640625 0.359375 0.486328125 0.236328125 0.306640625 0.154296875
0 0.23046875 0.021484375 0.23828125 0 0.1796875 0
0 0.134765625 0.2578125 0.16015625 0.2109375 0.08984375 0.171875 0.064453125 0.220703125
0 0.197265625 0.30078125 0.2265625 0.25 0.181640625 0.224609375 0.15234375 0.2734375
0 0.556640625 0.376953125 0.5234375 0.4453125 0.6953125 0.529296875 0.728515625 0.4609375
0 0.58203125 0.310546875 0.55078125 0.373046875 0.728515625 0.4609375 0.759765625 0.3984375
0 0.8203125 0.251953125 0.634765625 0.16015625 0.603515625 0.22265625 0.791015625 0.314453125
0 0.591796875 0.216796875 0.564453125 0.271484375 0.59375 0.28515625 0.58203125 0.310546875 0.759765625 0.3984375 0.798828125 0.3203125 0.603515625 0.22265625
0 0.59765625 0.07421875 0.611328125 0.044921875 0.580078125 0.029296875 0.564453125 0.05859375 0.59765625 0.07421875
0 0.5390625 0.158203125 0.5546875 0.123046875 0.3671875 0.033203125 0.349609375 0.068359375 0.5390625 0.158203125