0 0.03125 0.59375 0.28125 0.58203125 0.27734375 0.515625 0.02734375 0.52734375
0 0.046875 0.875 0.29296875 0.8671875 0.291015625 0.798828125 0.044921875 0.806640625
0 0.509765625 1 0.935546875 1 0.93359375 0.94921875 0.509765625 0.970703125
0 0.34375 0.919921875 0.43359375 0.9140625 0.431640625 0.859375 0.33984375 0.865234375
0 0.328125 0.72265625 0.427734375 0.716796875 0.423828125 0.650390625 0.326171875 0.654296875
0 0.318359375 0.544921875 0.416015625 0.541015625 0.412109375 0.47265625 0.314453125 0.478515625
0 0.71875 0.65625 0.5 0.66796875 0.50390625 0.734375 0.72265625 0.720703125 0.72265625 0.71484375
0 0.505859375 0.79296875 0.5625 0.791015625 0.55859375 0.73046875 0.50390625 0.734375
0 0.71875 0.65625 0.72265625 0.71484375 0.8984375 0.705078125 0.89453125 0.646484375
0 0.89453125 0.646484375 0.8984375 0.705078125 1 0.697265625 1 0.638671875
0 0.8671875 0.79296875 0.505859375 0.8125 0.509765625 0.88671875 0.87109375 0.8671875 0.869140625 0.861328125
0 0.8671875 0.79296875 0.869140625 0.861328125 1 0.853515625 1 0.78515625
0 0.515625 0.6484375 0.6796875 0.640625 0.677734375 0.61328125 0.513671875 0.62109375
0 0.6796875 0.640625 0.841796875 0.630859375 0.83984375 0.603515625 0.677734375 0.61328125
0 0.841796875 0.630859375 1 0.623046875 1 0.595703125 0.83984375 0.603515625
0 0.509765625 0.58203125 0.623046875 0.57421875 0.62109375 0.5234375 0.505859375 0.53125
0 0.69921875 0.5703125 0.83203125 0.560546875 0.830078125 0.51171875 0.6953125 0.521484375
0 0.880859375 0.552734375 0.998046875 0.552734375 0.998046875 0.501953125 0.880859375 0.50390625
0 0.505859375 0.423828125 0.603515625 0.419921875 0.603515625 0.369140625 0.50390625 0.373046875
0 0.69140625 0.408203125 0.80078125 0.404296875 0.798828125 0.353515625 0.689453125 0.359375
0 0.876953125 0.404296875 0.974609375 0.40234375 0.97265625 0.349609375 0.875 0.3515625
0 0.451171875 0.2109375 1 0.181640625 1 0.1171875 0.44921875 0.146484375
0 0.115234375 0.23828125 0.39453125 0.216796875 0.390625 0.166015625 0.111328125 0.1875
0 0.107421875 0.37890625 0.40234375 0.359375 0.3984375 0.31640625 0.103515625 0.3359375
0 0.453125 0.322265625 1 0.294921875 1 0.23046875 0.451171875 0.2578125
0 0.08984375 0.39453125 0.087890625 0.322265625 0 0.322265625 0 0.39453125 0.08984375 0.39453125
0 0.376953125 0.025390625 0.376953125 0 0.037109375 0 0.037109375 0.025390625 0.376953125 0.025390625
0 0.134765625 1 0.134765625 0.974609375 0.0078125 0.974609375 0.0078125 1 0.134765625 1