0 0.82421875 0.015625 0.806640625 0.013671875 0.80859375 0 0.755859375 0 0.75 0.06640625 0.791015625 0.0703125 0.7890625 0.083984375 0.853515625 0.08984375 0.85546875 0.080078125 0.888671875 0.083984375 0.896484375 0 0.84765625 0 0.84765625 0.017578125 0.833984375 0.015625 0.83203125 0.04296875 0.822265625 0.041015625
0 0.896484375 0 0.888671875 0.083984375 1 0.09765625 1 0.015625
0 0.333984375 0.009765625 0.47265625 0.021484375 0.47265625 0 0.333984375 0
0 0.544921875 0 0.474609375 0 0.47265625 0.02734375 0.513671875 0.03125 0.51171875 0.044921875 0.576171875 0.05078125 0.576171875 0.041015625 0.609375 0.044921875 0.61328125 0 0.5546875 0 0.5546875 0.00390625 0.544921875 0.001953125
0 0.576171875 0.041015625 0.568359375 0.130859375 0.72265625 0.14453125 0.73046875 0.056640625 0.609375 0.044921875
0 0.31640625 0.419921875 0.26171875 0.416015625 0.255859375 0.4765625 0.4609375 0.498046875 0.46875 0.4375 0.4296875 0.43359375 0.427734375 0.44921875 0.38671875 0.4453125 0.388671875 0.427734375 0.365234375 0.42578125 0.36328125 0.443359375 0.314453125 0.4375
0 0.626953125 0.45703125 0.572265625 0.451171875 0.56640625 0.51171875 0.771484375 0.533203125 0.77734375 0.47265625 0.740234375 0.46875 0.73828125 0.484375 0.697265625 0.48046875 0.69921875 0.462890625 0.67578125 0.4609375 0.673828125 0.478515625 0.625 0.47265625
0 0.947265625 0.490234375 0.89453125 0.484375 0.88671875 0.54296875 1 0.5546875 1 0.49609375 0.99609375 0.49609375 0.994140625 0.513671875 0.9453125 0.5078125
0 0.908203125 0.6328125 0.84765625 0.638671875 0.859375 0.7578125 1 0.7421875 1 0.703125 0.99609375 0.666015625 0.951171875 0.671875 0.953125 0.693359375 0.916015625 0.697265625 0.912109375 0.67578125
0 0.689453125 0.7890625 0.81640625 0.775390625 0.810546875 0.712890625 0.68359375 0.7265625
0 0.458984375 0.8046875 0.591796875 0.79296875 0.5859375 0.736328125 0.453125 0.748046875
0 0.25 0.734375 0.3828125 0.7265625 0.37890625 0.669921875 0.24609375 0.6796875
0 0.3125 0.97265625 0.578125 0.951171875 0.57421875 0.90234375 0.30859375 0.923828125
0 0.638671875 0.94921875 0.923828125 0.91796875 0.91796875 0.865234375 0.6328125 0.896484375
0 0.1328125 0.912109375 0.240234375 0.904296875 0.234375 0.841796875 0.126953125 0.849609375
0 0.724609375 0.0546875 0.728515625 0.0234375 0.62890625 0.01171875 0.626953125 0.04296875 0.724609375 0.0546875
0 0.193359375 0.353515625 0.201171875 0.291015625 0 0.263671875 0 0.326171875 0.193359375 0.353515625