0 0.0546875 0.236328125 0.0546875 0.216796875 0 0.216796875 0 0.236328125
0 0.048828125 0.216796875 0.048828125 0.134765625 0 0.134765625 0 0.216796875
0 0 0.0078125 0 0.08203125 0.052734375 0.083984375 0.052734375 0.0078125
0 0.236328125 0.298828125 0.328125 0.30078125 0.328125 0.2734375 0.236328125 0.271484375
0 0.423828125 0.306640625 0.423828125 0.26953125 0.396484375 0.26953125 0.396484375 0.306640625
0 0.396484375 0.275390625 0.349609375 0.275390625 0.349609375 0.306640625 0.396484375 0.306640625
0 0.52734375 0.306640625 0.544921875 0.306640625 0.544921875 0.2734375 0.52734375 0.2734375
0 0.267578125 0.36328125 0.267578125 0.3984375 0.45703125 0.3984375 0.45703125 0.365234375
0 0.267578125 0.458984375 0.265625 0.478515625 0.30078125 0.478515625 0.30078125 0.458984375
0 0.45703125 0.408203125 0.45703125 0.3984375 0.267578125 0.3984375 0.267578125 0.458984375 0.49609375 0.4609375 0.49609375 0.408203125
0 0.916015625 0.009765625 0.91796875 0.044921875 0.921875 0.044921875 0.921875 0.05859375 0.91796875 0.05859375 0.91796875 0.08984375 1 0.0859375 1 0.005859375
0 0.912109375 0.125 0.9140625 0.162109375 0.91796875 0.162109375 0.91796875 0.17578125 0.9140625 0.17578125 0.916015625 0.20703125 1 0.203125 1 0.12109375
0 0.919921875 0.302734375 0.919921875 0.33984375 0.923828125 0.33984375 0.923828125 0.353515625 0.919921875 0.353515625 0.921875 0.384765625 1 0.380859375 1 0.30078125
0 0.916015625 0.419921875 0.916015625 0.45703125 0.921875 0.45703125 0.921875 0.470703125 0.91796875 0.470703125 0.91796875 0.501953125 1 0.498046875 1 0.416015625
0 0.298828125 0.22265625 0.3203125 0.22265625 0.3203125 0.13671875 0.298828125 0.13671875
0 0.298828125 0.126953125 0.255859375 0.126953125 0.255859375 0.244140625 0.298828125 0.244140625 0.298828125 0.22265625
0 0.220703125 0.134765625 0.220703125 0.2578125 0.244140625 0.2578125 0.2421875 0.134765625
0 0.40234375 0.1875 0.40234375 0.220703125 0.427734375 0.220703125 0.427734375 0.1875
0 0.509765625 0.2421875 0.52734375 0.2421875 0.52734375 0.23046875 0.509765625 0.23046875
0 0.43359375 0.224609375 0.46484375 0.224609375 0.46484375 0.21484375 0.435546875 0.21484375
0 0.556640625 0.240234375 0.578125 0.240234375 0.578125 0.234375 0.556640625 0.232421875
0 0.677734375 0.248046875 0.6875 0.248046875 0.689453125 0.21875 0.6796875 0.216796875
0 0.18359375 0.490234375 0.228515625 0.490234375 0.228515625 0.45703125 0.18359375 0.45703125
0 0.16796875 0.443359375 0.16796875 0.419921875 0.146484375 0.419921875 0.146484375 0.443359375 0.16015625 0.443359375
0 0.45937650820463316 0.7762427606177605 0.43593900820463316 0.7781958856177605 0.43593900820463316 0.8094458856177605 0.45937650820463316 0.8094458856177605
0 0.5238296332046332 0.8074927606177605 0.42422025820463316 0.8094458856177605 0.42812650820463316 0.8153052606177605 0.41640775820463316 0.8211646356177605 0.41836088320463316 0.8465552606177605 0.5238296332046332 0.8426490106177605
0 0.662109375 0.857421875 0.638671875 0.859375 0.638671875 0.890625 0.6640625 0.890625
0 0.68359375 0.833984375 0.662109375 0.833984375 0.662109375 0.8515625 0.68359375 0.8515625
0 0.732421875 0.849609375 0.73046875 0.83203125 0.705078125 0.83203125 0.705078125 0.849609375 0.712890625 0.849609375
0 0.712890625 0.849609375 0.662109375 0.8515625 0.662109375 0.873046875 0.71484375 0.87109375
0 0.705078125 0.83203125 0.72265625 0.83203125 0.720703125 0.806640625 0.662109375 0.80859375 0.662109375 0.833984375 0.68359375 0.833984375
0 0.763671875 0.7578125 0.76171875 0.734375 0.716796875 0.736328125 0.71875 0.759765625
0 0.763671875 0.765625 0.763671875 0.7578125 0.71875 0.759765625 0.716796875 0.806640625 0.720703125 0.806640625 0.72265625 0.83203125 0.73046875 0.83203125 0.732421875 0.849609375 0.734375 0.8515625 0.740234375 0.853515625 0.73828125 0.859375 0.75390625 0.861328125 0.771484375 0.765625
0 0.775390625 0.736328125 0.794921875 0.734375 0.794921875 0.720703125 0.775390625 0.720703125
0 0.14453125 0.443359375 0.14453125 0.46875 0.16015625 0.46875 0.16015625 0.443359375 0.146484375 0.443359375
0 0.12890625 0.75 0.103515625 0.7109375 0.06640625 0.736328125 0.08984375 0.7734375
0 0.515625 0.296875 0.515625 0.251953125 0.482421875 0.251953125 0.482421875 0.296875