0 0.525390625 0.126953125 0.58984375 0.14453125 0.59375 0.126953125 0.529296875 0.109375
0 0.611328125 0.150390625 0.640625 0.158203125 0.65625 0.08984375 0.626953125 0.08203125
0 0.658203125 0.1640625 0.85546875 0.224609375 0.8671875 0.1875 0.66796875 0.126953125
0 0.951171875 0.458984375 0.900390625 0.357421875 0.73046875 0.3046875 0.70703125 0.32421875 0.703125 0.337890625 0.720703125 0.380859375 0.80078125 0.404296875 0.79296875 0.4296875 0.841796875 0.53515625 0.8984375 0.552734375 0.93359375 0.517578125
0 0.40625 0.203125 0.275390625 0.162109375 0.212890625 0.18359375 0.171875 0.318359375 0.4296875 0.396484375 0.474609375 0.24609375
0 0.6875 0.6171875 0.7265625 0.626953125 0.716796875 0.66015625 0.810546875 0.685546875 0.853515625 0.697265625 0.875 0.611328125 0.830078125 0.603515625 0.83203125 0.556640625 0.822265625 0.521484375 0.80078125 0.5 0.78515625 0.48828125 0.732421875 0.470703125
0 0.142578125 0.287109375 0.1953125 0.111328125 0.07421875 0.07421875 0.01953125 0.25 0.142578125 0.287109375
0 0.466796875 0.634765625 0.509765625 0.4921875 0.44140625 0.470703125 0.3984375 0.615234375 0.466796875 0.634765625
0 0.57421875 0.033203125 0.57421875 0 0.4375 0 0.439453125 0.033203125 0.57421875 0.033203125
0 0.921875 0.244140625 0.931640625 0.205078125 0.884765625 0.193359375 0.875 0.232421875 0.921875 0.244140625
0 0.603515625 0.681640625 0.615234375 0.6484375 0.55078125 0.626953125 0.5390625 0.658203125 0.603515625 0.681640625
0 0.521484375 0.6796875 0.55078125 0.591796875 0.498046875 0.57421875 0.466796875 0.66015625 0.521484375 0.6796875
0 0.400390625 0.5234375 0.421875 0.462890625 0.380859375 0.447265625 0.359375 0.5078125 0.400390625 0.5234375