0 0.193359375 0.875 0.189453125 0.865234375 0.189453125 0.83984375 0.1796875 0.81640625 0.1640625 0.802734375 0.115234375 0.796875 0 0.7109375 0 0.734375 0.107421875 0.81640625 0.12109375 0.8125 0.140625 0.810546875 0.169921875 0.828125 0.177734375 0.857421875 0.18359375 0.869140625 0.171875 0.87890625 0.283203125 1 0.306640625 1
0 0.029296875 0.703125 0.0546875 0.666015625 0 0.626953125 0 0.6796875
0 0.05859375 0.669921875 0.068359375 0.654296875 0 0.603515625 0 0.607421875 0 0.626953125 0.0546875 0.666015625
0 0.00390625 0.845703125 0.033203125 0.80859375 0 0.779296875 0 0.841796875
0 0 0.841796875 0 0.90234375 0.029296875 0.8671875 0.00390625 0.845703125
0 0.04296875 0.943359375 0.068359375 0.91015625 0.0234375 0.873046875 0 0.90234375 0 0.90625
0 0.103515625 0.716796875 0.1171875 0.701171875 0.091796875 0.677734375 0.078125 0.69140625
0 0.310546875 0.96484375 0.33203125 0.9453125 0.298828125 0.91015625 0.27734375 0.931640625
0 0.103515625 0.890625 0.09375 0.8671875 0.09375 0.84765625 0.103515625 0.8359375 0 0.75390625 0 0.779296875 0.078125 0.84375 0.076171875 0.8671875 0.08984375 0.89453125 0.109375 0.91015625 0.130859375 0.9140625 0.15625 0.912109375 0.234375 1 0.26171875 1 0.1640625 0.89453125 0.154296875 0.904296875 0.12109375 0.90234375
0 0.15625 0.796875 0.1796875 0.763671875 0.134765625 0.73046875 0.111328125 0.763671875 0.15625 0.796875
0 0.22265625 0.830078125 0.240234375 0.791015625 0.189453125 0.767578125 0.171875 0.806640625 0.22265625 0.830078125
0 0.275390625 0.841796875 0.25390625 0.8203125 0.220703125 0.849609375 0.2421875 0.873046875 0.275390625 0.841796875