0 0.904296875 0.798828125 0.9140625 0.85546875 0.93359375 0.8515625 0.935546875 0.86328125 0.97265625 0.85546875 0.970703125 0.845703125 1 0.83984375 1 0.779296875
0 0.537109375 1 0.630859375 1 0.623046875 0.96875 0.53515625 0.9921875
0 0.982421875 0.544921875 0.982421875 0.5546875 0.94140625 0.556640625 0.94140625 0.546875 0.90234375 0.546875 0.90234375 0.5625 0.8671875 0.5625 0.865234375 0.548828125 0.8203125 0.55078125 0.8203125 0.5625 0.798828125 0.5625 0.80078125 0.626953125 1 0.619140625 1 0.54296875
0 0.849609375 0.3828125 0.796875 0.38671875 0.8046875 0.490234375 0.85546875 0.48828125
0 1 0.359375 1 0.283203125 0.974609375 0.28515625 0.98046875 0.361328125
0 0.84375 0.708984375 0.88671875 0.705078125 0.8828125 0.66796875 0.83984375 0.671875
0 0.1484375 0.44140625 0 0.474609375 0 0.52734375 0.16015625 0.490234375 0.15625 0.478515625
0 0.65625 0.595703125 0.60546875 0.607421875 0.6171875 0.658203125 0.443359375 0.69921875 0.455078125 0.751953125 0.681640625 0.69921875
0 0.623046875 0.48046875 0.5703125 0.4921875 0.57421875 0.513671875 0.39453125 0.556640625 0.40625 0.607421875 0.640625 0.552734375
0 0.404296875 0.369140625 0.14453125 0.4296875 0.15625 0.478515625 0.416015625 0.41796875
0 0.05859375 0.701171875 0.359375 0.630859375 0.345703125 0.572265625 0.044921875 0.64453125
0 0.419921875 0.779296875 0.396484375 0.6875 0.34375 0.69921875 0.35546875 0.740234375 0.080078125 0.80859375 0.091796875 0.861328125 0.3671875 0.79296875
0 0.1171875 1 0.283203125 1 0.470703125 0.958984375 0.45703125 0.900390625 0.11328125 0.978515625
0 0.505859375 0.939453125 0.857421875 0.859375 0.845703125 0.8046875 0.4921875 0.884765625
0 0.248046875 0.1328125 0.21875 0.01953125 0.119140625 0.044921875 0.1484375 0.158203125
0 0.025390625 0.208984375 0.033203125 0.212890625 0.04296875 0.21484375 0.05078125 0.212890625 0.060546875 0.2109375 0.068359375 0.20703125 0.072265625 0.205078125 0.078125 0.201171875 0.080078125 0.1953125 0.083984375 0.189453125 0.0859375 0.18359375 0.087890625 0.177734375 0.087890625 0.171875 0.087890625 0.166015625 0.0859375 0.16015625 0.083984375 0.154296875 0.080078125 0.1484375 0.078125 0.14453125 0.07421875 0.140625 0.06640625 0.13671875 0.060546875 0.1328125 0.052734375 0.130859375 0.017578125 0.203125
0 0.974609375 0.28515625 0.79296875 0.296875 0.796875 0.373046875 0.98046875 0.361328125
0 0.66796875 0.328125 0.66796875 0.333984375 0.65234375 0.3359375 0.650390625 0.330078125 0.626953125 0.333984375 0.62890625 0.341796875 0.5859375 0.34765625 0.5859375 0.33984375 0.5625 0.341796875 0.564453125 0.3515625 0.521484375 0.357421875 0.521484375 0.34765625 0.490234375 0.353515625 0.490234375 0.361328125 0.455078125 0.3671875 0.466796875 0.435546875 0.494140625 0.431640625 0.49609375 0.439453125 0.529296875 0.43359375 0.529296875 0.4296875 0.55078125 0.42578125 0.552734375 0.431640625 0.59375 0.42578125 0.591796875 0.416015625 0.619140625 0.412109375 0.619140625 0.421875 0.6953125 0.41015625 0.693359375 0.40234375 0.716796875 0.400390625 0.70703125 0.333984375 0.6953125 0.3359375 0.693359375 0.32421875
0 0.734375 0.625 0.765625 0.62109375 0.759765625 0.57421875 0.681640625 0.58203125 0.6875 0.65234375 0.736328125 0.6484375
0 0.04296875 0.998046875 0.041015625 0.8125 0 0.8125 0 1
0 0.828125 0.71875 0.8203125 0.63671875 0.78125 0.640625 0.7890625 0.72265625
0 0.8120399975868726 0.08398437500000003 0.8120399975868726 0.001953125000000007 0.6362587475868726 0 0.6362587475868726 0.08203125000000003