0 0.28515625 0.03515625 0 0.044921875 0 0.171875 0.291015625 0.162109375
0 0.369140625 0.3125 0.36328125 0.17578125 0.298828125 0.177734375 0.3046875 0.314453125
0 0.298828125 0.162109375 0 0.173828125 0 0.326171875 0.3046875 0.314453125 0.298828125 0.177734375
0 0.015625 0.482421875 0.099609375 0.478515625 0.09765625 0.408203125 0.01171875 0.412109375
0 0.529296875 0.20703125 0.521484375 0 0.478515625 0 0.392578125 0.00390625 0.40234375 0.2109375 0.498046875 0.20703125
0 0.51953125 0.349609375 0.326171875 0.357421875 0.330078125 0.435546875 0.5234375 0.427734375
0 0.552734375 0.673828125 0.546875 0.53125 0 0.552734375 0 0.6953125 0.55078125 0.673828125
0 0.767578125 0.05078125 0.8515625 0.046875 0.849609375 0 0.69921875 0 0.70703125 0.154296875 0.771484375 0.150390625
0 1 0.494140625 1 0.4296875 0.748046875 0.44140625 0.751953125 0.505859375 0.998046875 0.49609375
0 0.740234375 0.248046875 0.748046875 0.44140625 1 0.4296875 1 0.236328125
0 0.7265625 0.6953125 0.732421875 0.841796875 0.935546875 0.833984375 0.93359375 0.7734375 0.796875 0.77734375 0.79296875 0.69140625
0 0.794921875 0.900390625 0.802734375 1 0.986328125 1 1 0.998046875 1 0.884765625
0 0.298828125 0.744140625 0.021484375 0.755859375 0.025390625 0.841796875 0.302734375 0.830078125
0 0.533203125 0.97265625 0.52734375 0.8203125 0 0.841796875 0 0.994140625
0 0.537109375 0.734375 0.337890625 0.7421875 0.341796875 0.8125 0.541015625 0.8046875
0 1 0.79296875 0.998046875 0.7109375 0.970703125 0.7109375 0.970703125 0.79296875 1 0.79296875
0 0.5234375 0.2734375 0.521484375 0.2421875 0.474609375 0.244140625 0.4765625 0.275390625 0.5234375 0.2734375
0 0.7421875 0.57421875 0.740234375 0.546875 0.69921875 0.548828125 0.701171875 0.578125 0.7421875 0.57421875
0 0.55859375 0.421875 0.5546875 0.373046875 0.525390625 0.375 0.529296875 0.42578125 0.55859375 0.421875
0 0.986328125 0.544921875 0.986328125 0.5 0.935546875 0.5 0.9375 0.546875 0.986328125 0.544921875
0 0.189453125 0.404296875 0.18359375 0.35546875 0.150390625 0.357421875 0.15625 0.40625 0.189453125 0.404296875
0 0.57421875 0.7578125 0.57421875 0.716796875 0.544921875 0.716796875 0.546875 0.7578125 0.57421875 0.7578125
0 0.57421875 0.71875 0.572265625 0.6796875 0.544921875 0.6796875 0.546875 0.720703125 0.57421875 0.71875
0 0.15625 0.447265625 0.154296875 0.41796875 0.115234375 0.421875 0.119140625 0.451171875 0.15625 0.447265625
0 0.68359375 0.748046875 0.6796875 0.689453125 0.654296875 0.69140625 0.658203125 0.75 0.68359375 0.748046875