0 0.787109375 0.09375 0.8125 0.109375 0.806640625 0.12109375 0.826171875 0.1328125 0.833984375 0.12109375 0.8515625 0.130859375 0.84375 0.142578125 0.884765625 0.166015625 0.890625 0.15234375 0.91015625 0.1640625 0.90234375 0.17578125 0.93359375 0.193359375 0.939453125 0.181640625 0.953125 0.189453125 0.982421875 0.13671875 0.81640625 0.04296875
0 0.9375 0.66796875 0.923828125 0.689453125 0.931640625 0.6953125 0.916015625 0.720703125 0.91015625 0.716796875 0.89453125 0.7421875 0.91015625 0.75 0.900390625 0.767578125 0.923828125 0.779296875 0.9296875 0.76953125 0.94140625 0.775390625 0.935546875 0.787109375 0.958984375 0.80078125 0.96875 0.783203125 0.982421875 0.791015625 0.99609375 0.767578125 0.98828125 0.763671875 1 0.744140625 1 0.703125 0.9609375 0.681640625
0 0.79296875 0.927734375 0.779296875 0.94921875 0.787109375 0.953125 0.771484375 0.98046875 0.763671875 0.9765625 0.75 1 0.85546875 1 0.857421875 0.99609375 0.865234375 1 0.87890625 0.9765625 0.814453125 0.939453125
0 0 0.16015625 0 0.1875 0.1796875 0.291015625 0.208984375 0.240234375 0.017578125 0.130859375
0 0 0.3046875 0 0.373046875 0.19140625 0.482421875 0.220703125 0.431640625
0 0.462890625 0.861328125 0.697265625 0.994140625 0.724609375 0.9453125 0.490234375 0.8125
0 0.099609375 0.630859375 0.12890625 0.580078125 0 0.505859375 0 0.572265625
0 0.5625 0.697265625 0.787109375 0.82421875 0.81640625 0.76953125 0.59375 0.642578125
0 0.255859375 0.451171875 0.228515625 0.498046875 0.521484375 0.6640625 0.546875 0.6171875
0 0.138671875 0.662109375 0.4296875 0.828125 0.458984375 0.77734375 0.16796875 0.611328125
0 0.390625 0.080078125 0.697265625 0.25390625 0.732421875 0.193359375 0.42578125 0.01953125
0 0.576171875 0.53125 0.865234375 0.6953125 0.900390625 0.63671875 0.609375 0.47265625
0 0.73828125 0.263671875 0.958984375 0.388671875 0.9921875 0.33203125 0.771484375 0.20703125
0 0.2265625 0.330078125 0.521484375 0.498046875 0.548828125 0.447265625 0.255859375 0.279296875
0 0.9609375 0.681640625 1 0.703125 1 0.611328125
0 0.1328125 0.791015625 0 0.71484375 0 0.88671875 0.197265625 1 0.42578125 1 0.251953125 0.900390625 0.26953125 0.869140625 0.23828125 0.8515625 0.22265625 0.87890625 0.1171875 0.818359375
0 0.173828125 0.814453125 0.1875 0.7890625 0 0.681640625 0 0.71484375 0.1328125 0.791015625
0 0 0.88671875 0 1 0.18359375 1 0.1875 0.994140625
0 0.056640625 0.0546875 0.056640625 0 0 0 0 0.0546875 0.056640625 0.0546875