0 0.513671875 0.375 0.5546875 0.28125 0.5 0.2578125 0.458984375 0.349609375
0 0.580078125 0.25 0.611328125 0.203125 0.56640625 0.171875 0.53515625 0.21875
0 0.375 0.587890625 0.494140625 0.43359375 0.439453125 0.392578125 0.3203125 0.546875
0 0.25 0.609375 0.193359375 0.6796875 0.2421875 0.720703125 0.30078125 0.6484375
0 0.2265625 0.5078125 0.185546875 0.556640625 0.30078125 0.6484375 0.33984375 0.59765625
0 0.16796875 0.08203125 0.2734375 0.134765625 0.33984375 0 0.208984375 0
0 0 0.072265625 0 0.1015625 0.078125 0.140625 0.095703125 0.10546875 0.005859375 0.060546875
0 0.009765625 0.0234375 0 0.04296875 0 0.056640625 0.2109375 0.1640625 0.2265625 0.1328125
0 0.02734375 0.20703125 0.13671875 0.26171875 0.15625 0.21875 0.048828125 0.166015625
0 0.029296875 0.43359375 0.0546875 0.3828125 0 0.35546875 0 0.41796875
0 0.658203125 0.669921875 0.701171875 0.6171875 0.67578125 0.59765625 0.583984375 0.712890625 0.609375 0.732421875 0.630859375 0.705078125 0.65234375 0.720703125 0.6796875 0.685546875
0 0.59765625 0.58984375 0.625 0.546875 0.599609375 0.529296875 0.572265625 0.572265625 0.59765625 0.58984375
0 0.478515625 0.20703125 0.49609375 0.171875 0.44140625 0.14453125 0.423828125 0.1796875 0.478515625 0.20703125
0 0.642578125 0.28125 0.662109375 0.251953125 0.62890625 0.228515625 0.607421875 0.259765625 0.642578125 0.28125