0 0 0.01171875 0 0.232421875 0.71875 0.25390625 0.7265625 0.03515625
0 0.71484375 0.494140625 0.71875 0.3203125 0.125 0.302734375 0.119140625 0.4765625
0 0.203125 0.517578125 0.271484375 0.51953125 0.271484375 0.49609375 0.205078125 0.494140625
0 0.109375 0.515625 0.15234375 0.517578125 0.15234375 0.490234375 0.109375 0.490234375
0 0 0.884765625 0 0.908203125 0.05078125 0.91015625 0.05078125 0.88671875
0 0.5703125 0.87890625 0.5703125 0.84765625 0.44921875 0.84375 0.447265625 0.875
0 0.15625 0.8671875 0.154296875 0.919921875 0.185546875 0.921875 0.185546875 0.869140625
0 0.142578125 0.8828125 0.140625 0.896484375 0.08984375 0.896484375 0.08984375 0.91796875 0.154296875 0.919921875 0.15625 0.8828125
0 0.703125 0.8828125 0.185546875 0.869140625 0.18359375 0.943359375 0.701171875 0.958984375 0.703125 0.884765625
0 0.806640625 0.87109375 0.806640625 0.888671875 0.703125 0.884765625 0.701171875 0.958984375 1 0.966796875 1 0.89453125 0.849609375 0.890625 0.849609375 0.873046875
0 0.791015625 0.802734375 1 0.80859375 1 0.638671875 0.794921875 0.634765625
0 0.837890625 0.220703125 0.89453125 0.22265625 0.896484375 0.13671875 0.841796875 0.134765625
0 0.8671875 0.27734375 0.8671875 0.255859375 0.826171875 0.255859375 0.82421875 0.3203125 0.95703125 0.322265625 0.958984375 0.28125
0 0.943359375 0.203125 0.94140625 0.275390625 1 0.275390625 1 0.203125
0 0.96875 0.27734375 0.966796875 0.3203125 1 0.3203125 1 0.27734375
0 0.841796875 0.134765625 1 0.138671875 1 0 0.84375 0
0 0.953125 0.150390625 0.951171875 0.189453125 1 0.189453125 1 0.150390625
0 0.1015625 0.47265625 0.099609375 0.29296875 0 0.29296875 0 0.47265625 0.1015625 0.47265625
0 0.701171875 0.833984375 0.705078125 0.609375 0.650390625 0.607421875 0.646484375 0.83203125 0.701171875 0.833984375
0 0.048828125 0.994140625 0.048828125 0.953125 0 0.953125 0 0.9921875 0.048828125 0.994140625