0 0 0.439453125 0 0.51171875 0.01953125 0.5078125
0 0.578125 0.205078125 0.603515625 0.291015625 0.6875 0.265625 0.689453125 0.2734375 0.736328125 0.259765625 0.712890625 0.1796875 0.685546875 0.1875 0.681640625 0.17578125
0 0.78515625 0.546875 0.697265625 0.572265625 0.71875 0.65234375 0.806640625 0.62890625
0 0.994140625 0.267578125 0.970703125 0.19140625 0.84375 0.232421875 0.865234375 0.296875 0.892578125 0.287109375 0.900390625 0.310546875 0.970703125 0.2890625 0.966796875 0.275390625
0 0.697265625 0.572265625 0.546875 0.611328125 0.564453125 0.6796875 0.71484375 0.638671875
0 0.810546875 0.541015625 0.7890625 0.4609375 0.7265625 0.478515625 0.748046875 0.556640625 0.78515625 0.546875
0 1 0.21484375 1 0.15625 0.962890625 0.16796875 0.98046875 0.22265625
0 0.65625 0.8671875 0.9375 0.783203125 0.919921875 0.724609375 0.638671875 0.80859375
0 0.173828125 0.615234375 0.109375 0.63671875 0.1484375 0.75390625 0.212890625 0.734375
0 0.263671875 0 0.173828125 0 0 0.060546875 0 0.08984375 0.0078125 0.11328125 0.271484375 0.021484375
0 0.263671875 0.91015625 0.20703125 0.916015625 0.21875 0.955078125 0.173828125 0.939453125 0.142578125 0.99609375 0.1484375 1 0.2890625 1 0.294921875 0.9921875 0.27734375 0.91796875
0 0.2109375 0.33984375 0.333984375 0.296875 0.318359375 0.25 0.158203125 0.30859375 0.19921875 0.423828125 0.236328125 0.41015625
0 0.53515625 0.173828125 0.318359375 0.25 0.333984375 0.296875 0.552734375 0.21875
0 0.55859375 0.255859375 0.50390625 0.2734375 0.52734375 0.345703125 0.58203125 0.326171875
0 0.58203125 0.326171875 0.197265625 0.455078125 0.21484375 0.51171875 0.6015625 0.3828125
0 0.732421875 0.244140625 0.8046875 0.22265625 0.78515625 0.158203125 0.712890625 0.1796875
0 0.779296875 0.427734375 0.84765625 0.41015625 0.830078125 0.341796875 0.625 0.3984375 0.646484375 0.474609375 0.78125 0.4375
0 0.92578125 0.548828125 0.9453125 0.611328125 1 0.59375 1 0.525390625
0 0.33984375 0.880859375 0.61328125 0.798828125 0.59765625 0.748046875 0.32421875 0.830078125
0 0.376953125 0.03125 0.474609375 0 0.3671875 0
0 0.931640625 0.361328125 0.921875 0.32421875 0.865234375 0.341796875 0.92578125 0.548828125 0.982421875 0.53125 0.955078125 0.439453125 1 0.423828125 1 0.33984375
0 0.185546875 0.884765625 0.166015625 0.814453125 0 0.861328125 0.01953125 0.93359375
0 0.07421875 0.998046875 0.072265625 0.955078125 0 0.955078125 0 1
0 0.2578125 0.853515625 0.22265625 0.7578125 0.15234375 0.783203125 0.185546875 0.87890625
0 0.462890625 0.35546875 0.4453125 0.310546875 0.34375 0.345703125 0.359375 0.392578125
0 0.771484375 1 0.76953125 0.970703125 0.71875 0.97265625 0.720703125 1
0 0.15537524131274127 0.7782637548262549 0.1463260135135135 0.7111486486486487 0 0.7526016529922781 0.01953125 0.8248672779922781
0 0.15537524131274127 0.5948811534749036 0.1463260135135135 0.5277660472972974 0 0.5692190516409268 0 0.6410171332046332