0 0.697265625 0.984375 0.6953125 0.93359375 0.46484375 0.947265625 0.46875 1
0 0.794921875 0.818359375 1 0.8046875 1 0.75390625 0.791015625 0.767578125
0 0.5 0.8359375 0.751953125 0.8203125 0.748046875 0.76953125 0.498046875 0.78515625
0 0.740234375 0.982421875 1 0.966796875 1 0.91796875 0.736328125 0.935546875
0 0.470703125 0.38671875 0.474609375 0.453125 0.525390625 0.451171875 0.525390625 0.43359375 0.54296875 0.431640625 0.544921875 0.44921875 0.60546875 0.4453125 0.603515625 0.427734375 0.626953125 0.42578125 0.62890625 0.443359375 0.685546875 0.44140625 0.685546875 0.42578125 0.703125 0.42578125 0.703125 0.439453125 0.759765625 0.435546875 0.755859375 0.3671875
0 0.904296875 0.537109375 0.9140625 0.58984375 0.91796875 0.587890625 0.921875 0.603515625 0.966796875 0.595703125 0.962890625 0.57421875 0.99609375 0.568359375 1 0.580078125 1 0.515625
0 0.58984375 0.283203125 0.791015625 0.232421875 0.77734375 0.1796875 0.578125 0.23046875
0 0.498046875 0.564453125 0.50390625 0.6328125 0.5625 0.62890625 0.5625 0.609375 0.591796875 0.607421875 0.59375 0.626953125 0.634765625 0.623046875 0.634765625 0.60546875 0.6640625 0.603515625 0.666015625 0.62109375 0.712890625 0.619140625 0.7109375 0.599609375 0.74609375 0.59765625 0.74609375 0.6171875 0.80859375 0.61328125 0.8046875 0.546875
0 0.736328125 0.009765625 0.826171875 0.005859375 0.82421875 0 0.478515625 0 0.48046875 0.0390625 0.73828125 0.0234375
0 0.830078125 0.232421875 1 0.19140625 1 0.140625 0.8203125 0.18359375
0 0.861328125 0.373046875 0.87109375 0.419921875 0.884765625 0.41796875 0.88671875 0.43359375 0.931640625 0.423828125 0.927734375 0.40234375 0.955078125 0.396484375 0.958984375 0.419921875 1 0.408203125 1 0.34375
0 0.396484375 0.0390625 0.443359375 0.03515625 0.439453125 0 0.392578125 0
0 0.53125 0.322265625 0.5234375 0.21875 0.474609375 0.22265625 0.470703125 0.1640625 0.421875 0.166015625 0.42578125 0.224609375 0.400390625 0.2265625 0.408203125 0.330078125 0.451171875 0.328125
0 0.419921875 0.5390625 0.46484375 0.537109375 0.451171875 0.328125 0.408203125 0.330078125
0 0.42578125 0.751953125 0.46484375 0.75 0.455078125 0.591796875 0.416015625 0.59375
0 0.228515625 0.9296875 0.23046875 0.927734375 0.228515625 0.890625 0.1640625 0.89453125 0.1640625 0.916015625 0.158203125 0.916015625 0.158203125 0.89453125 0.1015625 0.8984375 0.1015625 0.91796875 0.091796875 0.91796875 0.08984375 0.8984375 0.029296875 0.90234375 0.03125 0.921875 0.0234375 0.921875 0.0234375 0.90234375 0 0.90234375 0 0.953125 0.0390625 0.953125 0.0390625 0.962890625 0.0859375 0.9609375 0.083984375 0.951171875 0.109375 0.94921875 0.109375 0.958984375 0.15234375 0.95703125 0.150390625 0.947265625 0.181640625 0.9453125 0.181640625 0.955078125 0.21484375 0.953125 0.212890625 0.943359375 0.228515625 0.943359375
0 0.154296875 0.724609375 0.154296875 0.734375 0.08203125 0.740234375 0.080078125 0.728515625 0.052734375 0.73046875 0.052734375 0.740234375 0.0234375 0.7421875 0 0.7421875 0 0.7734375 0.0078125 0.7734375 0.009765625 0.783203125 0.03515625 0.78125 0.03515625 0.771484375 0.046875 0.771484375 0.046875 0.783203125 0.0859375 0.78125 0.0859375 0.76953125 0.1015625 0.767578125 0.1015625 0.77734375 0.134765625 0.775390625 0.134765625 0.765625 0.146484375 0.765625 0.1484375 0.77734375 0.1875 0.775390625 0.1875 0.763671875 0.228515625 0.759765625 0.2265625 0.73046875 0.185546875 0.734375 0.185546875 0.72265625
0 0.150390625 0.53515625 0.150390625 0.546875 0.078125 0.55078125 0.076171875 0.5390625 0.048828125 0.541015625 0.048828125 0.552734375 0 0.5546875 0 0.58984375 0.04296875 0.587890625 0.04296875 0.59375 0.08203125 0.591796875 0.08203125 0.5859375 0.14453125 0.583984375 0.14453125 0.58984375 0.18359375 0.5859375 0.18359375 0.57421875 0.224609375 0.572265625 0.22265625 0.54296875 0.181640625 0.544921875 0.181640625 0.533203125
0 0.14453125 0.001953125 0.1015625 0.005859375 0.1015625 0 0.04296875 0 0.044921875 0.037109375 0.0625 0.037109375 0.064453125 0.064453125 0.177734375 0.05859375 0.17578125 0.03125 0.189453125 0.029296875 0.185546875 0 0.14453125 0
0 0.01171875 0.4296875 0.01171875 0.44140625 0.064453125 0.439453125 0.0625 0.42578125 0.10546875 0.423828125 0.103515625 0.375 0.08203125 0.375 0.080078125 0.33984375 0.1015625 0.337890625 0.099609375 0.322265625 0.119140625 0.3203125 0.1171875 0.26953125 0.078125 0.271484375 0.076171875 0.24609375 0.044921875 0.248046875 0.044921875 0.236328125 0.009765625 0.23828125 0.01171875 0.251953125 0 0.251953125 0 0.4296875
0 0.212890625 0.943359375 0.21484375 0.953125 0.181640625 0.955078125 0.181640625 0.9453125 0.15625 0.947265625 0.158203125 1 0.23046875 1 0.228515625 0.943359375
0 0.998046875 0.0390625 0.998046875 0 0.888671875 0 0.888671875 0.0390625 0.998046875 0.0390625