0 0.826171875 0.837890625 0.810546875 0.884765625 1 0.9453125 1 0.892578125
0 0.734375 0.9609375 0.47265625 0.875 0.453125 0.9375 0.646484375 1 0.720703125 1
0 0.7734375 0.8046875 0.33984375 0.666015625 0.32421875 0.7109375 0.7578125 0.8515625
0 0.779296875 0.642578125 0.37890625 0.513671875 0.361328125 0.568359375 0.76171875 0.697265625
0 0.7109375 0.69921875 0.412109375 0.6015625 0.3984375 0.640625 0.697265625 0.736328125
0 0.564453125 0.041015625 0.451171875 0.39453125 0.60546875 0.443359375 0.625 0.384765625 0.515625 0.349609375 0.595703125 0.103515625 0.740234375 0.150390625 0.755859375 0.103515625
0 0.873046875 0.529296875 0.908203125 0.421875 0.8515625 0.40234375 0.833984375 0.455078125 0.625 0.38671875 0.60546875 0.443359375 0.818359375 0.51171875
0 0.923828125 0.318359375 0.728515625 0.255859375 0.70703125 0.322265625 0.90234375 0.384765625
0 0.724609375 0.189453125 0.61328125 0.154296875 0.5625 0.3125 0.671875 0.34765625
0 0.951171875 0.259765625 0.822265625 0.21875 0.810546875 0.25390625 0.94140625 0.294921875
0 0.9765625 0.181640625 0.771484375 0.1171875 0.75390625 0.17578125 0.95703125 0.2421875
0 0.373046875 0.96484375 0.361328125 1 0.48046875 1
0 0.322265625 0.94921875 0.3046875 1 0.361328125 1 0.373046875 0.96484375
0 0.34375 0.857421875 0.31640625 0.84765625 0.30078125 0.896484375 0.39453125 0.927734375 0.41015625 0.876953125 0.380859375 0.869140625 0.376953125 0.87890625 0.33984375 0.8671875
0 0.283203125 0.86328125 0.203125 0.837890625 0.189453125 0.8828125 0.26953125 0.908203125
0 0.287109375 0.728515625 0.234375 0.712890625 0.2109375 0.783203125 0.263671875 0.80078125
0 0.1171875 0.673828125 0.119140625 0.666015625 0.068359375 0.650390625 0.048828125 0.7109375 0.216796875 0.765625 0.234375 0.712890625
0 0.1015625 0.5625 0 0.52734375 0 0.576171875 0.087890625 0.60546875
0 0.3125 0.630859375 0.119140625 0.568359375 0.1015625 0.62109375 0.296875 0.68359375
0 0.486328125 0.0390625 0.36328125 0 0.162109375 0 0.466796875 0.099609375
0 0.130859375 0.103515625 0.111328125 0.1640625 0.41015625 0.259765625 0.4296875 0.19921875 0.13671875 0.103515625
0 0.169921875 0.00390625 0.13671875 0.103515625 0.189453125 0.12109375 0.220703125 0.01953125
0 0.1171875 0.166015625 0.09375 0.23828125 0.146484375 0.255859375 0.169921875 0.181640625
0 0.03125 0.42578125 0.013671875 0.478515625 0.298828125 0.5703125 0.31640625 0.517578125
0 0.080078125 0.25390625 0.05859375 0.322265625 0.353515625 0.416015625 0.375 0.349609375
0 0.0625 0.322265625 0.03125 0.42578125 0.08984375 0.4453125 0.123046875 0.341796875
0 0.16796875 0.787109375 0 0.732421875 0 0.787109375 0.15234375 0.837890625
0 0.943359375 0.607421875 0.900390625 0.740234375 1 0.771484375 1 0.625
0 0.826171875 0.568359375 0.767578125 0.74609375 0.83203125 0.767578125 0.84765625 0.72265625 0.900390625 0.740234375 0.943359375 0.607421875
0 0.427734375 0.38671875 0.40625 0.44921875 0.798828125 0.576171875 0.818359375 0.51171875 0.451171875 0.39453125
0 0.98828125 0.26953125 0.9140625 0.501953125 1 0.52734375 1 0.271484375