0 0.509765625 0.005859375 0.626953125 0.07421875 0.669921875 0 0.51171875 0
0 0.8515625 0.220703125 0.853515625 0.248046875 0.83203125 0.25 0.828125 0.22265625 0.80078125 0.2265625 0.802734375 0.2421875 0.75390625 0.248046875 0.7578125 0.2890625 0.775390625 0.287109375 0.77734375 0.31640625 0.916015625 0.30078125 0.912109375 0.26953125 0.921875 0.26953125 0.916015625 0.228515625 0.87890625 0.232421875 0.876953125 0.216796875
0 0.650390625 0.365234375 0.64453125 0.32421875 0.654296875 0.322265625 0.6484375 0.275390625 0.59375 0.283203125 0.59765625 0.3125 0.5703125 0.31640625 0.56640625 0.287109375 0.48828125 0.296875 0.494140625 0.34375 0.517578125 0.33984375 0.5234375 0.3828125 0.5859375 0.375
0 0.943359375 0.037109375 0.9453125 0.052734375 0.900390625 0.05859375 0.91015625 0.134765625 1 0.12109375 1 0.029296875
0 0.7109375 0.931640625 0.55859375 0.9375 0.560546875 1 0.712890625 1 0.712890625 0.986328125
0 0.576171875 0.716796875 0.73046875 0.69921875 0.712890625 0.55859375 0.55859375 0.578125
0 0.958984375 0.533203125 0.955078125 0.494140625 0.80078125 0.51171875 0.806640625 0.55078125 0.818359375 0.548828125 0.82421875 0.59765625 0.94921875 0.58203125 0.943359375 0.53515625
0 0.3203125 0.943359375 0.05859375 0.974609375 0.060546875 1 0.326171875 1
0 0.494140625 0.021484375 0.48046875 0.119140625 0.4765625 0.18359375 0.494140625 0.296875 0.56640625 0.287109375 0.5703125 0.31640625 0.576171875 0.31640625 0.5625 0.228515625 0.572265625 0.07421875 0.5859375 0.05078125 0.509765625 0.005859375 0.51171875 0 0.505859375 0
0 0.501953125 0.34375 0.533203125 0.541015625 0.609375 0.529296875 0.5859375 0.375 0.5234375 0.3828125 0.517578125 0.33984375
0 0.98828125 0.58984375 0.982421875 0.548828125 0.9453125 0.552734375 0.94921875 0.58203125 0.7578125 0.60546875 0.767578125 0.6953125 0.998046875 0.66796875 0.994140625 0.640625 1 0.638671875 1 0.587890625
0 0.970703125 0.9375 0.95703125 0.794921875 0.80078125 0.810546875 0.814453125 0.953125 0.93359375 0.94140625
0 0.935546875 0.96875 0.93359375 0.94140625 0.79296875 0.955078125 0.796875 0.978515625 0.712890625 0.986328125 0.712890625 1 0.88671875 1
0 0.03125 0.904296875 0.484375 0.83984375 0.40625 0.296875 0.408203125 0.296875 0.38671875 0.0546875 0.390625 0.056640625 0.41796875 0 0 0 0 0.681640625