0 1 0.802734375 1 0.740234375 0.7265625 0.72265625 0.720703125 0.783203125
0 0.427734375 0.681640625 0.423828125 0.740234375 0.697265625 0.7578125 0.701171875 0.701171875 0.48046875 0.685546875
0 0.76953125 0.970703125 1 0.986328125 1 0.921875 0.7734375 0.90625
0 0.4140625 0.841796875 0.408203125 0.90234375 0.689453125 0.923828125 0.693359375 0.865234375 0.466796875 0.845703125
0 0.419921875 0.615234375 0.384765625 1 0.453125 1 0.462890625 0.90625 0.408203125 0.90234375 0.4140625 0.841796875 0.466796875 0.845703125 0.4765625 0.744140625 0.423828125 0.740234375 0.427734375 0.681640625 0.48046875 0.685546875 0.486328125 0.62109375
0 0.8046875 0.638671875 0.501953125 0.6171875 0.498046875 0.669921875 0.80078125 0.693359375 0.8046875 0.640625
0 0.8046875 0.640625 0.80078125 0.693359375 1 0.70703125 1 0.65234375
0 0.5625 0.060546875 0.5625 0.0703125 0.556640625 0.0703125 0.5546875 0.09765625 0.5546875 0.1015625 0.560546875 0.1015625 0.560546875 0.119140625 0.66796875 0.125 0.66796875 0.107421875 0.67578125 0.107421875 0.677734375 0.076171875 0.669921875 0.076171875 0.669921875 0.06640625
0 0.548828125 0.283203125 0.548828125 0.29296875 0.541015625 0.291015625 0.541015625 0.318359375 0.5390625 0.322265625 0.546875 0.322265625 0.544921875 0.33984375 0.65234375 0.345703125 0.654296875 0.328125 0.66015625 0.330078125 0.662109375 0.298828125 0.654296875 0.298828125 0.65625 0.2890625
0 1 0.376953125 1 0.310546875 0.732421875 0.298828125 0.728515625 0.365234375
0 0.75390625 0.015625 1 0.029296875 1 0 0.75390625 0
0 0.974609375 0.19921875 0.9765625 0.1328125 0.748046875 0.125 0.74609375 0.19140625
0 0.40234375 0.583984375 0.435546875 0.5859375 0.484375 0 0.44921875 0
0 0.51953125 0.576171875 0.77734375 0.59765625 0.783203125 0.53125 0.525390625 0.51171875
0 0.814453125 0.59765625 1 0.609375 1 0.548828125 0.818359375 0.537109375
0 0 0.943359375 0 1 0.134765625 1 0.138671875 0.953125
0 0.099609375 0.783203125 0.09765625 0.8125 0.07421875 0.810546875 0.07421875 0.828125 0.095703125 0.830078125 0.091796875 0.8984375 0.15625 0.90234375 0.1640625 0.787109375
0 0.140625 0.552734375 0.14453125 0.49609375 0.1015625 0.4921875 0.099609375 0.55078125 0.140625 0.552734375