0 0.267578125 0.0625 0.390625 0 0.244140625 0 0.23828125 0.00390625
0 0.1875 0.02734375 0 0.12109375 0 0.19921875 0.220703125 0.08984375
0 0.525390625 0.146484375 0.744140625 0.037109375 0.724609375 0 0.662109375 0 0.494140625 0.0859375
0 0.236328125 0.28515625 0.515625 0.142578125 0.486328125 0.083984375 0.205078125 0.224609375
0 0.0625 0.5234375 0.103515625 0.501953125 0.041015625 0.37890625 0 0.3984375
0 0.1953125 0.30078125 0.1640625 0.240234375 0 0.322265625 0 0.3984375 0.041015625 0.37890625
0 0.455078125 0.40234375 0.6484375 0.333984375 0.630859375 0.28125 0.435546875 0.349609375
0 0.681640625 0.322265625 0.8671875 0.2109375 0.8359375 0.158203125 0.650390625 0.271484375
0 0.1171875 0.53125 0.4296875 0.416015625 0.41015625 0.359375 0.09765625 0.474609375
0 0.9140625 0.115234375 0.947265625 0.173828125 1 0.142578125 1 0.064453125
0 0.875 0.529296875 1 0.451171875 0.94921875 0.37109375 0.82421875 0.44921875
0 0.9921875 0.73828125 1 0.732421875 1 0.634765625 0.951171875 0.662109375
0 0.818359375 0.607421875 0.603515625 0.71875 0.59765625 0.70703125 0.53515625 0.73828125 0.568359375 0.802734375 0.62890625 0.76953125 0.63671875 0.783203125 0.8515625 0.671875
0 0.869140625 1 1 1 1 0.931640625
0 0.6796875 0.986328125 0.9609375 0.83984375 0.927734375 0.7734375 0.64453125 0.919921875
0 0.595703125 0.986328125 0.5625 0.921875 0.41015625 1 0.568359375 1
0 0.47265625 0.640625 0.796875 0.517578125 0.76953125 0.447265625 0.4453125 0.5703125
0 0.1875 0.7421875 0.443359375 0.6484375 0.41796875 0.58203125 0.162109375 0.67578125
0 0.287109375 0.84375 0.23046875 0.734375 0.189453125 0.755859375 0.24609375 0.865234375
0 0.494140625 0.744140625 0.24609375 0.865234375 0.27734375 0.9296875 0.525390625 0.806640625
0 0.064453125 1 0.064453125 0.962890625 0 0.962890625 0 1 0.064453125 1