0 0.365234375 0.96875 0.353515625 1 0.46875 1
0 0.05078125 0.8828125 0.068359375 0.8203125 0 0.80078125 0 0.8671875
0 0.001953125 0.69140625 0.111328125 0.7265625 0.12890625 0.671875 0.01953125 0.63671875
0 0.072265625 0.46875 0.013671875 0.451171875 0 0.49609375 0 0.56640625 0.037109375 0.578125 0.0546875 0.51953125
0 0.19921875 0.564453125 0.21875 0.50390625 0.07421875 0.45703125 0.0546875 0.51953125
0 0.091796875 0.2578125 0.044921875 0.388671875 0.099609375 0.408203125 0.12109375 0.34765625 0.27734375 0.404296875 0.302734375 0.333984375
0 0.646484375 0.505859375 0.6640625 0.451171875 0.349609375 0.345703125 0.330078125 0.400390625
0 0.26953125 0.5390625 0.59375 0.6484375 0.609375 0.6015625 0.28515625 0.4921875
0 0.77734375 0.67578125 0.7578125 0.734375 0.822265625 0.755859375 0.841796875 0.697265625
0 0.875 0.7421875 0.900390625 0.671875 0.85546875 0.65625 0.83203125 0.7265625
0 0.783203125 0.66015625 0.63671875 0.609375 0.6171875 0.66796875 0.763671875 0.716796875 0.77734375 0.67578125
0 0.755859375 0.5 0.685546875 0.4765625 0.66796875 0.53125 0.73828125 0.5546875 0.755859375 0.501953125
0 0.810546875 0.578125 0.828125 0.525390625 0.755859375 0.501953125 0.73828125 0.5546875
0 0.83203125 0.607421875 0.892578125 0.626953125 0.921875 0.53515625 0.861328125 0.513671875
0 0.931640625 0.4765625 0.974609375 0.490234375 0.998046875 0.41015625 0.95703125 0.396484375 0.94921875 0.416015625
0 0.755859375 0.298828125 0.740234375 0.349609375 0.896484375 0.396484375 0.912109375 0.345703125
0 0.966796875 0.36328125 0.912109375 0.345703125 0.896484375 0.400390625 0.94921875 0.416015625 0.95703125 0.396484375
0 0.162109375 0.111328125 0.1484375 0.107421875 0.13671875 0.140625 0.125 0.13671875 0.09375 0.220703125 0.14453125 0.240234375 0.169921875 0.171875 0.373046875 0.248046875 0.39453125 0.189453125 0.166015625 0.10546875
0 0.39453125 0.24609375 0.693359375 0.34765625 0.708984375 0.298828125 0.41015625 0.197265625
0 0.2109375 0.689453125 0.212890625 0.697265625 0.21875 0.705078125 0.224609375 0.7109375 0.23046875 0.71484375 0.236328125 0.71875 0.2421875 0.720703125 0.25 0.720703125 0.2578125 0.720703125 0.267578125 0.716796875 0.275390625 0.7109375 0.28125 0.70703125 0.283203125 0.703125 0.28515625 0.69921875 0.287109375 0.693359375 0.2890625 0.6875 0.291015625 0.68359375 0.291015625 0.677734375 0.2890625 0.671875 0.287109375 0.6640625 0.28125 0.65625 0.27734375 0.650390625 0.26953125 0.64453125 0.263671875 0.640625 0.255859375 0.638671875 0.248046875 0.638671875 0.240234375 0.638671875 0.23046875 0.642578125 0.224609375 0.646484375 0.21875 0.650390625 0.21484375 0.658203125 0.2109375 0.662109375 0.208984375 0.671875 0.20703125 0.67578125 0.20703125 0.681640625
0 0.77734375 0.83203125 0.763671875 0.876953125 0.74609375 0.873046875 0.724609375 0.94140625 0.76953125 0.95703125 0.779296875 0.9296875 0.791015625 0.93359375 0.8203125 0.845703125
0 0.376953125 0.830078125 0.36328125 0.875 0.755859375 1 0.76953125 0.95703125 0.724609375 0.94140625
0 0.384765625 0.8046875 0.216796875 0.75 0.1953125 0.8203125 0.36328125 0.875 0.376953125 0.830078125
0 0.220703125 0.7421875 0.16796875 0.7265625 0.142578125 0.802734375 0.1953125 0.8203125 0.216796875 0.75
0 0.572265625 0.37109375 0.658203125 0.400390625 0.671875 0.35546875 0.5859375 0.326171875
0 0.126953125 1 0.28515625 1 0.287109375 0.998046875 0.123046875 0.94140625 0.10546875 0.9921875
0 0.40625 0.03515625 0.41796875 0 0.310546875 0
0 0.70703125 0.06640625 0.69140625 0.1171875 0.978515625 0.208984375 0.994140625 0.158203125
0 0.705078125 0.0703125 0.486328125 0 0.466796875 0 0.453125 0.04296875 0.69140625 0.1171875
0 0.978515625 0.033203125 0.98828125 0 0.880859375 0