0 0.337890625 0.0234375 0.447265625 0.046875 0.455078125 0.01171875 0.396484375 0 0.341796875 0
0 0.732421875 0.00390625 0.708984375 0 0.685546875 0 0.6796875 0.033203125 0.744140625 0.044921875 0.751953125 0 0.732421875 0
0 0.19921875 0.18359375 0.2421875 0.212890625 0.263671875 0.1796875 0.22265625 0.150390625
0 0.044921875 0.298828125 0.0234375 0.330078125 0.056640625 0.353515625 0.080078125 0.322265625 0.078125 0.3203125
0 0.150390625 0.146484375 0.044921875 0.298828125 0.078125 0.3203125 0.18359375 0.16796875
0 0.3125 0.4765625 0.345703125 0.42578125 0.255859375 0.36328125 0.22265625 0.4140625
0 0.1171875 0.296875 0.095703125 0.328125 0.22265625 0.4140625 0.2421875 0.3828125
0 0.3359375 0.490234375 0.3515625 0.501953125 0.439453125 0.37109375 0.42578125 0.361328125
0 0.154296875 0.609375 0.1953125 0.640625 0.3046875 0.4921875 0.263671875 0.4609375
0 0.08984375 0.6328125 0.06640625 0.662109375 0.13671875 0.71484375 0.16015625 0.685546875
0 0.17578125 0.662109375 0.150390625 0.6953125 0.1875 0.72265625 0.2109375 0.689453125
0 0.076171875 0.73046875 0.10546875 0.751953125 0.125 0.724609375 0.09765625 0.703125
0 0.6328125 0.541015625 0.677734375 0.57421875 0.701171875 0.54296875 0.65625 0.509765625
0 0.57421875 0.619140625 0.62109375 0.654296875 0.66796875 0.59375 0.62109375 0.55859375
0 0.703125 0.59375 0.751953125 0.62890625 0.76953125 0.60546875 0.720703125 0.5703125
0 0.564453125 0.494140625 0.59375 0.515625 0.609375 0.494140625 0.580078125 0.47265625
0 0.9921875 0.328125 0.986328125 0.5078125 1 0.5078125 1 0.328125
0 0.05078125 0.498046875 0.0703125 0.4609375 0.009765625 0.4296875 0 0.466796875 0.05078125 0.498046875
0 0.26953125 0.326171875 0.30078125 0.27734375 0.17578125 0.1953125 0.142578125 0.24609375 0.26953125 0.326171875
0 0.3671875 0.41015625 0.40625 0.34765625 0.302734375 0.279296875 0.26171875 0.341796875 0.3671875 0.41015625
0 0.46484375 0.568359375 0.482421875 0.54296875 0.453125 0.5234375 0.435546875 0.55078125 0.46484375 0.568359375