0 0.947265625 0.49609375 0.947265625 0.509765625 0.91796875 0.509765625 0.91796875 0.498046875 0.8984375 0.498046875 0.8984375 0.509765625 0.84765625 0.509765625 0.84765625 0.498046875 0.830078125 0.498046875 0.830078125 0.51171875 0.798828125 0.51171875 0.796875 0.5 0.783203125 0.5 0.783203125 0.51171875 0.751953125 0.51171875 0.75390625 0.55078125 0.990234375 0.548828125 0.990234375 0.5078125 0.962890625 0.509765625 0.962890625 0.49609375
0 0.65625 0.4921875 0.65625 0.505859375 0.625 0.505859375 0.625 0.498046875 0.609375 0.498046875 0.609375 0.505859375 0.556640625 0.505859375 0.556640625 0.494140625 0.5390625 0.494140625 0.5390625 0.505859375 0.5078125 0.505859375 0.5078125 0.494140625 0.490234375 0.494140625 0.490234375 0.505859375 0.4609375 0.505859375 0.4609375 0.548828125 0.701171875 0.546875 0.701171875 0.50390625 0.66796875 0.505859375 0.66796875 0.4921875
0 0.48046875 0.412109375 0.51171875 0.412109375 0.51171875 0.361328125 0.48046875 0.361328125
0 0.443359375 0.392578125 0.46875 0.392578125 0.46875 0.26953125 0.443359375 0.26953125
0 0.654296875 0.162109375 0.654296875 0.173828125 0.591796875 0.173828125 0.591796875 0.166015625 0.576171875 0.166015625 0.576171875 0.173828125 0.517578125 0.173828125 0.517578125 0.1640625 0.501953125 0.1640625 0.501953125 0.173828125 0.47265625 0.17578125 0.47265625 0.216796875 0.69921875 0.21484375 0.69921875 0.173828125 0.666015625 0.173828125 0.666015625 0.162109375
0 0.84375 0.34765625 0.86328125 0.34765625 0.86328125 0.310546875 0.841796875 0.310546875
0 0.8203125 0.37890625 0.841796875 0.37890625 0.83984375 0.365234375 0.8203125 0.3671875
0 0.892578125 0.43359375 0.921875 0.431640625 0.919921875 0.357421875 0.890625 0.357421875
0 0.884765625 0.16015625 0.884765625 0.173828125 0.80859375 0.17578125 0.80859375 0.16015625 0.791015625 0.16015625 0.791015625 0.17578125 0.74609375 0.17578125 0.74609375 0.21875 0.9375 0.216796875 0.935546875 0.173828125 0.90625 0.173828125 0.904296875 0.16015625
0 0.986328125 0.15625 0.9921875 0.236328125 1 0.236328125 1 0.154296875
0 0.9921875 0.236328125 0.994140625 0.259765625 0.998046875 0.259765625 0.998046875 0.28515625 1 0.283203125 1 0.236328125
0 0.931640625 0.443359375 0.986328125 0.443359375 0.986328125 0.255859375 0.931640625 0.255859375
0 0.7890625 0.025390625 0.787109375 0.021484375 0.783203125 0.01953125 0.78125 0.01953125 0.77734375 0.021484375 0.775390625 0.025390625 0.775390625 0.029296875 0.775390625 0.03515625 0.77734375 0.0390625 0.779296875 0.04296875 0.783203125 0.044921875 0.787109375 0.046875 0.7890625 0.044921875 0.791015625 0.041015625 0.791015625 0.037109375 0.791015625 0.03125
0 0.21484375 0.408203125 0.21484375 0.361328125 0.009765625 0.361328125 0.009765625 0.40625
0 0.19921875 0.19921875 0.197265625 0.15625 0 0.158203125 0 0.201171875
0 0.248046875 0.39453125 0.267578125 0.39453125 0.267578125 0.353515625 0.248046875 0.353515625
0 0.24609375 0.337890625 0.265625 0.337890625 0.267578125 0.314453125 0.248046875 0.314453125
0 0.263671875 0.310546875 0.263671875 0.21484375 0.2421875 0.21484375 0.2421875 0.310546875
0 0.240234375 0.61328125 0.26171875 0.615234375 0.267578125 0.53125 0.24609375 0.53125
0 0.189453125 0.580078125 0.189453125 0.53125 0 0.529296875 0 0.578125
0 0.18359375 0.5234375 0.18359375 0.515625 0.158203125 0.517578125 0.16015625 0.5234375
0 0.025390625 0.69921875 0.025390625 0.65625 0 0.65625 0 0.69921875
0 0.212890625 0.703125 0.212890625 0.6640625 0.0390625 0.662109375 0.037109375 0.69921875
0 0.044921875 0.767578125 0.208984375 0.76953125 0.208984375 0.732421875 0.044921875 0.73046875
0 0.228515625 0.744140625 0.251953125 0.744140625 0.251953125 0.716796875 0.228515625 0.716796875
0 0.0234375 0.76953125 0.0234375 0.732421875 0 0.732421875 0 0.76953125
0 0.154296875 0.83984375 0.154296875 0.806640625 0 0.806640625 0 0.83984375