0 0.05078125 0.537109375 0.048828125 0.470703125 0 0.47265625 0 0.5390625
0 0.05078125 0.400390625 0.048828125 0.349609375 0 0.3515625 0 0.40234375
0 0.28125 0.201171875 0.337890625 0.197265625 0.328125 0 0.2734375 0
0 0.279296875 0.134765625 0.05859375 0.14453125 0.0625 0.201171875 0.28125 0.19140625
0 0.2734375 0 0.017578125 0 0.01953125 0.052734375 0.275390625 0.04296875
0 0.02734375 0.658203125 0.025390625 0.5859375 0 0.5859375 0 0.658203125
0 0.568359375 0.166015625 0.9140625 0.15234375 0.912109375 0.103515625 0.56640625 0.1171875
0 1 0.34375 1 0.21484375 0.525390625 0.236328125 0.53125 0.36328125
0 0.962890625 0.06640625 0.96484375 0.123046875 1 0.12109375 1 0.064453125
0 0.822265625 0.451171875 0.8203125 0.376953125 0.630859375 0.384765625 0.634765625 0.458984375 0.73828125 0.455078125
0 0.822265625 0.451171875 0.73828125 0.455078125 0.7421875 0.544921875 0.826171875 0.541015625
0 0.7421875 0.537109375 0.73828125 0.466796875 0.533203125 0.4765625 0.53515625 0.544921875 0.640625 0.541015625
0 0.794921875 0.630859375 0.79296875 0.58984375 0.642578125 0.595703125 0.64453125 0.63671875
0 0.640625 0.541015625 0.51953125 0.546875 0.5234375 0.640625 0.64453125 0.63671875
0 0.896484375 0.376953125 0.90625 0.60546875 1 0.599609375 1 0.373046875
0 0.025390625 0.87890625 0.021484375 0.822265625 0 0.822265625 0 0.87890625
0 0.185546875 0.806640625 0.05859375 0.8125 0.060546875 0.8828125 0.1875 0.876953125 0.1875 0.8671875
0 0.41015625 0.986328125 0.408203125 0.9140625 0.23828125 0.919921875 0.240234375 0.9921875 0.35546875 0.98828125
0 0.16015625 0.9765625 0 0.982421875 0 1 0.16015625 1
0 0.3515625 0.8203125 0.291015625 0.802734375 0.185546875 0.806640625 0.1875 0.8671875 0.294921875 0.861328125 0.326171875 0.87109375 0.33984375 0.888671875 0.33984375 0.88671875 0.341796875 0.916015625 0.380859375 0.9140625 0.37890625 0.859375 0.376953125 0.859375 0.37890625 0.857421875
0 0.861328125 0.84375 0.859375 0.76953125 0.708984375 0.77734375 0.7109375 0.849609375 0.818359375 0.84375
0 0.70703125 0.89453125 0.564453125 0.900390625 0.56640625 0.96484375 0.708984375 0.958984375
0 0.921875 0.765625 0.923828125 0.826171875 1 0.822265625 1 0.76171875
0 0.921875 0.767578125 0.859375 0.76953125 0.861328125 0.828125 0.923828125 0.826171875
0 0.640625 0.896484375 0.63671875 0.83984375 0.7109375 0.8359375 0.708984375 0.77734375 0.603515625 0.78125 0.5625 0.83984375 0.564453125 0.900390625 0.5859375 0.900390625
0 1 0.994140625 1 0.93359375 0.787109375 0.943359375 0.7890625 1 0.873046875 1 0.916015625 0.998046875
0 0.513671875 0.185546875 0.552734375 0.185546875 0.544921875 0 0.505859375 0
0 0.083984375 0.630859375 0.26171875 0.623046875 0.259765625 0.55859375 0.08203125 0.56640625
0 0.66015625 0.9609375 0.56640625 0.96484375 0.56640625 1 0.66015625 1
0 0.298828125 0.298828125 0.298828125 0.3359375 0.201171875 0.33984375 0.201171875 0.302734375 0.09765625 0.306640625 0.103515625 0.46875 0.15234375 0.466796875 0.150390625 0.421875 0.35546875 0.4140625 0.3515625 0.296875
0 0.251953125 0.26171875 0.25 0.22265625 0.193359375 0.224609375 0.1953125 0.265625 0.251953125 0.26171875
0 0.51953125 0.4140625 0.51171875 0.318359375 0.470703125 0.322265625 0.48046875 0.41796875 0.51953125 0.4140625
0 0.0546875 0.23046875 0.052734375 0.19921875 0.009765625 0.201171875 0.009765625 0.23046875 0.0546875 0.23046875