0 0.46875 0.359375 0.609375 0.326171875 0.6015625 0.29296875 0.4609375 0.326171875
0 0.513671875 0.697265625 0.4453125 0.380859375 0.41015625 0.388671875 0.48046875 0.703125 0.490234375 0.701171875
0 0.50390625 0.5078125 0.537109375 0.5 0.509765625 0.361328125 0.4765625 0.3671875
0 0.609375 0.484375 0.640625 0.478515625 0.609375 0.337890625 0.578125 0.34375
0 0.654296875 0.474609375 0.68359375 0.46875 0.64453125 0.291015625 0.615234375 0.298828125
0 0.712890625 0.4609375 0.73828125 0.455078125 0.701171875 0.27734375 0.673828125 0.283203125
0 0.755859375 0.455078125 0.779296875 0.451171875 0.736328125 0.267578125 0.712890625 0.2734375
0 0.849609375 0.4296875 0.802734375 0.25 0.771484375 0.2578125 0.818359375 0.4375 0.84765625 0.4296875
0 0.701171875 0.69921875 0.724609375 0.693359375 0.68359375 0.498046875 0.66015625 0.501953125
0 0.8671875 0.662109375 0.900390625 0.654296875 0.861328125 0.494140625 0.828125 0.501953125
0 0.681640625 0.67578125 0.67578125 0.642578125 0.587890625 0.66015625 0.59375 0.693359375 0.681640625 0.67578125