0 0.40625 0.802734375 0.41015625 0.740234375 0.109375 0.71875 0.103515625 0.783203125
0 0.3828125 0.958984375 0.38671875 0.8984375 0 0.873046875 0 0.931640625
0 0.923828125 0.423828125 0.927734375 0.36328125 0.74609375 0.3515625 0.7421875 0.412109375
0 0.462890625 0.7265625 0.634765625 0.73828125 0.638671875 0.677734375 0.466796875 0.666015625
0 0.71484375 0.58984375 0.970703125 0.607421875 0.974609375 0.552734375 0.71875 0.53515625
0 0.978515625 0.765625 0.982421875 0.705078125 0.85546875 0.697265625 0.849609375 0.755859375
0 0.43359375 0.90234375 0.791015625 0.92578125 0.796875 0.865234375 0.4375 0.841796875
0 0.978515625 0.341796875 0.974609375 0.396484375 1 0.396484375 1 0.341796875
0 0.421875 0.490234375 0.59765625 0.4375 0.580078125 0.380859375 0.40625 0.43359375
0 0.734375 0.18359375 0.90625 0.1328125 0.888671875 0.076171875 0.71875 0.126953125
0 0.26953125 0.640625 0.447265625 0.58984375 0.4296875 0.53515625 0.25390625 0.587890625
0 0.578125 0.34375 0.755859375 0.29296875 0.73828125 0.234375 0.560546875 0.28515625
0 0.880859375 0.037109375 1 0.001953125 1 0 0.869140625 0
0 0.5234375 0.578125 0.541015625 0.578125 0.55859375 0.576171875 0.57421875 0.57421875 0.591796875 0.568359375 0.607421875 0.560546875 0.623046875 0.55078125 0.63671875 0.541015625 0.666015625 0.53125 0.650390625 0.48046875 0.505859375 0.52734375
0 0.875 0.275390625 0.91796875 0.279296875 0.921875 0.21484375 0.880859375 0.2109375
0 0.998046875 0.265625 1 0.185546875 0.970703125 0.185546875 0.970703125 0.265625 0.998046875 0.265625