0 0.884765625 0.66015625 0.884765625 0.6484375 0.84375 0.64453125 0.84375 0.65625
0 0.7890625 0.63671875 0.75390625 0.6328125 0.75390625 0.646484375 0.787109375 0.650390625 0.7890625 0.638671875
0 0.7890625 0.638671875 0.787109375 0.650390625 0.826171875 0.654296875 0.826171875 0.640625
0 0.73046875 0.6796875 0.7265625 0.720703125 0.7421875 0.72265625 0.74609375 0.681640625
0 0.740234375 0.728515625 0.72265625 0.7265625 0.720703125 0.751953125 0.73828125 0.75390625
0 0.90234375 0.54296875 0.921875 0.541015625 0.921875 0.5234375 0.90234375 0.525390625
0 0.955078125 0.49609375 0.9765625 0.49609375 0.9765625 0.48046875 0.95703125 0.48046875
0 0.77734375 0.478515625 0.89453125 0.490234375 0.896484375 0.46875 0.779296875 0.45703125
0 0.9375 0.4921875 0.9375 0.4765625 0.92578125 0.474609375 0.923828125 0.490234375
0 0.90625 0.48046875 0.90625 0.48828125 0.923828125 0.490234375 0.92578125 0.482421875
0 0.89453125 0.345703125 0.896484375 0.330078125 0.8515625 0.32421875 0.849609375 0.341796875
0 0.81640625 0.337890625 0.80859375 0.396484375 0.939453125 0.412109375 0.9453125 0.3515625
0 0.65625 0.470703125 0.693359375 0.474609375 0.6953125 0.466796875 0.65625 0.462890625
0 0.5078125 0.361328125 0.498046875 0.447265625 0.7109375 0.46875 0.71875 0.3828125
0 0.7109375 0.275390625 0.71484375 0.2421875 0.681640625 0.23828125 0.677734375 0.26953125
0 0.603515625 0.26171875 0.59765625 0.30859375 0.671875 0.31640625 0.677734375 0.26953125
0 0.677734375 0.26953125 0.671875 0.322265625 0.728515625 0.330078125 0.732421875 0.30078125 0.724609375 0.30078125 0.724609375 0.291015625 0.716796875 0.291015625 0.71875 0.275390625 0.7109375 0.275390625
0 0.490234375 0.25 0.525390625 0.25390625 0.529296875 0.208984375 0.494140625 0.205078125
0 0.736328125 0.669921875 0.7421875 0.63671875 0.638671875 0.62109375 0.634765625 0.65625 0.736328125 0.669921875
0 0.72265625 0.72265625 0.724609375 0.6875 0.68359375 0.681640625 0.6796875 0.71875 0.72265625 0.72265625