0 0.919921875 0.01171875 0.9140625 0.029296875 0.896484375 0.025390625 0.88671875 0.06640625 0.875 0.0625 0.87109375 0.083984375 0.880859375 0.0859375 0.869140625 0.1328125 0.861328125 0.130859375 0.857421875 0.142578125 0.865234375 0.14453125 0.861328125 0.162109375 0.9140625 0.17578125 0.9375 0.0859375 1 0.1015625 1 0.03125 0.982421875 0.02734375 0.98046875 0.0390625 0.9609375 0.03515625 0.96484375 0.0234375
0 0.857421875 0.197265625 0.845703125 0.2421875 0.8671875 0.248046875 0.86328125 0.263671875 0.904296875 0.2734375 0.908203125 0.2578125 0.919921875 0.26171875 0.916015625 0.275390625 0.95703125 0.287109375 0.9609375 0.271484375 0.974609375 0.275390625 0.970703125 0.291015625 1 0.296875 1 0.234375
0 0.888671875 0.359375 0.806640625 0.33984375 0.794921875 0.390625 0.822265625 0.396484375 0.8203125 0.40625 0.833984375 0.41015625 0.8359375 0.400390625 0.875 0.41015625 0.87109375 0.419921875 0.888671875 0.423828125 0.890625 0.412109375 0.935546875 0.421875 0.931640625 0.43359375 0.955078125 0.439453125 0.95703125 0.42578125 0.99609375 0.435546875 0.994140625 0.447265625 1 0.447265625 1 0.3828125
0 0.953125 0.884765625 0.951171875 0.89453125 0.96484375 0.8984375 0.966796875 0.88671875 1 0.89453125 1 0.841796875 0.939453125 0.830078125 0.927734375 0.87890625
0 0.76171875 0.484375 0.751953125 0.533203125 0.77734375 0.5390625 0.775390625 0.55078125 0.791015625 0.5546875 0.79296875 0.54296875 0.837890625 0.552734375 0.833984375 0.564453125 0.857421875 0.5703125 0.859375 0.556640625 0.900390625 0.56640625 0.896484375 0.578125 0.91796875 0.583984375 0.921875 0.5703125 0.939453125 0.576171875 0.951171875 0.525390625
0 0.70703125 0.779296875 0.697265625 0.828125 0.72265625 0.833984375 0.720703125 0.845703125 0.736328125 0.849609375 0.73828125 0.837890625 0.783203125 0.84765625 0.779296875 0.859375 0.802734375 0.865234375 0.8046875 0.8515625 0.845703125 0.861328125 0.841796875 0.873046875 0.86328125 0.87890625 0.8671875 0.865234375 0.884765625 0.869140625 0.896484375 0.8203125
0 0.732421875 0.6328125 0.72265625 0.681640625 0.748046875 0.6875 0.74609375 0.69921875 0.76171875 0.703125 0.763671875 0.69140625 0.80859375 0.701171875 0.8046875 0.712890625 0.828125 0.71875 0.830078125 0.70703125 0.87109375 0.71484375 0.8671875 0.7265625 0.888671875 0.732421875 0.892578125 0.720703125 0.91015625 0.724609375 0.921875 0.67578125
0 0.990234375 0.73828125 0.98828125 0.75 1 0.75 1 0.6875 0.9765625 0.68359375 0.962890625 0.732421875
0 0.921875 0.923828125 0.9140625 0.955078125 1 0.974609375 1 0.94140625
0 0.76953125 0.345703125 0.6328125 0.90234375 0.654296875 0.908203125 0.791015625 0.3515625
0 0.80078125 0.958984375 0.765625 0.9921875 0.7734375 1 0.837890625 1
0 0.763671875 0.9375 0.71484375 0.890625 0.6796875 0.92578125 0.728515625 0.97265625
0 0.599609375 0.287109375 0.458984375 0.251953125 0.375 0.587890625 0.517578125 0.623046875
0 0.294921875 0.1953125 0.208984375 0.54296875 0.2734375 0.55859375 0.359375 0.2109375
0 0.1015625 0.375 0.048828125 0.5859375 0.150390625 0.611328125 0.203125 0.3984375
0 0.154296875 0.162109375 0.1015625 0.375 0.203125 0.3984375 0.25390625 0.1875
0 0.169921875 0.533203125 0.15625 0.58984375 0.216796875 0.60546875 0.23046875 0.548828125
0 0 0.123046875 0 0.48828125 0.01953125 0.494140625 0.10546875 0.150390625
0 0.455078125 0.1328125 0.486328125 0 0.447265625 0 0.416015625 0.123046875 0.455078125 0.1328125
0 0.998046875 0.576171875 1 0.513671875 0.97265625 0.513671875 0.97265625 0.576171875 0.998046875 0.576171875
0 0.47265625 0.736328125 0.5 0.6328125 0.34765625 0.591796875 0.318359375 0.6953125 0.47265625 0.736328125