0 0.130859375 0.154296875 0.115234375 0.12890625 0.01171875 0.201171875 0.029296875 0.2265625
0 0.01171875 0.201171875 0 0.208984375 0 0.2578125 0.03515625 0.234375
0 0.076171875 0.26953125 0.162109375 0.205078125 0.142578125 0.177734375 0.056640625 0.2421875
0 0.12890625 0.330078125 0.23828125 0.248046875 0.21484375 0.21875 0.10546875 0.30078125
0 0.26953125 0.08203125 0.24609375 0.048828125 0.146484375 0.12109375 0.169921875 0.15234375
0 0.3125 0.13671875 0.283203125 0.095703125 0.177734375 0.169921875 0.20703125 0.2109375
0 0.015625 0.123046875 0 0.1015625 0 0.134765625
0 0.0234375 0.115234375 0.142578125 0.033203125 0.123046875 0.0078125 0.005859375 0.08984375
0 0.98828125 0.962890625 0.916015625 1 1 1 1 0.986328125
0 0.9375 0.951171875 0.927734375 0.955078125 0.92578125 0.978515625 0.93359375 0.9921875 0.953125 0.982421875
0 0.7265625 0.658203125 0.7265625 0.630859375 0.693359375 0.62890625 0.693359375 0.658203125
0 0.693359375 0.658203125 0.693359375 0.685546875 0.73828125 0.6875 0.73828125 0.658203125
0 0.93359375 0.794921875 0.951171875 0.826171875 1 0.796875 1 0.75390625
0 0.95703125 0.052734375 1 0.03515625 1 0.0234375 0.953125 0.0390625
0 0.98828125 0.064453125 0.951171875 0.076171875 0.958984375 0.09765625 0.99609375 0.0859375 0.994140625 0.080078125
0 0.986328125 0.052734375 0.994140625 0.080078125 1 0.078125 1 0.046875
0 0.55078125 0.03515625 0.5546875 0.04296875 0.654296875 0 0.525390625 0
0 0.7421875 0.55859375 0.701171875 0.505859375 0.669921875 0.529296875 0.7109375 0.58203125 0.7421875 0.55859375
0 1 0.67578125 0.998046875 0.57421875 0.9453125 0.580078125 0.95703125 0.681640625 1 0.67578125