0 0.255859375 0.046875 0.2421875 0 0.19921875 0 0.021484375 0.052734375 0.0390625 0.111328125 0.23046875 0.0546875
0 0.041015625 0.498046875 0.0234375 0.44140625 0 0.447265625 0 0.509765625
0 0.361328125 0.419921875 0.341796875 0.35546875 0.125 0.419921875 0.14453125 0.484375 0.33984375 0.42578125
0 0.3046875 0.23828125 0.287109375 0.1796875 0.072265625 0.244140625 0.08984375 0.302734375 0.287109375 0.244140625
0 0.41015625 0.583984375 0.392578125 0.5234375 0.06640625 0.62109375 0.083984375 0.681640625 0.392578125 0.58984375
0 0.2265625 0.783203125 0.05859375 0.833984375 0.078125 0.900390625 0.24609375 0.849609375
0 0.390625 0.78515625 0.373046875 0.7265625 0.22265625 0.771484375 0.240234375 0.830078125
0 0.43359375 0.7265625 0.392578125 0.58984375 0.341796875 0.60546875 0.376953125 0.724609375 0.373046875 0.7265625 0.390625 0.78515625 0.240234375 0.830078125 0.24609375 0.849609375 0.390625 0.806640625
0 0.359375 0.474609375 0.306640625 0.490234375 0.322265625 0.544921875 0.375 0.529296875
0 0.33984375 0.42578125 0.283203125 0.443359375 0.291015625 0.46484375 0.34765625 0.447265625
0 0.287109375 0.244140625 0.228515625 0.259765625 0.265625 0.37890625 0.322265625 0.361328125
0 0.23046875 0.0546875 0.17578125 0.0703125 0.181640625 0.091796875 0.236328125 0.07421875
0 0.84375 0.5625 0.625 0.62890625 0.650390625 0.712890625 0.869140625 0.6484375 0.8671875 0.638671875
0 0.93359375 0.619140625 0.849609375 0.3359375 0.783203125 0.35546875 0.8671875 0.638671875
0 0.849609375 0.3359375 0.830078125 0.267578125 0.4609375 0.376953125 0.501953125 0.513671875 0.533203125 0.50390625 0.58203125 0.669921875 0.63671875 0.70703125 0.646484375 0.705078125 0.625 0.62890625 0.84375 0.5625 0.783203125 0.35546875
0 0.521484375 0.025390625 0.4453125 0.046875 0.443359375 0.0390625 0.4375 0.021484375 0.416015625 0.02734375 0.421875 0.044921875 0.375 0.05859375 0.392578125 0.1171875 0.580078125 0.060546875 0.5625 0.001953125 0.537109375 0.009765625 0.533203125 0 0.513671875 0
0 0.556640625 0.150390625 0.564453125 0.17578125 0.48828125 0.19921875 0.486328125 0.189453125 0.48046875 0.171875 0.458984375 0.177734375 0.46484375 0.1953125 0.41796875 0.208984375 0.435546875 0.267578125 0.623046875 0.212890625 0.60546875 0.154296875 0.580078125 0.162109375 0.57421875 0.14453125
0 0.76171875 0.1171875 0.73828125 0.125 0.736328125 0.11328125 0.716796875 0.119140625 0.71875 0.130859375 0.703125 0.134765625 0.705078125 0.14453125 0.6796875 0.15234375 0.6953125 0.19921875 0.787109375 0.171875 0.7734375 0.123046875 0.763671875 0.126953125
0 0.701171875 0 0.62890625 0 0.634765625 0.01953125 0.689453125 0.00390625
0 0.720703125 0.109375 0.724609375 0.1171875 0.736328125 0.11328125 0.73828125 0.125 0.76171875 0.1171875 0.763671875 0.126953125 0.779296875 0.12109375 0.7421875 0 0.701171875 0 0.689453125 0.00390625
0 1 0.998046875 0.998046875 0.8984375 0.73046875 0.90234375 0.732421875 1 1 0.998046875