0 0 0.310546875 0 0.48046875 0.119140625 0.486328125 0.126953125 0.31640625
0 0.294921875 0.72265625 0.298828125 0.6484375 0.12109375 0.640625 0.12109375 0.64453125 0.1171875 0.716796875
0 0.005859375 1 0.265625 1 0.267578125 0.98828125 0.0078125 0.978515625
0 0.669921875 0.078125 0.728515625 0.080078125 0.728515625 0.0546875 0.671875 0.052734375
0 0.7265625 0.244140625 0.7734375 0.24609375 0.775390625 0.177734375 0.728515625 0.17578125
0 0.447265625 1 0.515625 1 0.521484375 0.857421875 0.451171875 0.85546875
0 0.4609375 0.736328125 0.509765625 0.73828125 0.51171875 0.693359375 0.462890625 0.69140625
0 0.283203125 0.490234375 0.2890625 0.3203125 0.22265625 0.318359375 0.21875 0.48828125
0 0.126953125 0.31640625 0.119140625 0.486328125 0.21875 0.48828125 0.22265625 0.318359375
0 0.310546875 0 0.23828125 0 0.236328125 0.1015625 0.30859375 0.103515625
0 0 0.638671875 0 0.7109375 0.1171875 0.716796875 0.12109375 0.64453125
0 0.212890625 0.138671875 0.208984375 0.275390625 0.3046875 0.279296875 0.30859375 0.140625
0 0.076171875 0.17578125 0.072265625 0.275390625 0.119140625 0.27734375 0.12109375 0.177734375
0 0.041015625 0.173828125 0.2109375 0.1796875 0.21484375 0 0.044921875 0
0 0.12109375 0.177734375 0.119140625 0.2734375 0.208984375 0.275390625 0.2109375 0.1796875
0 0 0.08203125 0 0.13671875 0.037109375 0.138671875 0.0390625 0.083984375
0 0 0.13671875 0 0.185546875 0.03515625 0.185546875 0.037109375 0.138671875
0 0 0.8515625 0 0.9375 0.0390625 0.939453125 0.041015625 0.853515625
0 0.072265625 0.875 0.0703125 0.94140625 0.091796875 0.94140625 0.095703125 0.876953125 0.076171875 0.875
0 0.076171875 0.83984375 0.076171875 0.875 0.275390625 0.8828125 0.275390625 0.84765625
0 0.041015625 0.88671875 0.0390625 0.939453125 0.0703125 0.94140625 0.072265625 0.888671875
0 0.212890625 0.1015625 0.212890625 0.138671875 0.30859375 0.140625 0.30859375 0.103515625 0.236328125 0.1015625
0 0.720703125 0.1875 0.71875 0.125 0.6484375 0.125 0.6484375 0.189453125 0.720703125 0.1875
0 0.419921875 0.734375 0.421875 0.681640625 0.396484375 0.681640625 0.39453125 0.732421875 0.419921875 0.734375