0 0.3671875 0.87109375 0.419921875 0.826171875 0.39453125 0.796875 0.341796875 0.83984375
0 0.26953125 0.87890625 0.302734375 0.91015625 0.345703125 0.86328125 0.314453125 0.83203125
0 0.2421875 0.908203125 0.255859375 0.93359375 0.259765625 0.931640625 0.271484375 0.955078125 0.29296875 0.943359375 0.267578125 0.89453125
0 0.212890625 0.970703125 0.24609375 1 0.25390625 1 0.2734375 0.978515625 0.2578125 0.966796875 0.251953125 0.97265625 0.2265625 0.953125
0 0.177734375 1 0.216796875 1 0.224609375 0.994140625 0.203125 0.97265625 0.17578125 0.998046875
0 0.37890625 0.96875 0.33984375 0.990234375 0.34375 1 0.396484375 1
0 0.416015625 0.947265625 0.37890625 0.96875 0.396484375 1 0.41015625 1 0.4375 0.984375
0 0.95703125 0.435546875 0.98828125 0.47265625 1 0.462890625 1 0.423828125 0.986328125 0.41015625
0 0.875 0.345703125 0.841796875 0.375 0.8828125 0.421875 0.91796875 0.392578125
0 0.91796875 0.392578125 0.8828125 0.421875 0.921875 0.466796875 0.95703125 0.435546875
0 0.978515625 0.3359375 0.947265625 0.3671875 0.962890625 0.3828125 0.994140625 0.3515625
0 0.962890625 0.3828125 0.95703125 0.376953125 0.927734375 0.404296875 0.95703125 0.435546875 0.986328125 0.41015625
0 0.947265625 0.3671875 0.947265625 0.365234375 0.939453125 0.357421875 0.91015625 0.3828125 0.927734375 0.404296875 0.95703125 0.376953125
0 0.9375 0.29296875 0.90625 0.32421875 0.947265625 0.365234375 0.978515625 0.3359375
0 0.990234375 0.291015625 0.962890625 0.318359375 0.994140625 0.3515625 1 0.345703125 1 0.30078125
0 1 0.26953125 0.984375 0.251953125 0.96875 0.265625 0.986328125 0.28515625
0 0.931640625 0.2578125 0.953125 0.27734375 0.96875 0.259765625 0.947265625 0.240234375
0 0.96484375 0.265625 0.9375 0.29296875 0.962890625 0.318359375 0.990234375 0.291015625
0 0.986328125 0.28515625 1 0.298828125 1 0.26953125
0 0.966796875 0.220703125 0.986328125 0.244140625 1 0.232421875 1 0.2109375 0.990234375 0.201171875
0 0.703125 0.4453125 0.65625 0.384765625 0.623046875 0.41015625 0.66796875 0.470703125
0 0.3359375 0.998046875 0.328125 0.96484375 0.28125 0.9765625 0.2890625 1
0 0.52734375 0.923828125 0.5078125 0.89453125 0.4765625 0.91796875 0.498046875 0.9453125
0 0.548828125 0.953125 0.525390625 0.92578125 0.478515625 0.962890625 0.5 0.990234375