0 0.009765625 0.9140625 0.056640625 0.91015625 0.052734375 0.87109375 0.005859375 0.875 0.009765625 0.90234375
0 0.01171875 0.974609375 0.009765625 0.951171875 0 0.951171875 0 0.974609375
0 0.01171875 0.974609375 0 0.974609375 0 1 0.015625 1
0 0.056640625 0.958984375 0.01171875 0.962890625 0.01171875 0.974609375 0.015625 1 0.060546875 0.99609375
0 0.361328125 0.03125 0.400390625 0.03515625 0.404296875 0 0.365234375 0
0 0.40234375 0.025390625 0.443359375 0.03125 0.447265625 0 0.404296875 0
0 0.87890625 0.873046875 0.884765625 0.8203125 0.845703125 0.81640625 0.83984375 0.869140625 0.87890625 0.873046875
0 0.951171875 0.80078125 0.95703125 0.76953125 0.923828125 0.763671875 0.91796875 0.794921875 0.951171875 0.80078125
0 0.8828125 0.9140625 0.888671875 0.87890625 0.84765625 0.873046875 0.841796875 0.91015625 0.8828125 0.9140625
0 0.8984375 0.64453125 0.91015625 0.61328125 0.869140625 0.59765625 0.857421875 0.62890625 0.8984375 0.64453125
0 0.806640625 0.625 0.82421875 0.591796875 0.7890625 0.57421875 0.771484375 0.607421875 0.806640625 0.625