0 0.76953125 0.39453125 0.916015625 0.44921875 0.94140625 0.380859375 0.794921875 0.326171875
0 0.939453125 0.458984375 1 0.48046875 1 0.41015625 0.96484375 0.3984375
0 0.87890625 0.638671875 0.85546875 0.701171875 1 0.75390625 1 0.68359375
0 0.857421875 0.642578125 0.84375 0.677734375 0.861328125 0.68359375 0.875 0.6484375
0 0.548828125 0.6484375 0.599609375 0.66796875 0.625 0.60546875 0.57421875 0.5859375
0 0.564453125 0.462890625 0.541015625 0.5234375 0.591796875 0.54296875 0.615234375 0.482421875
0 0.615234375 0.482421875 0.59375 0.541015625 0.833984375 0.630859375 0.85546875 0.572265625
0 0.603515625 0.720703125 0.7109375 0.76171875 0.720703125 0.732421875 0.615234375 0.693359375
0 0.521484375 0.841796875 0.9296875 1 1 1 1 0.951171875 0.546875 0.779296875
0 0.173828125 0.41796875 0.236328125 0.298828125 0.16015625 0.2578125 0.078125 0.412109375 0.201171875 0.4765625 0.21875 0.44140625
0 0.103515625 0.423828125 0 0.634765625 0 0.81640625 0.015625 0.826171875 0.201171875 0.4765625
0 0.380859375 0 0.271484375 0 0.1796875 0.197265625 0.283203125 0.24609375 0.31640625 0.17578125 0.3359375 0.185546875 0.396484375 0.05859375
0 0.96875 0.044921875 0.990234375 0 0.87109375 0
0 0.693359375 1 0.693359375 0.94921875 0.509765625 0.94921875 0.509765625 1 0.693359375 1
0 0.701171875 0.3046875 0.712890625 0.267578125 0.654296875 0.248046875 0.642578125 0.28515625 0.701171875 0.3046875
0 0.193359375 0.9375 0.23046875 0.861328125 0.173828125 0.8359375 0.138671875 0.912109375 0.193359375 0.9375