0 0.013671875 0.3671875 0.01953125 0.33984375 0.02734375 0.341796875 0.033203125 0.314453125 0.025390625 0.3125 0.03125 0.29296875 0 0.28515625 0 0.36328125
0 0.240234375 0.095703125 0.236328125 0.109375 0.2265625 0.107421875 0.21875 0.142578125 0.228515625 0.14453125 0.22265625 0.169921875 0.35546875 0.201171875 0.361328125 0.177734375 0.3671875 0.177734375 0.376953125 0.14453125 0.37109375 0.142578125 0.373046875 0.12890625 0.3359375 0.119140625 0.333984375 0.130859375 0.28125 0.119140625 0.28515625 0.107421875
0 0.125 0.267578125 0.140625 0.328125 0.22265625 0.30859375 0.220703125 0.298828125 0.259765625 0.2890625 0.26171875 0.298828125 0.294921875 0.2890625 0.28125 0.228515625
0 0.525390625 0.544921875 0.513671875 0.4921875 0.490234375 0.498046875 0.484375 0.47265625 0.462890625 0.4765625 0.46875 0.501953125 0.427734375 0.51171875 0.421875 0.486328125 0.392578125 0.4921875 0.3984375 0.517578125 0.375 0.5234375 0.369140625 0.498046875 0.34375 0.50390625 0.34765625 0.529296875 0.306640625 0.5390625 0.318359375 0.58984375 0.51171875 0.546875
0 0.48828125 0.880859375 0.478515625 0.853515625 0.44140625 0.86328125 0.44921875 0.892578125 0.416015625 0.90234375 0.431640625 0.955078125 0.6328125 0.896484375 0.6171875 0.84375 0.60546875 0.84765625 0.59765625 0.8203125 0.55859375 0.830078125 0.568359375 0.859375 0.537109375 0.8671875 0.52734375 0.83984375 0.498046875 0.84765625 0.505859375 0.876953125 0.498046875 0.87890625
0 0.51171875 0.546875 0.41015625 0.5703125 0.498046875 0.87890625 0.505859375 0.876953125 0.498046875 0.84765625 0.52734375 0.83984375 0.537109375 0.8671875 0.568359375 0.859375 0.55859375 0.830078125 0.58984375 0.822265625
0 0.80078125 0.43359375 0.955078125 0.38671875 0.935546875 0.32421875 0.783203125 0.37109375
0 0.884765625 0.77734375 0.90234375 0.83984375 1 0.80859375 1 0.7421875
0 0.990234375 0.53515625 1 0.50390625 1 0.375 0.96484375 0.384765625 0.97265625 0.408203125 0.93359375 0.529296875 0.970703125 0.650390625 1 0.681640625 1 0.56640625
0 0.93359375 0.990234375 1 0.96875 1 0.880859375 0.91015625 0.91015625
0 0.76953125 0.123046875 0.814453125 0 0.783203125 0 0.7421875 0.11328125
0 0.91015625 0.013671875 0.94140625 0.005859375 0.939453125 0 0.904296875 0
0 0.9453125 0.115234375 0.9765625 0.107421875 0.94921875 0.015625 0.91796875 0.025390625
0 0.923828125 0.12109375 0.88671875 0.005859375 0.85546875 0.015625 0.890625 0.130859375
0 0.765625 0.158203125 0.859375 0.12890625 0.8515625 0.1015625 0.755859375 0.130859375
0 0.87109375 0.171875 0.861328125 0.138671875 0.767578125 0.16796875 0.77734375 0.19921875
0 0.94921875 0.173828125 0.931640625 0.12890625 0.89453125 0.14453125 0.9140625 0.189453125 0.94921875 0.173828125
0 0.02734375 0.98828125 0.029296875 0.91796875 0 0.91796875 0 0.98828125 0.02734375 0.98828125