0 0 0.958984375 0.16796875 0.958984375 0.16796875 0.904296875 0 0.904296875
0 0.1953125 0.87109375 0.228515625 0.87109375 0.228515625 0.818359375 0.1953125 0.818359375
0 0.1953125 0.81640625 0.03515625 0.81640625 0.03515625 0.87109375 0.1953125 0.87109375 0.1953125 0.818359375
0 0.20703125 0.96875 0.232421875 0.96875 0.232421875 0.916015625 0.20703125 0.916015625
0 0.630859375 0.685546875 0.630859375 0.607421875 0.498046875 0.607421875 0.498046875 0.685546875
0 0.80078125 0.81640625 0.80078125 0.755859375 0.484375 0.755859375 0.484375 0.81640625
0 0.48828125 0.939453125 0.75 0.939453125 0.75 0.884765625 0.48828125 0.884765625
0 0.859375 0.087890625 0.859375 0 0.79296875 0 0.79296875 0.087890625
0 1 0.185546875 1 0.087890625 0.79296875 0.087890625 0.79296875 0.1328125 0.779296875 0.1328125 0.779296875 0.185546875 0.79296875 0.185546875
0 0.85546875 0.302734375 0.865234375 0.30078125 0.869140625 0.30078125 0.876953125 0.296875 0.880859375 0.29296875 0.88671875 0.28515625 0.890625 0.279296875 0.892578125 0.26953125 0.892578125 0.265625 1 0.265625 1 0.21484375 0.798828125 0.21484375 0.798828125 0.3671875 0.85546875 0.3671875
0 0.982421875 0.3359375 1 0.3359375 1 0.30859375 0.982421875 0.30859375
0 0.744140625 0.00390625 0.390625 0.00390625 0.390625 0.26953125 0.744140625 0.26953125
0 0.744140625 0 0.583984375 0 0.583984375 0.00390625 0.744140625 0.00390625
0 0.390625 0.361328125 0.525390625 0.361328125 0.525390625 0.26953125 0.390625 0.26953125
0 0.607421875 0.373046875 0.748046875 0.373046875 0.748046875 0.318359375 0.607421875 0.318359375
0 0.09127654440154437 0.3009169884169884 0.09052244208494209 0.09052244208494206 0 0.08721193291505791 0 0.3040088079150578
0 0.216796875 0.068359375 0.169921875 0.068359375 0.169921875 0.287109375 0.158203125 0.287109375 0.158203125 0.34375 0.1875 0.34375 0.20703125 0.359375 0.20703125 0.36328125 0.216796875 0.36328125 0.216796875 0.287109375
0 0.11328125 0.34765625 0 0.34765625 0 0.400390625 0.11328125 0.400390625 0.11328125 0.359375
0 0.1875 0.34375 0.158203125 0.34375 0.138671875 0.359375 0.11328125 0.359375 0.11328125 0.38671875 0.138671875 0.38671875 0.138671875 0.392578125 0.16015625 0.41015625 0.19140625 0.408203125 0.20703125 0.392578125 0.20703125 0.359375
0 0.1875 0.771484375 0.1875 0.5546875 0 0.5546875 0 0.771484375
0 1 0.91015625 0.998046875 0.853515625 0.962890625 0.85546875 0.962890625 0.91015625
0 1 0.82421875 1 0.58203125 0.939453125 0.58203125 0.94140625 0.82421875
0 0.548828125 0.44140625 0.55078125 0.392578125 0.494140625 0.388671875 0.4921875 0.439453125
0 0.615234375 1 0.615234375 0.955078125 0.515625 0.955078125 0.515625 1
0 0.43359375 0.611328125 0.40625 0.56640625 0.37890625 0.583984375 0.404296875 0.62890625
0 0.080078125 0.53125 0.080078125 0.501953125 0.001953125 0.50390625 0.001953125 0.533203125