0 0.07421875 0.134765625 0.060546875 0.072265625 0 0.083984375 0 0.1484375
0 0.115234375 0.28515625 0.1015625 0.220703125 0 0.240234375 0 0.30859375
0 0.552734375 0.201171875 0.59765625 0.19140625 0.578125 0.107421875 0.53515625 0.1171875 0.548828125 0.1796875
0 0.53515625 0.1171875 0.15234375 0.19921875 0.166015625 0.263671875 0.548828125 0.1796875
0 0.134765625 0.126953125 0.560546875 0.025390625 0.552734375 0 0.376953125 0 0.119140625 0.060546875
0 0.388671875 0.294921875 0.140625 0.349609375 0.158203125 0.419921875 0.404296875 0.365234375
0 0.783203125 0.17578125 0.775390625 0.146484375 0.689453125 0.16796875 0.697265625 0.197265625 0.7578125 0.181640625
0 0.875 1 1 1 1 0.9453125 0.87109375 0.974609375
0 0.849609375 0.8671875 1 0.83203125 1 0.763671875 0.8359375 0.802734375
0 0.826171875 0.59765625 0.822265625 0.587890625 0.7890625 0.59375 0.80078125 0.6484375 0.84765625 0.638671875 0.837890625 0.595703125
0 0.814453125 0.548828125 0.814453125 0.546875 0.82421875 0.544921875 0.81640625 0.50390625 0.7734375 0.513671875 0.7890625 0.59375 0.822265625 0.587890625 0.818359375 0.564453125 0.810546875 0.564453125 0.80859375 0.55078125
0 0.806640625 0.705078125 1 0.666015625 1 0.6171875 0.798828125 0.658203125
0 0.35546875 0.90625 0.0546875 0.974609375 0.060546875 1 0.095703125 1 0.36328125 0.939453125
0 0.376953125 0.9375 0.2109375 0.974609375 0.21484375 1 0.390625 1
0 0.73828125 0.865234375 0.73046875 0.83203125 0.40625 0.904296875 0.4140625 0.9375 0.736328125 0.865234375
0 0.599609375 0.896484375 0.4140625 0.9375 0.42578125 1 0.435546875 1 0.615234375 0.9609375
0 0.2109375 0.974609375 0.095703125 1 0.21484375 1
0 0.75 0.9296875 0.736328125 0.865234375 0.599609375 0.896484375 0.615234375 0.9609375
0 0.140625 0.349609375 0 0.37890625 0 0.453125 0.158203125 0.419921875
0 0.638671875 0.314453125 0.623046875 0.244140625 0.388671875 0.294921875 0.404296875 0.365234375
0 0.67578125 0.109375 1 0.0390625 1 0 0.912109375 0 0.6640625 0.052734375
0 0.701171875 0.740234375 0.69140625 0.693359375 0.3984375 0.759765625 0.41015625 0.806640625
0 0.369140625 0.759765625 0.189453125 0.796875 0.201171875 0.8515625 0.380859375 0.8125 0.37109375 0.767578125
0 0.400390625 0.759765625 0.37109375 0.767578125 0.380859375 0.8125 0.41015625 0.806640625
0 0.666015625 0.6328125 0.689453125 0.62890625 0.669921875 0.541015625 0.646484375 0.544921875 0.65625 0.59375
0 0.646484375 0.544921875 0.369140625 0.607421875 0.37890625 0.65625 0.65625 0.59375
0 0.345703125 0.6015625 0 0.67578125 0 0.703125 0.00390625 0.72265625 0.35546875 0.6484375
0 0.345703125 0.603515625 0.341796875 0.583984375 0 0.654296875 0 0.67578125
0 0.169921875 0.841796875 0.150390625 0.76171875 0.0859375 0.77734375 0.103515625 0.85546875 0.169921875 0.841796875
0 0.626953125 0.689453125 0.6171875 0.642578125 0.408203125 0.6875 0.41796875 0.736328125 0.626953125 0.689453125
0 0.078125 0.0234375 0.078125 0 0 0 0 0.0234375 0.078125 0.0234375
0 0.94140625 0.1484375 0.931640625 0.095703125 0.80078125 0.123046875 0.8125 0.173828125 0.94140625 0.1484375