0 0.056640625 0.83984375 0.056640625 0.85546875 0.0546875 0.85546875 0.0546875 0.888671875 0.060546875 0.888671875 0.060546875 0.904296875 0.197265625 0.904296875 0.197265625 0.84765625 0.115234375 0.84765625 0.115234375 0.83984375
0 0.11328125 0.65625 0.11328125 0.671875 0.09375 0.671875 0.09375 0.65625 0.048828125 0.65625 0.048828125 0.669921875 0.0234375 0.669921875 0.0234375 0.65625 0 0.65625 0 0.712890625 0.169921875 0.712890625 0.169921875 0.66796875 0.158203125 0.66796875 0.158203125 0.65625
0 0.314453125 0.890625 0.3125 0.8359375 0.197265625 0.8359375 0.197265625 0.890625
0 0.169921875 0.7265625 0.310546875 0.724609375 0.30859375 0.66796875 0.248046875 0.66796875 0.248046875 0.67578125 0.228515625 0.67578125 0.228515625 0.66796875 0.18359375 0.66796875 0.18359375 0.6796875 0.169921875 0.6796875 0.169921875 0.712890625
0 0.318359375 0.955078125 0.275390625 0.955078125 0.275390625 1 0.318359375 1
0 0.302734375 0.5234375 0.302734375 0.46484375 0 0.47265625 0 0.529296875
0 0.294921875 0.185546875 0.294921875 0.123046875 0 0.12109375 0 0.18359375
0 0.302734375 0.349609375 0.30078125 0.291015625 0 0.30078125 0 0.361328125
0 1 0.654296875 1 0.591796875 0.83203125 0.60546875 0.837890625 0.66796875 0.859375 0.666015625
0 0.859375 0.666015625 0.861328125 0.712890625 0.962890625 0.705078125 0.96484375 0.7265625 1 0.72265625 1 0.654296875
0 0.470703125 0.25 0.556640625 0.240234375 0.55078125 0.203125 0.46484375 0.21484375
0 0.205078125 1 0.205078125 0.974609375 0.017578125 0.974609375 0.017578125 1 0.205078125 1
0 0.875 0.234375 0.87109375 0.173828125 0.80859375 0.1796875 0.814453125 0.23828125 0.875 0.234375
0 0.849609375 0.150390625 0.84765625 0.1171875 0.7890625 0.119140625 0.791015625 0.154296875 0.849609375 0.150390625
0 0.193359375 0.0234375 0.193359375 0 0 0 0 0.0234375 0.193359375 0.0234375