0 0.1720805921052632 0.1988075657894737 0.23273026315789477 0.06928453947368424 0.431640625 0.17598684210526316 0.361328125 0.29903371710526294
0 0.027138157894736878 0.998046875 0.17578125 0.751953125 0.34786184210526316 0.8371710526315789 0.23889802631578946 0.998046875
0 0.8813733552631579 0.7806332236842105 0.9173519736842105 0.7148437499999999 0.998046875 0.7754934210526315 0.998046875 0.8515624999999999
0 0.8084278474903472 0.9524613899613902 0.8302968146718144 0.928330115830116 0.9511718749999998 1 0.7760014478764476 0.9980468750000002
0 0.003495065789473714 0.5904605263157894 0.15666118421052633 0.28515625 0.31877055921052627 0.36153371710526316 0.17619243421052627 0.6681743421052632
0 0.2109375 0.6909950657894738 0.359375 0.3980263157894738 0.5234375 0.4781044407894738 0.373046875 0.7710731907894738
0 1 0.5369037828947368 0.998046875 0.6552220394736842 0.95703125 0.6345600328947368
0 0.45199424342105265 0.32452713815789475 0.5184004934210527 0.19366776315789475 0.8172286184210527 0.33624588815789475 0.7488692434210527 0.46710526315789475
0 0.6538856907894737 0.21875 0.7808388157894737 0.001953125 0.9585731907894737 0.078125 0.8316200657894737 0.2968749999999999
0 0.4203330592105263 0.8087993421052632 0.5824424342105263 0.5021587171052632 0.7308799342105263 0.5724712171052632 0.5668174342105263 0.8771587171052632
0 0.306640625 0.998046875 0.3807565789473685 0.8577302631578947 0.55859375 0.9451069078947367 0.5236430921052632 0.998046875
0 0.876953125 0.84765625 0.890625 0.8203125 0.99609375 0.890625 0.98046875 0.91796875
0 0.25534539473684215 0.04666940789473688 0.28824013157894735 0 0.5390625 0.003495065789473719 0.4681332236842105 0.14740953947368424
0 0.19058388157894737 0.12068256578947371 0.03638980263157898 0.46710526315789475 0 0.4242937306501548 0 0.013774671052631613