0 0.40625 0.04296875 0.40625 0 0.203125 0 0.205078125 0.048828125 0.234375 0.046875 0.234375 0.06640625 0.3828125 0.0625 0.3828125 0.04296875
0 0.51171875 0.126953125 0.607421875 0.12890625 0.607421875 0.1015625 0.51171875 0.1015625
0 0.625 0.11328125 0.69140625 0.11328125 0.689453125 0.033203125 0.623046875 0.03515625
0 0.5625 0.486328125 0.62109375 0.486328125 0.62109375 0.35546875 0.564453125 0.35546875
0 0.333984375 0.998046875 0.376953125 0.99609375 0.376953125 0.970703125 0.333984375 0.97265625
0 0.302734375 0.9609375 0.39453125 0.9609375 0.39453125 0.9375 0.302734375 0.9375
0 0.474609375 0.94921875 0.5 0.94921875 0.5 0.9375 0.474609375 0.9375
0 0.744140625 1 0.76171875 1 0.76171875 0.9453125 0.744140625 0.9453125
0 0.6640625 0.634765625 0.662109375 0.71484375 0.71484375 0.71484375 0.716796875 0.634765625 0.6953125 0.634765625
0 0.6328125 0.669921875 0.6328125 0.7109375 0.6484375 0.7109375 0.650390625 0.669921875 0.640625 0.669921875
0 0.642578125 0.578125 0.640625 0.669921875 0.6640625 0.669921875 0.666015625 0.580078125
0 0.666015625 0.5703125 0.6640625 0.634765625 0.6953125 0.634765625 0.6953125 0.5703125
0 0.6953125 0.57421875 0.6953125 0.634765625 0.720703125 0.634765625 0.72265625 0.57421875
0 0.703125 0.541015625 0.71875 0.541015625 0.71875 0.509765625 0.703125 0.509765625
0 0.552734375 0.6953125 0.568359375 0.6953125 0.5703125 0.669921875 0.5546875 0.66796875
0 0.2421875 0.52734375 0.244140625 0.666015625 0.2734375 0.6640625 0.2734375 0.703125 0.412109375 0.701171875 0.41015625 0.630859375 0.31640625 0.630859375 0.314453125 0.525390625
0 0.609375 0.08203125 0.609375 0.029296875 0.509765625 0.029296875 0.509765625 0.083984375