0 0.953125 0.927734375 1 0.9296875 1 0.66015625 0.962890625 0.66015625
0 0.08203125 0.373046875 0.08203125 0.384765625 0.029296875 0.3828125 0.02734375 0.443359375 0.24609375 0.451171875 0.248046875 0.390625 0.2109375 0.388671875 0.2109375 0.376953125 0.19140625 0.376953125 0.19140625 0.388671875 0.10546875 0.38671875 0.10546875 0.373046875
0 0.078125 0.1484375 0.24609375 0.15234375 0.248046875 0.08203125 0.080078125 0.076171875
0 0.34765625 0.09375 0.669921875 0.107421875 0.671875 0.04296875 0.3515625 0.03125
0 0.330078125 0.423828125 0.658203125 0.435546875 0.66015625 0.380859375 0.33203125 0.369140625
0 0.3359375 0.2578125 0.666015625 0.26953125 0.66796875 0.216796875 0.337890625 0.205078125
0 0.70703125 0.0234375 0.890625 0.03125 0.890625 0 0.70703125 0
0 0.703125 0.146484375 0.87890625 0.15234375 0.880859375 0.087890625 0.70703125 0.08203125
0 0.892578125 0.154296875 1 0.158203125 1 0.09375 0.89453125 0.08984375
0 0.701171875 0.248046875 0.880859375 0.255859375 0.8828125 0.189453125 0.703125 0.18359375
0 0.900390625 0.2578125 1 0.259765625 1 0.21484375 0.90234375 0.212890625
0 0.716796875 0.37890625 0.884765625 0.384765625 0.88671875 0.333984375 0.71875 0.328125
0 1 0.388671875 1 0.328125 0.88671875 0.32421875 0.884765625 0.384765625
0 0.75 0.4453125 0.75 0.41796875 0.69921875 0.416015625 0.697265625 0.48828125 0.888671875 0.494140625 0.890625 0.451171875
0 0.900390625 0.48828125 1 0.490234375 1 0.4453125 0.90234375 0.443359375
0 0.74609375 0.548828125 0.744140625 0.560546875 0.703125 0.55859375 0.701171875 0.615234375 1 0.625 1 0.5703125 0.8125 0.564453125 0.814453125 0.552734375
0 0.46484375 0.5546875 0.46484375 0.59375 0.509765625 0.595703125 0.505859375 0.712890625 0.552734375 0.71484375 0.55859375 0.55859375
0 0.330078125 0.755859375 0.328125 0.796875 0.40625 0.798828125 0.408203125 0.7578125
0 0.447265625 0.767578125 0.4453125 0.8359375 0.546875 0.83984375 0.55078125 0.771484375
0 0.408203125 0.765625 0.40625 0.833984375 0.4453125 0.8359375 0.447265625 0.767578125
0 0.556640625 0.759765625 0.5546875 0.83203125 0.59375 0.833984375 0.595703125 0.76171875
0 0.33203125 0.70703125 0.330078125 0.755859375 0.556640625 0.763671875 0.55859375 0.71484375 0.505859375 0.712890625
0 0.55859375 0.71484375 0.556640625 0.759765625 0.921875 0.7734375 0.923828125 0.728515625
0 0.796875 0.76953125 0.732421875 0.767578125 0.732421875 0.78125 0.775390625 0.783203125 0.771484375 0.890625 0.791015625 0.892578125 0.79296875 0.857421875
0 0.830078125 0.859375 0.904296875 0.86328125 0.90625 0.837890625 0.83203125 0.8359375
0 0.79296875 0.857421875 0.791015625 0.8984375 0.919921875 0.90234375 0.921875 0.86328125 0.830078125 0.859375
0 0.833984375 0.794921875 0.794921875 0.794921875 0.79296875 0.857421875 0.830078125 0.859375 0.83203125 0.8359375
0 0.615234375 0.556640625 0.587890625 0.5546875 0.5859375 0.599609375 0.615234375 0.599609375 0.615234375 0.560546875
0 0.615234375 0.560546875 0.61328125 0.611328125 0.701171875 0.615234375 0.703125 0.564453125
0 0.25390625 0.525390625 0.25390625 0.556640625 0.2890625 0.55859375 0.2890625 0.52734375
0 0.35546875 0.55078125 0.357421875 0.529296875 0.2890625 0.52734375 0.2890625 0.55859375 0.3359375 0.560546875 0.3359375 0.587890625 0.46484375 0.59375 0.46484375 0.5546875
0 0.615234375 0.943359375 0.640625 0.943359375 0.64453125 0.841796875 0.619140625 0.83984375
0 0.615234375 0.943359375 0.61328125 1 0.68359375 1 0.685546875 0.9453125
0 0.619140625 0.83984375 0.552734375 0.837890625 0.544921875 1 0.61328125 1
0 0.814453125 0.943359375 0.8125 1 0.8515625 1 0.853515625 0.9453125
0 0.890625 1 0.939453125 1 0.94140625 0.9921875 0.892578125 0.990234375
0 0.177734375 0.5 0.248046875 0.501953125 0.248046875 0.466796875 0.177734375 0.46484375
0 0.00390625 0.54296875 0.080078125 0.546875 0.08203125 0.5078125 0.005859375 0.50390625
0 0.146484375 0.6171875 0.146484375 0.5859375 0.109375 0.583984375 0.107421875 0.626953125 0.08984375 0.626953125 0.08984375 0.646484375 0.078125 0.646484375 0.078125 0.673828125 0.08984375 0.673828125 0.087890625 0.685546875 0.125 0.6875 0.125 0.67578125 0.14453125 0.67578125 0.14453125 0.658203125 0.154296875 0.658203125 0.154296875 0.6171875
0 0.19921875 0.7734375 0.19921875 0.78125 0.185546875 0.78125 0.18359375 0.81640625 0.197265625 0.81640625 0.197265625 0.82421875 0.23828125 0.826171875 0.240234375 0.775390625
0 0.107421875 0.83203125 0.107421875 0.794921875 0.01953125 0.791015625 0.017578125 0.830078125 0.107421875 0.83203125
0 0.248046875 0.630859375 0.25 0.5546875 0.16015625 0.55078125 0.158203125 0.626953125 0.248046875 0.630859375
0 0.99609375 0.2109375 0.998046875 0.16015625 0.88671875 0.15625 0.884765625 0.20703125 0.99609375 0.2109375