0 0.908203125 0.8203125 0.916015625 0.875 1 0.861328125 1 0.806640625
0 1 0.75 1 0.65234375 0.84765625 0.67578125 0.861328125 0.76953125 0.900390625 0.763671875
0 0.900390625 0.763671875 0.8125 0.775390625 0.828125 0.88671875 0.916015625 0.875 0.908203125 0.8203125
0 0.837890625 0.7265625 0.8203125 0.603515625 0.779296875 0.609375 0.798828125 0.732421875
0 0.908203125 0.28125 0.818359375 0.294921875 0.86328125 0.568359375 0.953125 0.552734375 0.94140625 0.48046875
0 0.806640625 0.216796875 0.818359375 0.294921875 0.908203125 0.28125 0.94140625 0.48046875 1 0.46875 1 0.220703125
0 0.791015625 0.19921875 1 0.19921875 1 0.12109375 0.791015625 0.12109375
0 0.796875 0.12109375 1 0.12109375 1 0 0.796875 0
0 0.986328125 0.611328125 1 0.609375 1 0.560546875 0.98046875 0.564453125
0 0.833984375 0.486328125 0.76171875 0.49609375 0.765625 0.53125 0.837890625 0.521484375
0 0.7734375 0.189453125 0.693359375 0.19921875 0.732421875 0.5 0.833984375 0.486328125
0 0.685546875 0.50390625 0.4921875 0.525390625 0.49609375 0.5625 0.689453125 0.541015625
0 0.466796875 0.45703125 0.2890625 0.4765625 0.298828125 0.5546875 0.4765625 0.53515625
0 0.494140625 0.533203125 0.3828125 0.546875 0.38671875 0.576171875 0.498046875 0.564453125 0.49609375 0.5625
0 0.41796875 0 0.267578125 0 0.33984375 0.455078125 0.462890625 0.435546875
0 0.630859375 0.453125 0.58203125 0 0.439453125 0 0.48828125 0.46875
0 0.64453125 0.1640625 0.763671875 0.1484375 0.7578125 0.09765625 0.638671875 0.11328125
0 0.78515625 0.09375 0.771484375 0 0.61328125 0 0.626953125 0.115234375 0.638671875 0.11328125
0 1 0.998046875 0.99609375 0.912109375 0.8515625 0.91796875 0.85546875 1 1 0.998046875
0 0.12890625 0.251953125 0.134765625 0.205078125 0.09765625 0.201171875 0.09375 0.248046875 0.12890625 0.251953125
0 0.859375 0.998046875 0.853515625 0.93359375 0.798828125 0.939453125 0.8046875 1 0.859375 0.998046875
0 0.736328125 0.7734375 0.732421875 0.73828125 0.65234375 0.748046875 0.65625 0.783203125 0.736328125 0.7734375
0 0.830078125 0.94140625 0.82421875 0.884765625 0.79296875 0.888671875 0.798828125 0.9453125 0.830078125 0.94140625