0 0.705078125 0.16796875 1 0.154296875 1 0.091796875 0.703125 0.10546875
0 0.265625 0.533203125 0.322265625 0.529296875 0.314453125 0.44921875 0.259765625 0.453125
0 0.443359375 0.439453125 0.44921875 0.513671875 0.513671875 0.5078125 0.505859375 0.43359375
0 0.505859375 0.43359375 0.501953125 0.375 0.2421875 0.396484375 0.248046875 0.455078125 0.259765625 0.453125
0 0.466796875 0.7109375 0.529296875 0.70703125 0.5234375 0.61328125 0.4609375 0.6171875
0 0.5234375 0.61328125 0.51953125 0.55859375 0.255859375 0.57421875 0.2578125 0.62890625 0.4609375 0.6171875
0 0.27734375 0.7265625 0.33203125 0.72265625 0.326171875 0.646484375 0.2734375 0.650390625
0 0.466796875 0.798828125 0.470703125 0.890625 0.533203125 0.888671875 0.52734375 0.796875
0 0.52734375 0.796875 0.525390625 0.744140625 0.271484375 0.759765625 0.2734375 0.810546875 0.466796875 0.798828125
0 0.544921875 0.98828125 0.541015625 0.93359375 0.28125 0.9453125 0.283203125 1 0.3671875 0.99609375
0 0.607421875 1 0.73828125 1 0.734375 0.9375 0.603515625 0.947265625
0 0.814453125 0.9140625 1 0.904296875 1 0.85546875 0.8125 0.865234375
0 0.80859375 0.767578125 1 0.755859375 1 0.708984375 0.8046875 0.72265625
0 0.60546875 0.615234375 0.7265625 0.609375 0.724609375 0.533203125 0.603515625 0.537109375
0 0.646484375 0.787109375 0.74609375 0.78125 0.744140625 0.73046875 0.64453125 0.734375
0 1 0.555999638030888 1 0.503265263030888 0.869140625 0.509124638030888 0.87109375 0.561859013030888 0.99609375 0.557952763030888
0 0.7734375 0.46484375 1 0.455078125 1 0.412109375 0.771484375 0.421875
0 0.033203125 0.03515625 0.13671875 0.029296875 0.134765625 0 0.029296875 0
0 0.0625 0.083984375 0.03125 0.0859375 0.04296875 0.26171875 0.076171875 0.2578125 0.07421875 0.2265625
0 0.078125 0.287109375 0.18359375 0.279296875 0.1796875 0.21875 0.07421875 0.2265625 0.076171875 0.2578125
0 0.2800509773166023 0.1062831805019305 0.22341035231660228 0.1101894305019305 0.23122285231660228 0.2234706805019305 0.2878634773166023 0.2195644305019305 0.2859103523166023 0.1883144305019305
0 0.29207890926640934 0.22685659990347476 0.6221570342664093 0.2034190999034749 0.6182507842664093 0.1487315999034749 0.28817265926640934 0.1702159749034749 0.29012578426640934 0.2014659749034749
0 0.263671875 0 0.21484375 0 0.216796875 0.029296875 0.267578125 0.02734375 0.265625 0.005859375
0 0.48828125 0 0.376953125 0 0.265625 0.005859375 0.26953125 0.060546875 0.4921875 0.048828125 0.490234375 0.029296875
0 0.548828125 0.02734375 0.546875 0 0.48828125 0 0.490234375 0.029296875
0 0.068359375 0.46484375 0.076171875 0.595703125 0.115234375 0.59375 0.107421875 0.462890625 0.08984375 0.46484375
0 0.205078125 0.45703125 0.201171875 0.4140625 0.087890625 0.419921875 0.08984375 0.46484375 0.107421875 0.462890625
0 0.068359375 0.673828125 0.078125 0.7421875 0.11328125 0.73828125 0.10546875 0.66796875 0.087890625 0.671875
0 0.205078125 0.65625 0.201171875 0.625 0.083984375 0.638671875 0.087890625 0.671875 0.10546875 0.66796875
0 0.14453125 0.791015625 0.091796875 0.794921875 0.099609375 0.939453125 0.15234375 0.9375 0.146484375 0.8203125
0 0.146484375 0.8203125 0.193359375 0.818359375 0.19140625 0.7890625 0.14453125 0.791015625
0 0.66015625 0.14453125 0.65625 0.0546875 0.591796875 0.056640625 0.595703125 0.1484375
0 0.654296875 0.03125 0.654296875 0 0.580078125 0 0.580078125 0.03125
0 0.462890625 0.13671875 0.4609375 0.05859375 0.330078125 0.064453125 0.333984375 0.142578125
0 0.943359375 0.01953125 0.943359375 0 0.6953125 0 0.6953125 0.021484375
0 0.9375 0.078125 0.935546875 0.029296875 0.6953125 0.041015625 0.697265625 0.08984375
0 0.435546875 0.697265625 0.431640625 0.650390625 0.357421875 0.658203125 0.361328125 0.705078125