0 0.017578125 0.76171875 0 0.76171875 0 0.802734375 0.017578125 0.802734375 0.05078125 0.822265625 0.0703125 0.7890625
0 0.001953125 0.724609375 0.001953125 0.76171875 0.05859375 0.759765625 0.05859375 0.724609375
0 0.154296875 0.962890625 0.10546875 0.9609375 0.103515625 1 0.154296875 1
0 0.234375 0.974609375 0.1953125 0.97265625 0.193359375 1 0.232421875 1
0 0.30859375 0.982421875 0.26953125 0.982421875 0.26953125 1 0.30859375 1
0 0.427734375 0.974609375 0.384765625 0.970703125 0.3828125 1 0.423828125 1
0 0.517578125 0.984375 0.466796875 0.98046875 0.46484375 1 0.515625 1
0 0.59375 0.984375 0.5546875 0.98046875 0.552734375 1 0.591796875 1
0 0.2421875 0.783203125 0.240234375 0.732421875 0.1484375 0.73828125 0.150390625 0.787109375
0 0.271484375 0.734375 0.265625 0.78125 0.349609375 0.794921875 0.357421875 0.748046875
0 0.208984375 0.912109375 0.22265625 0.865234375 0.13671875 0.841796875 0.123046875 0.88671875
0 0.318359375 0.904296875 0.3203125 0.853515625 0.232421875 0.8515625 0.23046875 0.90234375
0 0.396484375 0.8359375 0.384765625 0.88671875 0.466796875 0.90625 0.478515625 0.85546875
0 0.580078125 0.853515625 0.5 0.857421875 0.501953125 0.912109375 0.583984375 0.908203125
0 0.771484375 0.947265625 0.771484375 0.9921875 0.82421875 0.994140625 0.82421875 0.947265625
0 0.66015625 0.9453125 0.66015625 0.9921875 0.716796875 0.9921875 0.716796875 0.9453125
0 0.6953125 0.9921875 0.6953125 1 0.8203125 1 0.8203125 0.998046875 0.8203125 0.994140625 0.716796875 0.9921875
0 0.6953125 0.9921875 0.666015625 0.9921875 0.658203125 1 0.6953125 1
0 0.42578125 0.771484375 0.5234375 0.767578125 0.51953125 0.7109375 0.423828125 0.716796875
0 0.5546875 0.76171875 0.640625 0.78125 0.65234375 0.73046875 0.56640625 0.708984375
0 0.5 0.712890625 0.5 0.69921875 0.478515625 0.69921875 0.48046875 0.712890625
0 0.451171875 0.71484375 0.451171875 0.701171875 0.421875 0.701171875 0.423828125 0.716796875
0 0.671875 0.34765625 0.673828125 0.447265625 0.703125 0.447265625 0.703125 0.46484375 0.724609375 0.46484375 0.724609375 0.416015625 0.701171875 0.416015625 0.701171875 0.3828125 0.822265625 0.380859375 0.822265625 0.34765625
0 0.84375 0.44921875 0.85546875 0.447265625 0.85546875 0.37109375 0.828125 0.369140625 0.828125 0.42578125 0.822265625 0.427734375 0.8046875 0.4375 0.78515625 0.447265625 0.765625 0.46484375 0.751953125 0.486328125 0.783203125 0.501953125 0.7890625 0.484375 0.798828125 0.47265625 0.81640625 0.4609375 0.833984375 0.453125
0 0.859375 0.765625 0.857421875 0.650390625 0.857421875 0.64453125 0.85546875 0.64453125 0.826171875 0.6328125 0.796875 0.607421875 0.771484375 0.5625 0.74609375 0.576171875 0.75 0.583984375 0.763671875 0.60546875 0.77734375 0.623046875 0.791015625 0.640625 0.80859375 0.65234375 0.810546875 0.765625
0 0.73046875 0.6328125 0.763671875 0.61328125 0.744140625 0.58203125 0.712890625 0.599609375
0 0.271484375 0.4921875 0.19140625 0.5 0.1953125 0.533203125 0.275390625 0.5234375
0 0.388671875 0.5390625 0.392578125 0.5 0.306640625 0.48828125 0.302734375 0.529296875
0 0.265625 0.66015625 0.26953125 0.619140625 0.193359375 0.611328125 0.189453125 0.654296875
0 0.384765625 0.642578125 0.37109375 0.599609375 0.291015625 0.625 0.3046875 0.66796875
0 0.11328125 0.634765625 0.111328125 0.59765625 0 0.59765625 0 0.634765625
0 0.109375 0.537109375 0.109375 0.50390625 0 0.50390625 0 0.537109375
0 0.62890625 0.623046875 0.634765625 0.55859375 0.57421875 0.552734375 0.56640625 0.615234375
0 0.53515625 0.626953125 0.55078125 0.578125 0.486328125 0.556640625 0.470703125 0.607421875
0 0.427734375 0.412109375 0.416015625 0.37109375 0.337890625 0.39453125 0.349609375 0.435546875
0 0.228515625 0.388671875 0.224609375 0.43359375 0.30078125 0.4375 0.302734375 0.392578125
0 0.1171875 0.4375 0.1171875 0.404296875 0 0.404296875 0 0.435546875
0 0.119140625 0.33984375 0.1171875 0.30078125 0 0.30078125 0 0.33984375
0 0.052734375 0.02734375 0.111328125 0.01171875 0.107421875 0 0.044921875 0
0 0.02734375 0.111328125 0.03125 0.125 0 0.1328125 0 0.203125 0.056640625 0.189453125 0.044921875 0.14453125 0.076171875 0.13671875 0.06640625 0.099609375
0 0.16015625 0.154296875 0.173828125 0.201171875 0.21484375 0.189453125 0.2109375 0.1796875 0.23828125 0.171875 0.240234375 0.181640625 0.271484375 0.173828125 0.259765625 0.126953125
0 0.607421875 0.2421875 0.59375 0.197265625 0.490234375 0.2265625 0.50390625 0.2734375
0 0.208984375 0.00390625 0.228515625 0.029296875 0.263671875 0.015625 0.455078125 0.0390625 0.451171875 0.05078125 0.478515625 0.07421875 0.509765625 0.05078125 0.505859375 0.041015625 0.541015625 0.015625 0.5234375 0 0.484375 0 0.478515625 0.005859375 0.46484375 0 0.212890625 0
0 0.6953125 0.166015625 0.7578125 0.234375 0.783203125 0.2109375 0.767578125 0.19921875 0.76953125 0.193359375 0.818359375 0.197265625 0.822265625 0.15625 0.771484375 0.15625 0.759765625 0.16796875 0.732421875 0.138671875
0 0.654296875 0.0390625 0.640625 0.00390625 0.59375 0.0234375 0.619140625 0.080078125 0.630859375 0.1015625 0.662109375 0.08984375 0.662109375 0.07421875 0.720703125 0.080078125 0.72265625 0.041015625 0.68359375 0.0390625 0.654296875 0.056640625 0.650390625 0.046875
0 0.732421875 0.85546875 0.732421875 0.74609375 0.68359375 0.74609375 0.68359375 0.85546875 0.732421875 0.85546875