0 0.162109375 0.828125 0.201171875 0.822265625 0.20703125 0.90234375 0.169921875 0.90625
0 0.3508429276315789 0.8655427631578947 0.43092105263157887 0.8440583881578947 0.45826480263157887 0.9495271381578947 0.38013980263157904 0.9749177631578946
0 0.7109375 0.8332648026315789 0.94921875 0.8254523026315789 0.953125 0.8762335526315789 0.71484375 0.8859991776315789
0 0.541015625 0.388671875 0.79296875 0.380859375 0.794921875 0.435546875 0.544921875 0.44140625
0 0.59375 0.521484375 0.837890625 0.513671875 0.83984375 0.564453125 0.59765625 0.57421875
0 0.4921875 0.263671875 0.736328125 0.251953125 0.7421875 0.296875 0.49609375 0.306640625
0 0.43359375 0.134765625 0.681640625 0.126953125 0.685546875 0.17578125 0.4375 0.18359375
0 0.81640625 0.2421875 0.96875 0.2421875 0.96875 0.322265625 0.81640625 0.322265625
0 0.662109375 0.701171875 0.908203125 0.689453125 0.912109375 0.734375 0.666015625 0.74609375
0 0.8779810855263157 0.345703125 0.9971217105263157 0.345703125 0.9971217105263157 0.453125 0.8779810855263157 0.453125
0 0.4114925986842105 0 0.6458675986842105 0 0.6458675986842105 0.005859375 0.6444284539473684 0.05694901315789477 0.40902549342105265 0.07134046052631582
0 0.78125 0.240234375 0.79296875 0.142578125 0.970703125 0.15625 0.958984375 0.25390625
0 0.94921875 0.533203125 0.982421875 0.486328125 1 0.51171875 0.9908511513157894 0.572985197368421
0 0.9415090460526314 0.685032894736842 0.948704769736842 0.7549342105263157 0.998046875 0.7549342105263157 0.998046875 0.685032894736842
0 0 0.47121710526315785 0 0.5370065789473684 0.07596628289473688 0.5503700657894737 0.10474917763157897 0.47635690789473684
0 0 0.7425986842105262 0 0.8083881578947367 0.14381167763157898 0.8227796052631579 0.15923108552631582 0.7590460526315789
0 0.008223684210526314 0.9208470394736843 0.008223684210526314 0.9866365131578948 0.14792351973684215 0.998046875 0.16231496710526316 0.9379111842105262
0 0.990234375 0.041015625 0.990234375 0 0.865234375 0 0.86328125 0.0390625 0.990234375 0.041015625
0 1 1 1 0.97265625 0.853515625 0.97265625 0.853515625 1 1 1
0 1 0.8828125 1 0.81640625 0.97265625 0.81640625 0.97265625 0.884765625 1 0.8828125
0 0.462890625 0.998046875 0.45703125 0.95703125 0.41796875 0.96484375 0.42578125 1 0.462890625 0.998046875
0 0.849609375 0.974609375 0.849609375 0.935546875 0.76171875 0.93359375 0.759765625 0.97265625 0.849609375 0.974609375
0 0.02734375 0.060546875 0.02734375 0.00390625 0 0.00390625 0 0.060546875 0.02734375 0.060546875