0 0.89453125 0.51171875 0.89453125 0.576171875 1 0.576171875 1 0.51171875
0 0.896484375 0.703125 1 0.701171875 1 0.642578125 0.896484375 0.64453125
0 0.1484375 0.341796875 0.02734375 0.34765625 0.044921875 1 0.17578125 1 0.17578125 0.99609375 0.15234375 0.99609375 0.150390625 0.962890625 0.06640625 0.966796875 0.0625 0.880859375 0.111328125 0.87890625 0.11328125 0.90234375 0.171875 0.900390625 0.169921875 0.8671875 0.1484375 0.869140625 0.142578125 0.796875 0.0625 0.802734375 0.05859375 0.71484375 0.11328125 0.712890625 0.115234375 0.744140625 0.1640625 0.740234375 0.1640625 0.70703125 0.13671875 0.70703125 0.1328125 0.6328125 0.05859375 0.63671875 0.0546875 0.552734375 0.103515625 0.55078125 0.10546875 0.572265625 0.158203125 0.5703125 0.15625 0.5390625 0.126953125 0.541015625 0.12109375 0.470703125 0.04296875 0.474609375 0.037109375 0.3828125 0.083984375 0.380859375 0.087890625 0.416015625 0.150390625 0.41015625
0 0.087890625 0.416015625 0.083984375 0.380859375 0.037109375 0.3828125 0.04296875 0.474609375 0.12109375 0.470703125 0.126953125 0.541015625 0.173828125 0.537109375 0.166015625 0.41015625 0.150390625 0.41015625
0 0.10546875 0.572265625 0.103515625 0.55078125 0.0546875 0.552734375 0.05859375 0.63671875 0.1328125 0.6328125 0.13671875 0.70703125 0.1875 0.705078125 0.1796875 0.568359375 0.158203125 0.5703125
0 0.115234375 0.744140625 0.11328125 0.712890625 0.05859375 0.71484375 0.0625 0.802734375 0.142578125 0.796875 0.1484375 0.869140625 0.1953125 0.865234375 0.1875 0.740234375 0.1640625 0.740234375
0 0.11328125 0.90234375 0.111328125 0.87890625 0.0625 0.880859375 0.06640625 0.966796875 0.150390625 0.962890625 0.15234375 0.99609375 0.19921875 0.994140625 0.1953125 0.8984375 0.171875 0.900390625
0 0.6015625 0.126953125 0.822265625 0.130859375 0.82421875 0.046875 0.603515625 0.04296875
0 0.890625 0.0234375 0.892578125 0.04296875 0.8515625 0.04296875 0.853515625 0.146484375 1 0.142578125 1 0.01953125
0 0.86328125 0.181640625 0.865234375 0.275390625 1 0.2734375 1 0.23046875 0.912109375 0.232421875 0.91015625 0.1796875
0 0.267578125 0.376953125 0.259765625 0.62890625 0.50390625 0.63671875 0.505859375 0.560546875 0.533203125 0.560546875 0.5390625 0.384765625 0.53125 0.384765625
0 0.5859375 0.30078125 0.5859375 0.41796875 0.798828125 0.41796875 0.798828125 0.375 0.62890625 0.375 0.62890625 0.30078125
0 0.81640625 0.216796875 0.603515625 0.216796875 0.603515625 0.263671875 0.71875 0.263671875 0.71875 0.322265625 0.81640625 0.322265625 0.81640625 0.263671875
0 0.845703125 0.400390625 1 0.396484375 1 0.33984375 0.84375 0.34375
0 0.63671875 0.529296875 0.63671875 0.462890625 0.583984375 0.462890625 0.583984375 0.572265625 0.724609375 0.57421875 0.724609375 0.53125
0 0.763671875 0.4609375 0.767578125 0.5859375 0.84375 0.583984375 0.841796875 0.533203125 0.818359375 0.533203125 0.814453125 0.458984375
0 0.767578125 0.611328125 0.76953125 0.73828125 0.8515625 0.736328125 0.8515625 0.6796875 0.8203125 0.6796875 0.8203125 0.611328125
0 0.357421875 0.662109375 0.361328125 0.7421875 0.533203125 0.734375 0.53125 0.671875 0.388671875 0.677734375 0.38671875 0.66015625
0 0.767578125 0.888671875 1 0.88671875 1 0.83203125 0.767578125 0.833984375
0 0.685546875 0.8671875 0.685546875 0.8203125 0.47265625 0.82421875 0.474609375 0.87109375 0.49609375 0.87109375
0 0.474609375 0.87109375 0.4765625 0.96484375 0.517578125 0.96484375 0.515625 0.8828125 0.49609375 0.8828125 0.49609375 0.87109375
0 0.646484375 0.921875 0.646484375 0.9921875 0.669921875 0.994140625 0.669921875 1 0.69140625 1 0.693359375 0.923828125
0 0.43359375 0.84765625 0.431640625 0.802734375 0.236328125 0.806640625 0.236328125 0.8515625 0.400390625 0.84765625
0 0.30078125 0.853515625 0.2578125 0.85546875 0.2578125 1 0.302734375 1
0 0.712890625 0.61328125 0.53515625 0.62109375 0.537109375 0.66015625 0.71484375 0.65234375
0 0.541015625 0.744140625 0.720703125 0.736328125 0.716796875 0.65234375 0.685546875 0.65234375 0.6875 0.67578125 0.5859375 0.6796875 0.5859375 0.658203125 0.537109375 0.66015625
0 0.423828125 0.966796875 0.3046875 0.970703125 0.3046875 1 0.423828125 1
0 0.419921875 0.935546875 0.41796875 0.875 0.302734375 0.876953125 0.302734375 0.9375 0.4140625 0.935546875
0 0.4140625 0.935546875 0.302734375 0.9375 0.3046875 0.970703125 0.4140625 0.966796875
0 0.7734375 0.958984375 0.7734375 1 1 1 1 0.95703125
0 0.541015625 0.072265625 0.513671875 0.05078125 0.291015625 0.044921875 0.251953125 0.0703125 0.2421875 0.375 0.53125 0.384765625 0.5390625 0.134765625
0 0.33203125 0.74609375 0.330078125 0.705078125 0.251953125 0.708984375 0.255859375 0.751953125 0.33203125 0.74609375
0 0.99609375 0.9453125 0.998046875 0.90234375 0.83203125 0.896484375 0.83203125 0.939453125 0.99609375 0.9453125