0 0.87890625 0.177734375 0.845703125 0.2421875 0.953125 0.294921875 0.984375 0.23046875
0 0.994140625 0.751953125 0.98046875 0.708984375 0.83984375 0.75 0.853515625 0.796875 0.88671875 0.7890625 0.908203125 0.8671875 0.990234375 0.84375 0.966796875 0.76171875
0 0.93359375 0.486328125 0.947265625 0.53515625 0.978515625 0.525390625 1 0.595703125 1 0.466796875
0 0.7890625 0.373046875 0.77734375 0.328125 0.63671875 0.369140625 0.650390625 0.41796875 0.681640625 0.408203125 0.705078125 0.486328125 0.78515625 0.462890625 0.76171875 0.380859375
0 0.943359375 0.994140625 0.9296875 0.94921875 0.7890625 0.990234375 0.791015625 1 0.921875 1
0 0.150390625 0.900390625 0.318359375 0.953125 0.33984375 0.884765625 0.171875 0.83203125
0 0.4765625 0.859375 0.5078125 0.7578125 0.466796875 0.7421875 0.443359375 0.810546875 0.4140625 0.88671875 0.44140625 0.953125 0.4921875 0.9375
0 0.3515625 1 0.4921875 1 0.478515625 0.958984375 0.42578125 0.9765625
0 0.466796875 0.740234375 0.234375 0.662109375 0.2109375 0.732421875 0.443359375 0.810546875 0.466796875 0.7421875
0 0.1484375 0.728515625 0.171875 0.65625 0 0.59765625 0 0.6796875
0 0.1171875 0.88671875 0.13671875 0.822265625 0 0.77734375 0 0.84765625
0 0.017578125 1 0.07421875 1 0.091796875 0.94921875 0 0.919921875 0 0.994140625
0 0.333984375 0.140625 0.513671875 0.201171875 0.533203125 0.14453125 0.353515625 0.083984375
0 0.068359375 0.181640625 0.29296875 0.2421875 0.310546875 0.177734375 0.0859375 0.1171875
0 0.341796875 0.271484375 0.58203125 0.345703125 0.599609375 0.287109375 0.359375 0.21484375
0 0.021484375 0.337890625 0.240234375 0.404296875 0.2578125 0.34375 0.0390625 0.279296875
0 0.28515625 0.41796875 0.53125 0.49609375 0.55078125 0.4375 0.3046875 0.357421875
0 0.216796875 0.552734375 0.234375 0.494140625 0 0.41796875 0 0.48046875
0 0.431640625 0.583984375 0.435546875 0.57421875 0.35546875 0.548828125 0.359375 0.537109375 0.271484375 0.509765625 0.25 0.576171875 0.337890625 0.603515625 0.3359375 0.609375 0.416015625 0.634765625 0.412109375 0.64453125 0.48046875 0.666015625 0.5 0.60546875
0 0.0546875 0.087890625 0 0.068359375 0 0.25390625
0 0.7734375 0.232421875 0.814453125 0.25 0.86328125 0.150390625 0.822265625 0.130859375 0.783203125 0.21484375
0 0.33984375 0.021484375 0.3984375 0.048828125 0.408203125 0.03125 0.783203125 0.21484375 0.822265625 0.130859375 0.55078125 0 0.349609375 0
0 0.271484375 0.08984375 0.29296875 0.025390625 0.189453125 0 0.16796875 0.056640625 0.271484375 0.08984375
0 0.62109375 0.5859375 0.65234375 0.505859375 0.603515625 0.486328125 0.572265625 0.56640625 0.62109375 0.5859375