0 0.150390625 0.927734375 0 0.92578125 0 0.982421875 0.150390625 0.986328125 0.150390625 0.931640625
0 0.197265625 0.916015625 0.197265625 0.931640625 0.150390625 0.931640625 0.150390625 0.986328125 0.431640625 0.98828125 0.431640625 0.93359375 0.40625 0.93359375 0.40625 0.91796875 0.380859375 0.91796875 0.380859375 0.93359375 0.314453125 0.93359375 0.314453125 0.91796875 0.2890625 0.91796875 0.2890625 0.93359375 0.21875 0.931640625 0.21875 0.916015625
0 0 0.439453125 0 0.5234375 0.09375 0.525390625 0.095703125 0.4765625 0.1171875 0.4765625 0.1171875 0.44140625
0 0.1328125 0.265625 0.1328125 0.28515625 0.1015625 0.28515625 0.099609375 0.326171875 0.4296875 0.328125 0.4296875 0.287109375 0.400390625 0.287109375 0.400390625 0.267578125 0.328125 0.267578125 0.328125 0.287109375 0.29296875 0.28515625 0.29296875 0.265625 0.220703125 0.265625 0.21875 0.296875 0.208984375 0.296875 0.2109375 0.265625
0 0.150390625 0.51171875 0.150390625 0.5390625 0.138671875 0.5390625 0.138671875 0.56640625 0.443359375 0.568359375 0.443359375 0.541015625 0.4296875 0.541015625 0.4296875 0.515625 0.34765625 0.513671875 0.34765625 0.541015625 0.3359375 0.541015625 0.3359375 0.513671875 0.25 0.513671875 0.248046875 0.5390625 0.234375 0.5390625 0.234375 0.513671875
0 0.1796875 0.03125 0.1796875 0.0390625 0.146484375 0.0390625 0.146484375 0.08984375 0.43359375 0.091796875 0.43359375 0.041015625 0.421875 0.041015625 0.421875 0.033203125 0.369140625 0.033203125 0.369140625 0.041015625 0.310546875 0.041015625 0.310546875 0.03125 0.26953125 0.03125 0.26953125 0.041015625 0.21875 0.041015625 0.21875 0.03125
0 0.07421875 0.333984375 0.07421875 0.291015625 0.044921875 0.291015625 0.044921875 0.283203125 0.025390625 0.283203125 0.025390625 0.27734375 0.001953125 0.27734375 0.001953125 0.28125 0 0.28125 0 0.33203125
0 0.107421875 0.091796875 0.107421875 0.0390625 0.083984375 0.0390625 0.083984375 0.02734375 0.041015625 0.025390625 0.041015625 0.0390625 0 0.0390625 0 0.08984375
0 0.794921875 0.662109375 0.9453125 0.662109375 0.9453125 0.59375 0.794921875 0.59375
0 0.826171875 0.35546875 1 0.353515625 1 0.2890625 0.82421875 0.2890625
0 0.7890625 0.21484375 0.97265625 0.212890625 0.97265625 0.12109375 0.7890625 0.123046875
0 0.7734375 0.970703125 0.7734375 0.90625 0.736328125 0.908203125 0.736328125 0.970703125 0.7734375 0.970703125