0 0.177734375 0.423828125 0.177734375 0.15234375 0 0.15234375 0 0.423828125
0 0.0703125 0.650390625 0.177734375 0.650390625 0.177734375 0.48828125 0.0703125 0.48828125
0 1 0.74609375 1 0.306640625 0.466796875 0.306640625 0.466796875 1 1 1 1 0.896484375 0.767578125 0.896484375 0.767578125 0.74609375
0 0.767578125 0.74609375 0.767578125 0.896484375 1 0.896484375 1 0.74609375
0 0.19140625 0.908203125 0.1953125 0.740234375 0.134765625 0.740234375 0.130859375 0.90625 0.19140625 0.908203125
0 0.24609375 0.78125 0.24609375 0.638671875 0.20703125 0.638671875 0.20703125 0.78125 0.24609375 0.78125
0 0.197265625 0.95703125 0.1953125 0.919921875 0 0.9296875 0 0.966796875 0.197265625 0.95703125
0 0.244140625 0.923828125 0.25 0.78125 0.205078125 0.78125 0.201171875 0.923828125 0.244140625 0.923828125
0 0.259765625 0.248046875 0.259765625 0.169921875 0.236328125 0.169921875 0.236328125 0.248046875 0.259765625 0.248046875
0 0.1171875 0.91015625 0.11328125 0.83984375 0.08203125 0.841796875 0.0859375 0.91015625 0.1171875 0.91015625
0 0.619140625 0.021484375 0.619140625 0 0.5 0 0.5 0.021484375 0.619140625 0.021484375
0 0.763671875 0.0703125 0.763671875 0.0390625 0.712890625 0.0390625 0.712890625 0.0703125 0.763671875 0.0703125
0 0.2578125 0.3515625 0.259765625 0.302734375 0.232421875 0.302734375 0.23046875 0.3515625 0.2578125 0.3515625
0 0.04296875 0.85546875 0.0390625 0.76953125 0 0.76953125 0 0.857421875 0.04296875 0.85546875