0 0.2769252232142857 0.9447544642857143 0.3530970982142857 0.9330357142857143 0.3628627232142857 0.9818638392857143 0.2866908482142857 0.9935825892857143
0 0.2702462332589286 0.8208705357142856 0.3774937220982143 0.7877371651785714 0.40103585379464285 0.9176548549107142 0.2890625 0.939453125
0 0.4451032366071428 0.8181501116071429 0.7322126116071428 0.7888532366071429 0.7790876116071428 0.9665876116071429 0.4900251116071428 0.9978376116071429
0 0.37109375 0.794921875 0.453125 0.783203125 0.466796875 0.853515625 0.3828125 0.865234375
0 0.009765625 0.650390625 0.1015625 0.6328125 0.16796875 0.962890625 0.076171875 0.978515625
0 0.35421316964285715 0.5773228236607143 0.46358816964285715 0.5773228236607143 0.46358816964285715 0.6730259486607143 0.35421316964285715 0.6730259486607143
0 0.15234375 0.501953125 0.224609375 0.490234375 0.25390625 0.611328125 0.1796875 0.623046875
0 0.294921875 0.513671875 0.294921875 0.42578125 0.453125 0.42578125 0.453125 0.513671875
0 0.6065499441964286 0.6329171316964286 0.6514718191964286 0.4747140066964286 0.7745186941964286 0.5098702566964286 0.7295968191964286 0.6680733816964286
0 0 0.0943429129464286 0.3203125 0.0357491629464286 0.3515625 0.14707728794642855 0.02734375 0.20762416294642858
0 0.3016357421875 0.01520647321428576 0.4633091517857143 0 0.4908447265625 0.11199079241071432 0.3443603515625 0.15471540178571433
0 0.00390625 0.53125 0.123046875 0.513671875 0.1328125 0.60546875 0.013671875 0.626953125
0 0.9006522042410714 0.3125348772321429 0.8875732421875 0.3500279017857143 0.8213065011160714 0.3160226004464286 0.8387451171875 0.2820172991071429