0 0.8671875 0.099609375 0.88671875 0.099609375 0.88671875 0 0.8671875 0
0 0.8046875 0.1328125 0.826171875 0.1328125 0.826171875 0.109375 0.8046875 0.109375
0 0.85546875 0.103515625 0.826171875 0.103515625 0.826171875 0.1328125 0.85546875 0.1328125
0 0.85546875 0.103515625 0.85546875 0.14453125 0.8828125 0.14453125 0.8828125 0.138671875 0.93359375 0.181640625 0.9453125 0.16796875 0.9453125 0.158203125 0.8828125 0.103515625
0 1 0.189453125 1 0.158203125 0.990234375 0.158203125 0.990234375 0.189453125
0 0.990234375 0.158203125 0.9453125 0.158203125 0.9453125 0.197265625 0.990234375 0.197265625 0.990234375 0.189453125
0 0.01171875 0.0234375 0 0.0234375 0 0.0625 0.029296875 0.0625 0.029296875 0.052734375 0.02734375 0.046875 0.02734375 0.048828125 0.01171875 0.017578125
0 0.322265625 0.021484375 0.32421875 0.03515625 0.314453125 0.03515625 0.31640625 0.044921875 0.2890625 0.048828125 0.28515625 0.029296875 0.248046875 0.03515625 0.240234375 0.07421875 0.28125 0.06640625 0.28515625 0.091796875 0.26953125 0.09375 0.275390625 0.130859375 0.35546875 0.1171875 0.349609375 0.080078125 0.3359375 0.08203125 0.33203125 0.05859375 0.365234375 0.052734375 0.357421875 0.015625
0 0.201171875 0.02734375 0.197265625 0.046875 0.181640625 0.044921875 0.18359375 0.03125 0.16015625 0.02734375 0.16015625 0.021484375 0.130859375 0.015625 0.125 0.0546875 0.146484375 0.05859375 0.138671875 0.111328125 0.21875 0.125 0.22265625 0.095703125 0.20703125 0.091796875 0.2109375 0.068359375 0.240234375 0.07421875 0.248046875 0.03515625
0 0.24609375 0.306640625 0.24609375 0.28125 0.142578125 0.283203125 0.142578125 0.310546875 0.162109375 0.310546875 0.162109375 0.345703125 0.142578125 0.345703125 0.142578125 0.37109375 0.24609375 0.37109375 0.24609375 0.34375 0.228515625 0.34375 0.228515625 0.306640625
0 0.025390625 0.490234375 0.025390625 0.501953125 0.02734375 0.501953125 0.02734375 0.513671875 0 0.513671875 0 0.58203125 0.0546875 0.58203125 0.0546875 0.55859375 0.046875 0.55859375 0.046875 0.548828125 0.03515625 0.548828125 0.03515625 0.53125 0.072265625 0.53125 0.072265625 0.490234375
0 0.017578125 0.705078125 0.017578125 0.716796875 0.01953125 0.716796875 0.01953125 0.728515625 0 0.728515625 0 0.796875 0.046875 0.796875 0.046875 0.771484375 0.041015625 0.771484375 0.041015625 0.763671875 0.029296875 0.763671875 0.029296875 0.74609375 0.06640625 0.74609375 0.06640625 0.705078125
0 0.14453125 0.765625 0.142578125 0.822265625 0.15234375 0.82421875 0.15234375 0.8203125 0.17578125 0.8203125 0.17578125 0.82421875 0.1875 0.82421875 0.189453125 0.818359375 0.203125 0.8203125 0.203125 0.82421875 0.25 0.82421875 0.25 0.8203125 0.2578125 0.8203125 0.2578125 0.767578125
0 0.240234375 0.724609375 0.23828125 0.732421875 0.13671875 0.73046875 0.134765625 0.765625 0.263671875 0.767578125 0.263671875 0.724609375
0 0.14453125 0.927734375 0.248046875 0.92578125 0.248046875 0.87890625 0.14453125 0.87890625
0 0.13671875 0.982421875 0.13671875 1 0.263671875 1 0.263671875 0.9921875 0.255859375 0.994140625 0.255859375 0.986328125 0.248046875 0.986328125 0.248046875 0.98046875
0 0.265625 0.548828125 0.265625 0.55859375 0.224609375 0.55859375 0.224609375 0.55078125 0.1875 0.55078125 0.1875 0.55859375 0.166015625 0.55859375 0.166015625 0.595703125 0.189453125 0.595703125 0.189453125 0.6015625 0.22265625 0.6015625 0.22265625 0.595703125 0.267578125 0.595703125 0.267578125 0.6015625 0.30078125 0.6015625 0.30078125 0.595703125 0.32421875 0.595703125 0.32421875 0.55859375 0.302734375 0.55859375 0.302734375 0.548828125
0 0.078125 0.931640625 0.076171875 1 0.103515625 1 0.103515625 0.93359375
0 0.021484375 0.9453125 0.0234375 0.916015625 0 0.916015625 0 0.943359375
0 0.060546875 0.9453125 0.064453125 0.923828125 0.044921875 0.919921875 0.041015625 0.94140625
0 0.31640625 0.224609375 0.314453125 0.25390625 0.333984375 0.255859375 0.333984375 0.29296875 0.314453125 0.29296875 0.314453125 0.322265625 0.4765625 0.32421875 0.4765625 0.291015625 0.45703125 0.291015625 0.458984375 0.2578125 0.4765625 0.2578125 0.478515625 0.2265625 0.427734375 0.224609375 0.38671875 0.224609375
0 0.076171875 0.8984375 0.078125 0.849609375 0 0.845703125 0 0.896484375 0.076171875 0.8984375