0 0.12109375 0.54296875 0.125 0.55859375 0.1015625 0.564453125 0.09765625 0.548828125 0.052734375 0.560546875 0.056640625 0.572265625 0.03125 0.580078125 0.05078125 0.654296875 0.20703125 0.615234375 0.189453125 0.5390625 0.162109375 0.546875 0.16015625 0.533203125
0 0.134765625 0.83203125 0.138671875 0.84765625 0.11328125 0.853515625 0.109375 0.83984375 0.06640625 0.849609375 0.0703125 0.86328125 0.044921875 0.869140625 0.064453125 0.9453125 0.220703125 0.904296875 0.201171875 0.830078125 0.17578125 0.8359375 0.173828125 0.822265625
0 0.529296875 0.74609375 0.533203125 0.76171875 0.5078125 0.767578125 0.50390625 0.751953125 0.4609375 0.763671875 0.46484375 0.775390625 0.4375 0.783203125 0.45703125 0.857421875 0.615234375 0.818359375 0.595703125 0.7421875 0.5703125 0.75 0.56640625 0.736328125
0 0.5 0.609375 0.50390625 0.625 0.478515625 0.630859375 0.474609375 0.6171875 0.431640625 0.626953125 0.435546875 0.640625 0.41015625 0.646484375 0.4296875 0.72265625 0.5859375 0.681640625 0.56640625 0.607421875 0.541015625 0.61328125 0.537109375 0.599609375
0 0.787109375 0.51953125 0.791015625 0.533203125 0.765625 0.541015625 0.76171875 0.525390625 0.71875 0.537109375 0.72265625 0.548828125 0.697265625 0.5546875 0.716796875 0.630859375 0.873046875 0.591796875 0.853515625 0.515625 0.828125 0.521484375 0.82421875 0.509765625
0 0.318359375 0.478515625 0.322265625 0.494140625 0.298828125 0.5 0.294921875 0.484375 0.25 0.49609375 0.25390625 0.5078125 0.228515625 0.515625 0.248046875 0.591796875 0.40625 0.55078125 0.38671875 0.474609375 0.361328125 0.482421875 0.357421875 0.46875
0 0.609375 0.42578125 0.61328125 0.439453125 0.58984375 0.447265625 0.5859375 0.431640625 0.54296875 0.44140625 0.544921875 0.455078125 0.51953125 0.4609375 0.5390625 0.537109375 0.697265625 0.498046875 0.677734375 0.421875 0.65234375 0.427734375 0.6484375 0.416015625
0 0.900390625 0.36328125 0.904296875 0.376953125 0.880859375 0.384765625 0.876953125 0.369140625 0.833984375 0.37890625 0.8359375 0.392578125 0.810546875 0.3984375 0.830078125 0.474609375 0.98828125 0.43359375 0.96875 0.359375 0.943359375 0.365234375 0.939453125 0.3515625
0 0.58984375 0.8828125 0.59375 0.90234375 0.57421875 0.90625 0.568359375 0.88671875 0.533203125 0.89453125 0.5390625 0.92578125 0.5234375 0.927734375 0.5390625 0.990234375 0.666015625 0.9609375 0.650390625 0.8984375 0.626953125 0.904296875 0.619140625 0.875
0 0.859375 0.79296875 0.865234375 0.822265625 0.849609375 0.826171875 0.841796875 0.796875 0.8046875 0.806640625 0.806640625 0.818359375 0.78125 0.82421875 0.7890625 0.861328125 0.794921875 0.859375 0.802734375 0.892578125 0.822265625 0.888671875 0.82421875 0.8984375 0.923828125 0.875 0.921875 0.865234375 0.94140625 0.859375 0.927734375 0.802734375 0.919921875 0.8046875 0.91796875 0.791015625 0.904296875 0.79296875 0.90234375 0.783203125
0 0.37890625 0.04296875 0.3828125 0.052734375 0.33984375 0.064453125 0.337890625 0.0546875 0.2890625 0.06640625 0.29296875 0.08203125 0.25390625 0.091796875 0.25 0.078125 0.1953125 0.09375 0.19921875 0.10546875 0.173828125 0.111328125 0.189453125 0.1640625 0.46875 0.0859375 0.455078125 0.033203125 0.421875 0.04296875 0.41796875 0.03125
0 0.658203125 0.009765625 0.654296875 0 0.607421875 0 0.6015625 0.001953125 0.607421875 0.021484375 0.564453125 0.033203125 0.560546875 0.013671875 0.505859375 0.029296875 0.509765625 0.041015625 0.48828125 0.046875 0.501953125 0.095703125 0.77734375 0.017578125 0.771484375 0 0.69140625 0
0 0.08984375 0.060546875 0.123046875 0.060546875 0.119140625 0 0.0859375 0
0 0.064453125 0.03515625 0.029296875 0.0390625 0.044921875 0.166015625 0.08203125 0.162109375
0 0.107421875 0.150390625 0.13671875 0.1484375 0.12890625 0.068359375 0.099609375 0.0703125
0 0.033203125 0.01953125 0.064453125 0.015625 0.0625 0 0.03125 0