0 0.025390625 0.986328125 0.025390625 0.93359375 0 0.931640625 0 0.984375
0 0 0.6796875 0 0.828125 0.029296875 0.828125 0.029296875 0.6796875
0 0.21484375 0.46484375 0.21484375 0.29296875 0.1171875 0.29296875 0.1171875 0.46484375
0 0.1171875 0.55859375 0.333984375 0.55859375 0.333984375 0.46484375 0.1171875 0.46484375
0 0.029296875 0.205078125 0.029296875 0.15625 0 0.15625 0 0.205078125
0 0.375 0.60546875 0.421875 0.60546875 0.421875 0.580078125 0.375 0.580078125
0 0.189453125 0.07421875 0.3984375 0.07421875 0.3984375 0 0.13671875 0 0.13671875 0.09765625 0.189453125 0.09765625
0 0.13671875 0.18359375 0.19140625 0.18359375 0.19140625 0.09765625 0.13671875 0.09765625
0 0.30078125 0.88671875 0.30078125 0.91015625 0.337890625 0.91015625 0.337890625 0.98046875 0.44140625 0.98046875 0.44140625 0.892578125 0.337890625 0.892578125 0.337890625 0.88671875
0 0.474609375 0.892578125 0.44140625 0.892578125 0.44140625 1 0.474609375 1
0 0.10546875 0.775390625 0.10546875 0.837890625 0.1796875 0.837890625 0.1796875 0.8671875 0.259765625 0.8671875 0.259765625 0.798828125 0.1796875 0.798828125 0.1796875 0.775390625
0 0.3671875 0.6484375 0.3671875 0.6953125 0.51171875 0.6953125 0.51171875 0.7109375 0.7109375 0.7109375 0.7109375 0.666015625 0.51171875 0.666015625 0.51171875 0.6484375
0 0.345703125 0.73828125 0.345703125 0.6796875 0.228515625 0.6796875 0.228515625 0.73828125
0 0.51171875 0.03515625 0.80078125 0.03515625 0.80078125 0 0.48828125 0 0.48828125 0.025390625 0.45703125 0.025390625 0.45703125 0.107421875 0.51171875 0.107421875
0 0.841796875 0.025390625 1 0.025390625 1 0 0.841796875 0
0 0.84765625 0.16015625 0.84765625 0.205078125 1 0.205078125 1 0.16015625
0 0.4765625 0.1640625 0.4765625 0.212890625 0.796875 0.212890625 0.796875 0.1640625
0 0.849609375 0.337890625 0.849609375 0.38671875 1 0.38671875 1 0.337890625
0 0.4765625 0.3359375 0.4765625 0.384765625 0.796875 0.384765625 0.796875 0.3359375
0 0.841796875 0.513671875 0.841796875 0.5625 1 0.5625 1 0.513671875
0 0.45703125 0.447265625 0.45703125 0.517578125 0.486328125 0.517578125 0.486328125 0.5625 0.798828125 0.5625 0.798828125 0.517578125 0.505859375 0.517578125 0.505859375 0.447265625
0 0.75 0.673828125 0.75 0.72265625 1 0.72265625 1 0.673828125
0 0.73828125 0.984375 0.73828125 1 1 1 1 0.984375
0 0.740234375 0.833984375 0.740234375 0.884765625 1 0.884765625 1 0.833984375
0 0.49609375 0.984375 0.49609375 1 0.697265625 1 0.697265625 0.984375
0 0.701171875 0.875 0.701171875 0.83203125 0.498046875 0.83203125 0.498046875 0.875
0 0.515625 0.951171875 0.68359375 0.951171875 0.68359375 0.90625 0.515625 0.90625
0 0.107421875 0.6640625 0.107421875 0.68359375 0.193359375 0.68359375 0.193359375 0.6640625
0 0.44140625 0.98046875 0.33203125 0.98046875 0.33203125 1 0.44140625 1
0 0.048828125 0.041015625 0.048828125 0 0 0 0 0.04296875 0.048828125 0.041015625
0 0.033203125 0.388671875 0.033203125 0.322265625 0 0.322265625 0 0.388671875 0.033203125 0.388671875
0 0.203125 1 0.203125 0.97265625 0.099609375 0.974609375 0.099609375 1 0.203125 1