0 0.595703125 0.271484375 0.71484375 0.259765625 0.708984375 0.203125 0.58984375 0.212890625
0 0.478515625 0.431640625 0.591796875 0.421875 0.587890625 0.365234375 0.474609375 0.375
0 0.4453125 0.162109375 0.5546875 0.15234375 0.548828125 0.095703125 0.44140625 0.10546875
0 0.95703125 0 0.80859375 0 0.8125 0.0546875 0.9609375 0.041015625
0 0.787109375 0.3046875 0.787109375 0.314453125 0.7578125 0.31640625 0.7578125 0.326171875 0.744140625 0.328125 0.751953125 0.423828125 0.87890625 0.412109375 0.87109375 0.31640625 0.853515625 0.318359375 0.8515625 0.30859375 0.830078125 0.310546875 0.828125 0.30078125
0 0.5703125 0.833984375 0.572265625 0.849609375 0.52734375 0.85546875 0.53125 0.91015625 0.646484375 0.900390625 0.642578125 0.84375 0.61328125 0.84765625 0.611328125 0.830078125
0 0.546875 0.599609375 0.546875 0.609375 0.501953125 0.61328125 0.5078125 0.673828125 0.626953125 0.6640625 0.623046875 0.6015625 0.59765625 0.603515625 0.595703125 0.595703125
0 0.833984375 0.77734375 0.953125 0.765625 0.943359375 0.66015625 0.82421875 0.671875
0 0.73046875 0.873046875 0.73046875 0.890625 0.70703125 0.892578125 0.716796875 0.984375 0.833984375 0.974609375 0.826171875 0.880859375 0.80859375 0.8828125 0.806640625 0.8671875
0 0.099609375 0.388671875 0.408203125 0.357421875 0.40234375 0.3046875 0.09375 0.3359375
0 0 0.33984375 0 0.3984375 0.052734375 0.39453125 0.046875 0.337890625
0 0.451171875 0.689453125 0.4453125 0.640625 0.140625 0.671875 0.146484375 0.720703125
0 0.46484375 0.85546875 0.458984375 0.8046875 0.15625 0.8359375 0.162109375 0.88671875
0 0.431640625 0.521484375 0.427734375 0.478515625 0.21484375 0.5 0.21875 0.54296875
0 0.234375 0 0.181640625 0 0.189453125 0.08203125 0.2421875 0.076171875
0 0.23046875 0.078125 0.232421875 0.09765625 0.21484375 0.09765625 0.216796875 0.1328125 0.236328125 0.1328125 0.236328125 0.14453125 0.33984375 0.13671875 0.337890625 0.123046875 0.34765625 0.12109375 0.34375 0.0859375 0.333984375 0.087890625 0.33203125 0.068359375
0 0.958984375 0.42578125 0.953125 0.427734375 0.94921875 0.431640625 0.9453125 0.43359375 0.94140625 0.4375 0.939453125 0.44140625 0.9375 0.447265625 0.935546875 0.451171875 0.935546875 0.45703125 0.935546875 0.4609375 0.9375 0.466796875 0.939453125 0.470703125 0.94140625 0.474609375 0.9453125 0.478515625 0.94921875 0.482421875 0.955078125 0.484375 0.958984375 0.484375 0.96484375 0.486328125 0.96875 0.486328125 0.974609375 0.484375 1 0.48046875 1 0.337890625 0.962890625 0.341796875 0.96875 0.42578125 0.962890625 0.42578125
0 0.076171875 0.744140625 0.072265625 0.681640625 0 0.6875 0 0.75 0.076171875 0.744140625
0 0.08984375 0.91015625 0.0859375 0.84765625 0 0.853515625 0 0.916015625 0.08984375 0.91015625
0 0.0546875 0.578125 0.052734375 0.515625 0 0.517578125 0 0.580078125 0.0546875 0.578125
0 0.466796875 0.998046875 0.466796875 0.970703125 0.275390625 0.970703125 0.275390625 0.998046875 0.466796875 0.998046875
0 0.064453125 0.21875 0.060546875 0.15625 0 0.158203125 0.00390625 0.22265625 0.064453125 0.21875
0 0.89453125 0.615234375 0.876953125 0.45703125 0.822265625 0.462890625 0.83984375 0.62109375 0.89453125 0.615234375