0 0.40625 1 0.830078125 0.888671875 0.81640625 0.83203125 0.390625 0.943359375
0 0.83984375 0.91796875 0.841796875 0.88671875 0.830078125 0.888671875 0.40625 1 0.5234375 1
0 0.10546875 0.982421875 0 0.998046875 0 1 0.107421875 1
0 0.560546875 0.314453125 0.546875 0.259765625 0.240234375 0.333984375 0.251953125 0.388671875
0 0.298828125 0.560546875 0.60546875 0.482421875 0.59375 0.431640625 0.287109375 0.5078125
0 0.3359375 0.654296875 0.6484375 0.568359375 0.62890625 0.501953125 0.318359375 0.587890625
0 0.28125 0 0 0 0 0.19140625 0.310546875 0.11328125
0 0.6171875 0.015625 0.6328125 0.068359375 0.8984375 0 0.677734375 0
0 0.98828125 0.087890625 0.98046875 0.08984375 0.658203125 0.173828125 0.671875 0.22265625 1 0.138671875 1 0.12890625
0 0.767578125 0.533203125 1 0.470703125 1 0.404296875 0.75 0.470703125
0 0.826171875 0.451171875 0.814453125 0.404296875 0.73828125 0.423828125 0.75 0.470703125
0 0.703125 0.333984375 0.716796875 0.384765625 1 0.30859375 1 0.25390625
0 0.091796875 0.548828125 0.15234375 0.53515625 0.146484375 0.5078125 0.0859375 0.521484375
0 0.060546875 0.4375 0.0703125 0.478515625 0 0.4921875 0 0.533203125 0.083984375 0.513671875 0.0859375 0.521484375 0.138671875 0.509765625 0.13671875 0.501953125 0.232421875 0.48046875 0.22265625 0.443359375 0.126953125 0.46484375 0.1171875 0.423828125
0 0.517578125 0.119140625 0 0.248046875 0 0.28125 0.525390625 0.150390625
0 0.458984375 0.193359375 0.470703125 0.23828125 0.54296875 0.220703125 0.533203125 0.17578125 0.5078125 0.181640625
0 0.525390625 0.150390625 0.501953125 0.15625 0.5078125 0.181640625 0.533203125 0.17578125
0 0.28515625 1 0.28515625 0.974609375 0.17578125 0.974609375 0.17578125 0.998046875 0.28515625 1