0 0 0.486328125 0 0.560546875 0.068359375 0.560546875 0.0703125 0.48828125
0 0.001953125 0.6875 0 0.767578125 0 1 0.318359375 1 0.3203125 0.93359375 0.0703125 0.935546875 0.072265625 0.689453125
0 0.060546875 0.609375 0 0.609375 0 0.6875 0.060546875 0.689453125
0 0.341796875 0.873046875 0.337890625 0.685546875 0.248046875 0.6875 0.251953125 0.875 0.27734375 0.875 0.27734375 0.93359375 0.306640625 0.93359375 0.306640625 0.873046875
0 0.384765625 0.669921875 0.3828125 0.603515625 0.23046875 0.607421875 0.232421875 0.673828125
0 0.9921875 0.728515625 0.9921875 0.798828125 1 0.798828125 1 0.728515625
0 0.904296875 0.48828125 0.794921875 0.48828125 0.794921875 0.513671875 0.904296875 0.513671875
0 0.865234375 0.5234375 0.865234375 0.54296875 0.892578125 0.54296875 0.892578125 0.5234375
0 0.97265625 0.51171875 0.97265625 0.484375 0.94921875 0.484375 0.94921875 0.51171875
0 0.796875 0.255859375 0.904296875 0.255859375 0.904296875 0.234375 0.796875 0.234375
0 0.068359375 0.248046875 0.0703125 0.025390625 0.080078125 0.025390625 0.080078125 0.013671875 0.228515625 0.013671875 0.228515625 0.025390625 0.302734375 0.02734375 0.302734375 0 0 0 0 0.248046875
0 0.998046875 0.330078125 0.998046875 0.2421875 0.96875 0.2421875 0.96875 0.330078125 0.998046875 0.330078125
0 1 0.423828125 0.998046875 0.326171875 0.96875 0.326171875 0.970703125 0.42578125 1 0.423828125
0 0.2109375 0.791015625 0.2109375 0.7421875 0.078125 0.73828125 0.078125 0.7890625 0.2109375 0.791015625