0 0.412109375 0.25390625 0.4609375 0.248046875 0.453125 0.19921875 0.404296875 0.20703125
0 0.208984375 0.267578125 0.24609375 0.263671875 0.23828125 0.2109375 0.203125 0.21484375
0 0.263671875 0.248046875 0.296875 0.244140625 0.291015625 0.197265625 0.2578125 0.201171875
0 0.390625 0.197265625 0.34375 0.205078125 0.349609375 0.248046875 0.3984375 0.240234375
0 0.33203125 0.30859375 0.27734375 0.31640625 0.283203125 0.365234375 0.337890625 0.357421875
0 0.1875 0.328125 0.16015625 0.33203125 0.166015625 0.380859375 0.193359375 0.37890625
0 0.27734375 0.31640625 0.244140625 0.3203125 0.251953125 0.369140625 0.283203125 0.365234375
0 0.193359375 0.37890625 0.224609375 0.373046875 0.216796875 0.32421875 0.1875 0.328125
0 0.244140625 0.3203125 0.216796875 0.32421875 0.224609375 0.373046875 0.251953125 0.369140625
0 0.365234375 0.3515625 0.3984375 0.34765625 0.390625 0.298828125 0.359375 0.3046875
0 0.458984375 0.337890625 0.509765625 0.330078125 0.50390625 0.283203125 0.453125 0.2890625
0 0.521484375 0.330078125 0.568359375 0.322265625 0.560546875 0.275390625 0.513671875 0.28515625
0 0.177734375 0.455078125 0.216796875 0.44921875 0.208984375 0.408203125 0.169921875 0.4140625
0 0.412109375 0.431640625 0.4453125 0.427734375 0.4375 0.37109375 0.404296875 0.375
0 0.47265625 0.416015625 0.51171875 0.412109375 0.505859375 0.365234375 0.46484375 0.37109375
0 0.228515625 0.5078125 0.267578125 0.501953125 0.259765625 0.455078125 0.21875 0.462890625
0 0.21875 0.462890625 0.177734375 0.470703125 0.1875 0.515625 0.228515625 0.5078125
0 0.294921875 0.505859375 0.337890625 0.498046875 0.328125 0.447265625 0.287109375 0.455078125
0 0.359375 0.4921875 0.400390625 0.486328125 0.39453125 0.439453125 0.3515625 0.4453125
0 0.431640625 0.484375 0.494140625 0.4765625 0.48828125 0.431640625 0.42578125 0.44140625
0 0.501953125 0.4765625 0.54296875 0.47265625 0.537109375 0.42578125 0.49609375 0.4296875
0 0.625 0.45703125 0.654296875 0.453125 0.6484375 0.40625 0.619140625 0.41015625
0 0.2421875 0.54296875 0.244140625 0.5546875 0.23046875 0.556640625 0.23828125 0.591796875 0.28515625 0.58203125 0.27734375 0.546875 0.26171875 0.55078125 0.259765625 0.5390625
0 0.4375 0.560546875 0.478515625 0.556640625 0.47265625 0.513671875 0.431640625 0.517578125
0 0.4609375 0.619140625 0.50390625 0.615234375 0.5 0.57421875 0.45703125 0.578125
0 0.244140625 0.6484375 0.28125 0.642578125 0.275390625 0.60546875 0.23828125 0.609375
0 0.197265625 0.658203125 0.216796875 0.65625 0.2109375 0.609375 0.19140625 0.611328125
0 0.220703125 0.806640625 0.26171875 0.80078125 0.255859375 0.75 0.21484375 0.75390625
0 0.208984375 0.73828125 0.2421875 0.734375 0.23828125 0.689453125 0.205078125 0.693359375
0 0.37890625 0.720703125 0.423828125 0.71484375 0.41796875 0.66796875 0.373046875 0.673828125
0 0.373046875 0.673828125 0.333984375 0.6796875 0.33984375 0.724609375 0.37890625 0.720703125
0 0.521484375 0.69140625 0.560546875 0.6875 0.556640625 0.646484375 0.517578125 0.650390625
0 0.61328125 0.6875 0.654296875 0.681640625 0.6484375 0.634765625 0.60546875 0.640625
0 0.744140625 0.623046875 0.703125 0.626953125 0.708984375 0.671875 0.75 0.666015625
0 0.75 0.666015625 0.791015625 0.66015625 0.78515625 0.6171875 0.744140625 0.623046875
0 0.64453125 0.541015625 0.70703125 0.533203125 0.703125 0.486328125 0.638671875 0.4921875
0 0.638671875 0.4921875 0.6015625 0.49609375 0.607421875 0.544921875 0.64453125 0.541015625
0 0.578125 0.5 0.58203125 0.54296875 0.60546875 0.5390625 0.6015625 0.49609375
0 0.7265625 0.544921875 0.693359375 0.55078125 0.701171875 0.59765625 0.732421875 0.59375
0 0.61328125 0.611328125 0.66015625 0.603515625 0.65234375 0.556640625 0.60546875 0.5625
0 0.693359375 0.55078125 0.65234375 0.556640625 0.66015625 0.603515625 0.701171875 0.59765625
0 0.595703125 0.560546875 0.55078125 0.56640625 0.556640625 0.615234375 0.6015625 0.607421875
0 0.80859375 0.865234375 0.80078125 0.884765625 0.828125 0.89453125 0.8359375 0.875
0 0.80859375 0.865234375 0.8359375 0.875 0.84375 0.853515625 0.81640625 0.84375
0 0.78125 0.9296875 0.80859375 0.94140625 0.81640625 0.92578125 0.7890625 0.9140625
0 0.796875 0.892578125 0.7890625 0.9140625 0.81640625 0.92578125 0.82421875 0.904296875
0 0.7578125 0.978515625 0.787109375 0.98828125 0.794921875 0.96875 0.765625 0.95703125
0 0.7734375 0.9375 0.765625 0.95703125 0.794921875 0.96875 0.802734375 0.947265625
0 0.224609375 0.9609375 0.2578125 0.966796875 0.267578125 0.91796875 0.232421875 0.912109375
0 0.27734375 0.96875 0.314453125 0.9765625 0.322265625 0.927734375 0.28515625 0.921875
0 0.32421875 0.984375 0.359375 0.990234375 0.369140625 0.9375 0.333984375 0.931640625
0 0.36328125 1 0.40234375 1 0.408203125 0.970703125 0.373046875 0.962890625
0 0.412109375 1 0.451171875 1 0.455078125 0.978515625 0.41796875 0.97265625
0 0.462890625 1 0.498046875 1 0.50390625 0.96484375 0.470703125 0.9609375
0 0.509765625 1 0.552734375 1 0.55859375 0.982421875 0.517578125 0.97265625
0 0.982421875 0.880859375 1 0.8828125 1 0.85546875 0.986328125 0.853515625
0 0.982421875 0.880859375 0.9765625 0.916015625 1 0.91796875 1 0.8828125
0 0.912109375 0.755859375 0.935546875 0.728515625 0.8984375 0.697265625 0.875 0.7265625 0.90625 0.751953125
0 0.875 0.7265625 0.857421875 0.74609375 0.888671875 0.7734375 0.90625 0.751953125
0 0.978515625 0.56640625 0.953125 0.59375 0.978515625 0.6171875 1 0.595703125 1 0.583984375
0 0.978515625 0.6171875 1 0.63671875 1 0.595703125
0 0.94921875 0.591796875 0.9296875 0.61328125 0.966796875 0.6484375 0.986328125 0.625 0.953125 0.59375
0 0.92578125 0.609375 0.91015625 0.626953125 0.947265625 0.66015625 0.9609375 0.64453125 0.9296875 0.61328125
0 0.927734375 0.681640625 0.916015625 0.69140625 0.93359375 0.708984375 0.9453125 0.697265625 0.94140625 0.693359375
0 0.974609375 0.65625 0.958984375 0.671875 1 0.708984375 1 0.677734375 0.982421875 0.662109375
0 0.982421875 0.662109375 1 0.677734375 1 0.64453125
0 0.986328125 0.625 0.966796875 0.6484375 0.982421875 0.662109375 1 0.64453125 1 0.63671875
0 0.9609375 0.64453125 0.947265625 0.66015625 0.958984375 0.671875 0.974609375 0.65625 0.966796875 0.6484375
0 0.890625 0.6484375 0.94140625 0.693359375 0.958984375 0.671875 0.91015625 0.626953125
0 0.3984375 0.76953125 0.390625 0.736328125 0.357421875 0.744140625 0.365234375 0.77734375 0.3984375 0.76953125
0 0.515625 0.5546875 0.509765625 0.49609375 0.48046875 0.5 0.486328125 0.55859375 0.515625 0.5546875