0 0.810546875 0.107421875 0.8203125 0.083984375 0.640625 0 0.615234375 0 0.609375 0.013671875
0 0.6796875 0.40625 0.689453125 0.384765625 0.482421875 0.2890625 0.47265625 0.310546875
0 0.564453125 0.7109375 0.57421875 0.6875 0.34765625 0.5859375 0.3359375 0.609375
0 0.4296875 1 0.435546875 1 0.447265625 0.9765625 0.220703125 0.869140625 0.208984375 0.896484375
0 0.314453125 0.833984375 0.3203125 0.814453125 0.296875 0.806640625 0.2890625 0.82421875
0 0.916015625 0.044921875 0.890625 0.08203125 0.865234375 0.119140625 0.841796875 0.158203125 0.822265625 0.19921875 0.802734375 0.240234375 0.78515625 0.28125 0.771484375 0.32421875 0.7578125 0.369140625 0.748046875 0.412109375 0.740234375 0.45703125 0.4921875 1 0.666015625 1 0.806640625 0.69140625 0.80859375 0.697265625 0.82421875 0.671875 0.841796875 0.646484375 0.861328125 0.625 0.884765625 0.603515625 0.908203125 0.583984375 0.931640625 0.56640625 0.958984375 0.55078125 0.986328125 0.5390625 1 0.533203125 1 0 0.935546875 0
0 0.873046875 0.861328125 0.84765625 0.849609375 0.802734375 0.947265625 0.830078125 0.958984375
0 0.77734375 1 0.810546875 1 0.830078125 0.958984375 0.802734375 0.947265625
0 0.796875 0.83203125 0.81640625 0.849609375 0.837890625 0.82421875 0.8203125 0.806640625
0 0.79296875 0.892578125 0.802734375 0.87890625 0.779296875 0.86328125 0.76953125 0.876953125
0 0.748046875 0.91015625 0.76171875 0.921875 0.775390625 0.90625 0.759765625 0.89453125
0 0.736328125 0.92578125 0.759765625 0.94140625 0.765625 0.931640625 0.7421875 0.916015625
0 0.265625 0.998046875 0.287109375 0.9453125 0.201171875 0.908203125 0.1796875 0.9609375
0 0.5546875 0.259765625 0.634765625 0.08984375 0.57421875 0.0625 0.49609375 0.23046875