0 0.986328125 0.8671875 0.9453125 0.94140625 0.990234375 0.96484375 1 0.9453125 1 0.873046875
0 0.85546875 0.890625 0.82421875 0.943359375 0.92578125 1 0.97265625 1 0.9921875 0.96484375
0 0.921875 0.759765625 0.890625 0.814453125 1 0.873046875 1 0.802734375
0 0.966796875 0.62890625 0.939453125 0.68359375 1 0.71484375 1 0.64453125
0 0.615234375 0.140625 0.65234375 0.16015625 0.693359375 0.087890625 0.65625 0.068359375
0 0.65625 0.068359375 0.6953125 0.08984375 0.744140625 0 0.693359375 0
0 0.56640625 1 0.685546875 1 0.544921875 0.92578125 0.51953125 0.974609375
0 0.470703125 0.95703125 0.49609375 0.9140625 0.326171875 0.80859375 0.298828125 0.8515625
0 0.310546875 1 0.412109375 1 0.279296875 0.9140625 0.25 0.9609375
0 0.083984375 0.755859375 0.04296875 0.82421875 0.078125 0.84375 0.119140625 0.775390625 0.1171875 0.775390625
0 0.1484375 0.64453125 0.119140625 0.6953125 0.15234375 0.71484375 0.162109375 0.697265625 0.177734375 0.705078125 0.1953125 0.673828125
0 0.119140625 0.6953125 0.083984375 0.755859375 0.1171875 0.775390625 0.15234375 0.71484375
0 0.296875 0.80078125 0.328125 0.74609375 0.267578125 0.7109375 0.236328125 0.763671875 0.2890625 0.794921875
0 0.25390625 0.775390625 0.193359375 0.87890625 0.228515625 0.8984375 0.2890625 0.794921875
0 0.15234375 0.71484375 0.126953125 0.7578125 0.228515625 0.818359375 0.25390625 0.775390625 0.236328125 0.763671875
0 0.400390625 0.69140625 0.57421875 0.80078125 0.599609375 0.76171875 0.423828125 0.65234375
0 0.1796875 0.35546875 0.1015625 0.5 0 0.443359375 0 0.498046875 0.125 0.568359375 0.2265625 0.380859375
0 0.046875 0.18359375 0.06640625 0.1484375 0 0.109375 0 0.154296875
0 0.216796875 0.287109375 0.1796875 0.35546875 0.2265625 0.380859375 0.263671875 0.314453125 0.25390625 0.30859375
0 0.0234375 0.25390625 0 0.240234375 0 0.296875
0 0.099609375 0.166015625 0.076171875 0.208984375 0.25390625 0.30859375 0.279296875 0.265625
0 0.087890625 0.35546875 0.1171875 0.37109375 0.142578125 0.326171875 0.11328125 0.310546875
0 0.126953125 0.28515625 0.068359375 0.251953125 0.017578125 0.345703125 0.078125 0.376953125 0.087890625 0.35546875
0 0.50390625 0.421875 0.533203125 0.369140625 0.359375 0.26953125 0.328125 0.3203125
0 0.24609375 0.45703125 0.4375 0.560546875 0.498046875 0.44921875 0.453125 0.423828125 0.421875 0.482421875 0.275390625 0.404296875
0 0.244140625 0.5703125 0.27734375 0.5 0.23046875 0.4765625 0.173828125 0.59375 0.357421875 0.685546875 0.380859375 0.638671875
0 0.046875 0.6953125 0.072265625 0.650390625 0 0.611328125 0 0.669921875
0 0.765625 0.208984375 0.7734375 0.197265625 0.724609375 0.16796875 0.68359375 0.234375 0.71875 0.25390625 0.712890625 0.265625 0.8125 0.326171875 0.8515625 0.259765625
0 0.26953125 0.083984375 0.30078125 0.025390625 0.251953125 0 0.109375 0
0 0.326171875 0.046875 0.294921875 0.099609375 0.537109375 0.2421875 0.568359375 0.189453125
0 0.5859375 0.271484375 0.623046875 0.205078125 0.576171875 0.177734375 0.537109375 0.2421875
0 0.802734375 0.005859375 0.7890625 0.03125 0.837890625 0.056640625 0.8671875 0 0.79296875 0
0 0.97265625 0.189453125 0.9453125 0.236328125 1 0.267578125 1 0.205078125
0 0.892578125 0.37109375 0.876953125 0.36328125 0.8515625 0.408203125 1 0.490234375 1 0.388671875 0.91015625 0.337890625
0 0.697265625 0.634765625 0.728515625 0.650390625 0.74609375 0.615234375 0.71484375 0.599609375
0 0.744140625 0.55859375 0.767578125 0.568359375 0.787109375 0.52734375 0.76171875 0.515625
0 0.6875 0.5234375 0.716796875 0.53515625 0.736328125 0.486328125 0.708984375 0.474609375
0 0.599609375 0.671875 0.6328125 0.68359375 0.6484375 0.638671875 0.615234375 0.626953125
0 0.03515625 0.79296875 0.03515625 0.708984375 0 0.708984375 0 0.79296875 0.03515625 0.79296875
0 0.998046875 0.091796875 1 0.001953125 0.9375 0.001953125 0.9375 0.091796875 0.998046875 0.091796875
0 0.5625 0.47265625 0.603515625 0.40625 0.560546875 0.37890625 0.517578125 0.4453125 0.5625 0.47265625