0 0.341796875 0.623046875 0.623046875 0.568359375 0.61328125 0.51953125 0.33203125 0.57421875
0 0.49609375 0.962890625 0.685546875 0.923828125 0.673828125 0.865234375 0.484375 0.90234375
0 0.380859375 0.802734375 0.576171875 0.763671875 0.564453125 0.705078125 0.369140625 0.744140625
0 0.298828125 0.673828125 0.248046875 0.68359375 0.25 0.693359375 0.048828125 0.732421875 0.0078125 0.7421875 0.005859375 0.73046875 0 0.73046875 0 0.798828125 0.3125 0.740234375
0 0.31640625 0.455078125 0.58203125 0.40234375 0.57421875 0.357421875 0.306640625 0.41015625
0 0.34375 0.83984375 0.291015625 0.849609375 0.29296875 0.86328125 0.04296875 0.9140625 0.041015625 0.8984375 0.005859375 0.90625 0.017578125 0.96875 0.35546875 0.900390625
0 0.6171875 0.75390625 0.818359375 0.712890625 0.80859375 0.65625 0.60546875 0.6953125
0 0.267578125 0.5078125 0.232421875 0.513671875 0.234375 0.525390625 0 0.5703125 0 0.62109375 0.279296875 0.56640625
0 0.23828125 0.392578125 0.224609375 0.31640625 0.1953125 0.322265625 0.19921875 0.33984375 0 0.376953125 0 0.439453125
0 0.865234375 0.701171875 1 0.673828125 1 0.61328125 0.85546875 0.642578125
0 0.900390625 0.87109375 1 0.849609375 1 0.791015625 0.888671875 0.814453125
0 0.177734375 0.15625 0.123046875 0.16796875 0.126953125 0.1796875 0 0.203125 0 0.251953125 0.189453125 0.216796875
0 0.921875 1 1 1 1 0.96484375 0.919921875 0.982421875
0 0 0.80078125 0 0.890625 0.021484375 1 0.1015625 1 0.09375 0.953125 0.017578125 0.96875 0.005859375 0.90625 0.041015625 0.8984375 0.04296875 0.9140625 0.083984375 0.90625 0.060546875 0.7890625
0 0 0.62109375 0 0.73046875 0.005859375 0.73046875 0.0078125 0.7421875 0.048828125 0.732421875 0.025390625 0.6171875
0 0.197265625 0.255859375 0.189453125 0.216796875 0 0.25390625 0 0.29296875
0 1 0.44140625 1 0.3984375 0.794921875 0.439453125 0.8046875 0.48046875
0 0.873046875 0.287109375 0.859375 0.21875 0.685546875 0.251953125 0.69921875 0.322265625 0.798828125 0.302734375
0 0.80859375 0.35546875 0.873046875 0.341796875 0.86328125 0.2890625 0.798828125 0.302734375
0 0.779296875 0.341796875 0.66796875 0.36328125 0.67578125 0.39453125 0.78515625 0.373046875
0 0.8359375 0.36328125 0.75390625 0.37890625 0.765625 0.435546875 0.84765625 0.41796875
0 0.75390625 0.37890625 0.646484375 0.400390625 0.68359375 0.591796875 0.79296875 0.5703125
0 0.822265625 0.06640625 0.623046875 0.10546875 0.634765625 0.158203125 0.83203125 0.119140625
0 0.359375 0.2109375 0.578125 0.166015625 0.564453125 0.095703125 0.4765625 0.11328125 0.4765625 0.119140625 0.28515625 0.158203125 0.31640625 0.3203125 0.37890625 0.306640625
0 1 0.31640625 1 0.23828125 0.955078125 0.248046875 0.96875 0.32421875
0 0.94921875 0.2265625 0.892578125 0.23828125 0.912109375 0.3359375 0.96875 0.32421875 0.955078125 0.248046875
0 1 0.09375 1 0.021484375 0.85546875 0.05078125 0.869140625 0.12109375
0 0.869140625 0.12109375 0.892578125 0.23828125 1 0.21484375 1 0.09375
0 0.58203125 0.3203125 0.57421875 0.275390625 0.375 0.310546875 0.3828125 0.35546875 0.58203125 0.3203125
0 0.640625 0.2890625 0.630859375 0.244140625 0.578125 0.2578125 0.587890625 0.302734375 0.640625 0.2890625