0 0.287109375 0.765625 0.27734375 0.716796875 0.03125 0.763671875 0.05078125 0.869140625 0.04296875 0.869140625 0.046875 0.89453125 0.0546875 0.892578125 0.064453125 0.947265625 0.12890625 0.93359375 0.103515625 0.80078125
0 0.078125 1 0.251953125 1 0.306640625 0.990234375 0.298828125 0.939453125 0.076171875 0.982421875
0 0.18359375 0.298828125 0.109375 0.314453125 0.115234375 0.3515625 0.12890625 0.349609375 0.13671875 0.39453125 0.201171875 0.3828125 0.1875 0.3125
0 0.134765625 0.439453125 0.2109375 0.423828125 0.205078125 0.396484375 0.12890625 0.41015625
0 0.12890625 0.689453125 0.220703125 0.671875 0.212890625 0.634765625 0.123046875 0.65234375 0.126953125 0.673828125
0 0.1171875 0.62890625 0.01953125 0.6484375 0.02734375 0.68359375 0.060546875 0.677734375 0.0625 0.6875 0.126953125 0.673828125 0.123046875 0.65234375
0 0.234375 0.3046875 0.1875 0.3125 0.193359375 0.341796875 0.216796875 0.3359375 0.23046875 0.408203125 0.25390625 0.40234375 0.23828125 0.33203125
0 0.4921875 0.041015625 0.490234375 0 0.4375 0 0.439453125 0.044921875 0.4921875 0.041015625
0 0.501953125 0.1015625 0.49609375 0.0390625 0.439453125 0.044921875 0.4453125 0.109375 0.501953125 0.1015625
0 0.501953125 0.162109375 0.494140625 0.09765625 0.4453125 0.1015625 0.453125 0.166015625 0.501953125 0.162109375
0 0.115234375 0.48828125 0.10546875 0.455078125 0 0.486328125 0 0.51953125 0.115234375 0.48828125