0 0.13671875 0.521484375 0.169921875 0.513671875 0.142578125 0.40234375 0.109375 0.412109375
0 0.158203125 0.625 0.1875 0.6171875 0.16796875 0.537109375 0.138671875 0.54296875
0 0.107421875 0.388671875 0.13671875 0.3828125 0.125 0.33984375 0.095703125 0.34765625
0 0.08984375 0.171875 0.056640625 0.1796875 0.09375 0.32421875 0.126953125 0.31640625
0 0.083984375 0.15234375 0.0546875 0.0390625 0.025390625 0.046875 0.0546875 0.16015625
0 0.05078125 0 0.015625 0 0.021484375 0.01953125 0.0546875 0.01171875
0 0.0859375 0.43359375 0.072265625 0.38671875 0 0.40625 0 0.45703125
0 0.068359375 0.328125 0.052734375 0.279296875 0 0.29296875 0 0.34765625
0 0.111328125 0.546875 0.09765625 0.494140625 0 0.51953125 0 0.57421875
0 0.541015625 0.595703125 0.732421875 0.54296875 0.70703125 0.44921875 0.515625 0.501953125
0 0.50390625 0.375 0.4921875 0.318359375 0.412109375 0.3359375 0.42578125 0.392578125
0 0.533203125 0.48046875 0.513671875 0.416015625 0.455078125 0.435546875 0.4765625 0.5
0 0.416015625 0.548828125 0.3984375 0.486328125 0.345703125 0.501953125 0.36328125 0.564453125
0 0.119140625 0.6953125 0.107421875 0.638671875 0 0.6640625 0 0.720703125
0 0.43359375 0.64453125 0.416015625 0.56640625 0.375 0.576171875 0.392578125 0.654296875
0 0.998046875 0.5113115347490348 1 0.26171875 0.8891167953667953 0.2971464768339768 0.9517072876447876 0.5301640926640927
0 0.466796875 0.498046875 0.44921875 0.41796875 0.384765625 0.43359375 0.400390625 0.51171875
0 0.29296875 0.998046875 0.287109375 0.9296875 0.1875 0.935546875 0.193359375 1
0 0.439453125 0.03125 0.439453125 0 0.326171875 0 0.326171875 0.03125
0 0.6875 0.423828125 0.6796875 0.39453125 0.6171875 0.41015625 0.625 0.439453125