0 0.869140625 0.7421875 0.927734375 0.71484375 0.841796875 0.525390625 0.783203125 0.552734375
0 0.970703125 0.88671875 1 0.87109375 1 0.8125 0.94921875 0.837890625
0 0.984375 0.94921875 1 0.94140625 1 0.900390625 0.96875 0.916015625
0 0.927734375 0.8046875 1 0.765625 1 0.736328125 0.998046875 0.734375 0.9140625 0.779296875
0 0.029296875 0.759765625 0.07421875 0.744140625 0.0625 0.70703125 0.017578125 0.724609375
0 0.087890625 0.751953125 0.29296875 0.666015625 0.275390625 0.625 0.0703125 0.708984375
0 0.337890625 0.79296875 0.3203125 0.755859375 0.12890625 0.837890625 0.146484375 0.875 0.166015625 0.8671875 0.173828125 0.884765625 0.15625 0.892578125 0.171875 0.927734375 0.189453125 0.921875 0.21875 0.908203125 0.1953125 0.853515625 0.263671875 0.82421875 0.271484375 0.84765625 0.25390625 0.85546875 0.26953125 0.892578125 0.2890625 0.884765625 0.318359375 0.87109375 0.29296875 0.8125
0 0.033203125 0.84375 0.029296875 0.8359375 0.0078125 0.84375 0.01171875 0.8515625 0 0.85546875 0 0.900390625 0.099609375 0.857421875 0.083984375 0.8203125
0 0.474609375 0.400390625 0.341796875 0.455078125 0.365234375 0.51171875 0.384765625 0.50390625 0.388671875 0.513671875 0.501953125 0.466796875
0 0.533203125 0.5625 0.52734375 0.548828125 0.50390625 0.55859375 0.509765625 0.572265625 0.4921875 0.578125 0.5390625 0.69140625 0.509765625 0.703125 0.525390625 0.73828125 0.546875 0.73046875 0.556640625 0.755859375 0.615234375 0.732421875 0.60546875 0.712890625 0.62890625 0.703125 0.56640625 0.548828125
0 0.197265625 0.275390625 0.177734375 0.30078125 0.19921875 0.318359375 0.154296875 0.326171875 0.171875 0.30078125 0.1484375 0.28515625 0.115234375 0.33203125 0.138671875 0.34765625 0.146484375 0.392578125 0.224609375 0.380859375 0.21875 0.341796875 0.22265625 0.341796875 0.220703125 0.333984375 0.240234375 0.310546875
0 0.013671875 0.279296875 0 0.29296875 0 0.310546875 0.01171875 0.322265625 0 0.322265625 0 0.3828125 0.037109375 0.3828125 0.037109375 0.345703125 0.021484375 0.345703125 0.021484375 0.330078125 0.03125 0.33984375 0.052734375 0.31640625
0 0.248046875 0.583984375 0.23046875 0.53515625 0.201171875 0.544921875 0.220703125 0.595703125
0 0.201171875 0.544921875 0.21875 0.5390625 0.19921875 0.48828125 0.140625 0.509765625 0.146484375 0.529296875 0.080078125 0.5546875 0.072265625 0.53515625 0.046875 0.544921875 0.06640625 0.59765625 0.203125 0.546875
0 0.203125 0.546875 0.11328125 0.580078125 0.1328125 0.62890625 0.220703125 0.595703125
0 0.068359375 0.619140625 0.048828125 0.626953125 0.056640625 0.650390625 0.078125 0.64453125
0 0.119140625 0.59375 0.06640625 0.61328125 0.078125 0.64453125 0.130859375 0.623046875
0 0.365234375 0.759765625 0.384765625 0.802734375 0.41015625 0.791015625 0.42578125 0.78515625 0.412109375 0.75390625 0.396484375 0.759765625 0.390625 0.748046875
0 0.03125 1 0.107421875 1 0.080078125 0.958984375 0.02734375 0.994140625
0 0.291015625 1 0.291015625 0.97265625 0.140625 0.97265625 0.140625 0.998046875 0.291015625 1