0 0.3125 0.134765625 0.369140625 0.140625 0.384765625 0.005859375 0.34375 0 0.326171875 0
0 0.423828125 0.04296875 0.64453125 0.068359375 0.65234375 0 0.427734375 0
0 0.4140625 0.1484375 0.630859375 0.173828125 0.638671875 0.111328125 0.421875 0.083984375
0 0.7578125 0.009765625 0.75390625 0.04296875 0.716796875 0.0390625 0.7109375 0.0859375 0.73046875 0.087890625 0.728515625 0.103515625 0.76953125 0.107421875 0.771484375 0.091796875 0.8046875 0.095703125 0.814453125 0.017578125
0 0.859375 0.1953125 0.919921875 0.203125 0.9375 0.052734375 0.876953125 0.044921875
0 0.3671875 0.287109375 0.353515625 0.390625 0.431640625 0.400390625 0.4453125 0.296875 0.3984375 0.291015625
0 0.494140625 0.302734375 0.482421875 0.40625 0.576171875 0.416015625 0.587890625 0.314453125
0 0.380859375 0.169921875 0.3671875 0.287109375 0.3984375 0.291015625 0.40625 0.23046875 0.556640625 0.248046875 0.548828125 0.30859375 0.587890625 0.314453125 0.6015625 0.197265625
0 0.642578125 0.423828125 0.6796875 0.4296875 0.705078125 0.208984375 0.66796875 0.205078125
0 0.6015625 0.197265625 0.576171875 0.416015625 0.642578125 0.423828125 0.66796875 0.205078125
0 0.34375 0.388671875 0.3359375 0.453125 0.90234375 0.51953125 0.91015625 0.45703125
0 0.93359375 0.236328125 0.716796875 0.2109375 0.7109375 0.26171875 0.87109375 0.28125 0.853515625 0.41796875 0.912109375 0.42578125 0.927734375 0.287109375
0 0.73046875 0.412109375 0.8125 0.419921875 0.82421875 0.32421875 0.7421875 0.314453125
0 0.298828125 0.365234375 0.3359375 0.369140625 0.341796875 0.32421875 0.302734375 0.3203125
0 0.189453125 0.19921875 0.359375 0.22265625 0.3671875 0.171875 0.1953125 0.146484375
0 0.140625 0.185546875 0.1484375 0.12890625 0 0.107421875 0 0.1640625
0 0.0234375 0.439453125 0.099609375 0.44921875 0.10546875 0.416015625 0.029296875 0.40625
0 0.181640625 1 0.748046875 1 0.21875 0.861328125
0 0.267578125 0.740234375 0.2578125 0.8359375 0.68359375 0.880859375 0.693359375 0.783203125 0.427734375 0.755859375
0 0.30859375 0.697265625 0.43359375 0.712890625 0.427734375 0.755859375 0.509765625 0.765625 0.515625 0.72265625 1 0.77734375 1 0.724609375 0.31640625 0.64453125
0 0.740234375 0.892578125 0.9609375 0.91796875 0.97265625 0.81640625 0.751953125 0.791015625
0 0.990234375 0.33203125 0.9609375 0.546875 1 0.552734375 1 0.33203125
0 0.013671875 0.603515625 0.103515625 0.615234375 0.109375 0.580078125 0.017578125 0.568359375
0 0.123046875 0.6953125 0.126953125 0.640625 0.091796875 0.63671875 0.0859375 0.69140625 0.123046875 0.6953125
0 0.095703125 0.7109375 0.09765625 0.681640625 0.03125 0.677734375 0.029296875 0.70703125 0.095703125 0.7109375
0 0.310546875 0.021484375 0.3125 0 0.08984375 0 0.08984375 0.021484375 0.310546875 0.021484375
0 0.34765625 0.53125 0.349609375 0.4765625 0.3125 0.474609375 0.30859375 0.529296875 0.34765625 0.53125