0 0.55859375 0.20703125 0.5078125 0.21875 0.50390625 0.30859375 0.568359375 0.29296875
0 0.712890625 0 0.64453125 0 0.642578125 0.0234375 0.71484375 0.001953125
0 0.345703125 0.25390625 0.28515625 0.267578125 0.291015625 0.357421875 0.35546875 0.341796875
0 0.220703125 0.263671875 0.14453125 0.27734375 0.13671875 0.408203125 0.21484375 0.39453125
0 0.158203125 0.103515625 0.22265625 0.09765625 0.2265625 0 0.154296875 0.005859375 0.15625 0.095703125
0 0.541015625 0.06640625 0.541015625 0 0.474609375 0 0.4765625 0.072265625
0 0.3125 0 0.29296875 0 0.25 0.00390625 0.24609375 0.095703125 0.3125 0.087890625
0 0.744140625 0.1796875 0.685546875 0.1875 0.673828125 0.271484375 0.736328125 0.263671875
0 0.9140625 0.1484375 0.83984375 0.15234375 0.833984375 0.2421875 0.904296875 0.236328125
0 0.970703125 0.69921875 1 0.693359375 1 0.60546875 0.984375 0.609375 0.986328125 0.6171875 0.927734375 0.625 0.919921875 0.716796875 0.97265625 0.708984375
0 0.869140625 0.65625 0.865234375 0.65625 0.80859375 0.669921875 0.8046875 0.759765625 0.865234375 0.748046875
0 0.314453125 0.71484375 0.232421875 0.7265625 0.2265625 0.857421875 0.30859375 0.8359375
0 0.630859375 0.72265625 0.57421875 0.728515625 0.572265625 0.814453125 0.626953125 0.806640625
0 0.513671875 0.7109375 0.390625 0.72265625 0.38671875 0.8125 0.521484375 0.798828125
0 0.984375 0.857421875 0.978515625 0.94921875 1 0.943359375 1 0.853515625
0 0.9453125 0.865234375 0.810546875 0.890625 0.810546875 0.98046875 0.939453125 0.95703125
0 0.7109375 0.91015625 0.587890625 0.93359375 0.5859375 1 0.7109375 1
0 0.556640625 0.939453125 0.43359375 0.962890625 0.431640625 1 0.5546875 1
0 0.404296875 0.96875 0.271484375 0.994140625 0.26953125 1 0.400390625 1
0 0.41015625 0.328125 0.408203125 0.23828125 0.345703125 0.25390625 0.35546875 0.341796875
0 0.154296875 0.005859375 0.08984375 0.01171875 0.08984375 0.1015625 0.15625 0.095703125
0 0.474609375 0 0.4140625 0 0.41015625 0.078125 0.4765625 0.072265625
0 0.375 0.08203125 0.37890625 0 0.3125 0 0.3125 0.087890625
0 0.962890625 0.234375 0.97265625 0.14453125 0.9140625 0.1484375 0.904296875 0.236328125