0 0.763671875 0.76953125 0.763671875 0.787109375 0.7265625 0.787109375 0.7265625 0.76953125 0.69921875 0.76953125 0.69921875 0.787109375 0.6875 0.787109375 0.6875 0.8203125 0.701171875 0.8203125 0.701171875 0.84375 0.71875 0.84375 0.71875 0.853515625 0.779296875 0.853515625 0.779296875 0.84375 0.798828125 0.84375 0.798828125 0.8203125 0.80859375 0.8203125 0.80859375 0.787109375 0.798828125 0.787109375 0.798828125 0.76953125
0 0.501953125 0.771484375 0.501953125 0.7890625 0.46484375 0.7890625 0.46484375 0.771484375 0.4375 0.771484375 0.4375 0.7890625 0.42578125 0.7890625 0.42578125 0.822265625 0.439453125 0.822265625 0.439453125 0.84375 0.45703125 0.84375 0.45703125 0.853515625 0.517578125 0.853515625 0.517578125 0.84375 0.537109375 0.84375 0.537109375 0.822265625 0.546875 0.822265625 0.546875 0.7890625 0.537109375 0.7890625 0.537109375 0.771484375
0 0.115234375 0.833984375 0.330078125 0.833984375 0.330078125 0.78125 0.115234375 0.78125
0 0.580078125 0.43359375 0.580078125 0.439453125 0.546875 0.439453125 0.546875 0.43359375 0.51953125 0.43359375 0.51953125 0.447265625 0.50390625 0.447265625 0.50390625 0.484375 0.52734375 0.484375 0.52734375 0.498046875 0.607421875 0.498046875 0.607421875 0.484375 0.625 0.484375 0.625 0.447265625 0.615234375 0.447265625 0.615234375 0.43359375
0 0.109375 0.640625 0.37109375 0.640625 0.37109375 0.580078125 0.109375 0.580078125
0 0.11328125 0.482421875 0.4140625 0.482421875 0.4140625 0.43359375 0.11328125 0.43359375
0 0.150390625 0.33203125 0.408203125 0.33203125 0.408203125 0.28515625 0.150390625 0.28515625
0 0.19140625 0.158203125 0.416015625 0.158203125 0.416015625 0.109375 0.19140625 0.109375
0 0.583984375 0.083984375 0.583984375 0.08984375 0.55078125 0.08984375 0.55078125 0.083984375 0.5234375 0.083984375 0.5234375 0.09765625 0.5078125 0.09765625 0.5078125 0.134765625 0.529296875 0.134765625 0.529296875 0.150390625 0.611328125 0.150390625 0.611328125 0.134765625 0.62890625 0.134765625 0.62890625 0.09765625 0.6171875 0.09765625 0.6171875 0.083984375
0 0.142578125 0.21875 0.142578125 0.140625 0 0.140625 0 0.216796875 0.142578125 0.21875
0 0.474609375 0.02734375 0.474609375 0 0.23046875 0 0.23046875 0.02734375 0.474609375 0.02734375
0 0.068359375 0.412109375 0.068359375 0.345703125 0 0.34765625 0 0.412109375 0.068359375 0.412109375
0 0.1640625 0.0234375 0.1640625 0 0 0 0 0.0234375 0.1640625 0.0234375