0 0.34765625 0.474609375 0.349609375 0.482421875 0.2734375 0.501953125 0.271484375 0.494140625 0.2421875 0.501953125 0.24609375 0.513671875 0.16796875 0.53515625 0.1640625 0.5234375 0.134765625 0.53125 0.138671875 0.546875 0.126953125 0.55078125 0.123046875 0.53515625 0.083984375 0.544921875 0.1015625 0.607421875 0.421875 0.51953125 0.40625 0.458984375
0 0.12890625 0.861328125 0.33984375 0.8046875 0.322265625 0.73828125 0.111328125 0.796875
0 0.583984375 0.65625 0.587890625 0.671875 0.546875 0.68359375 0.54296875 0.66796875 0.4921875 0.681640625 0.49609375 0.6953125 0.453125 0.708984375 0.44921875 0.693359375 0.3984375 0.70703125 0.40234375 0.72265625 0.3671875 0.73046875 0.380859375 0.78125 0.666015625 0.705078125 0.65234375 0.654296875 0.640625 0.65625 0.63671875 0.642578125
0 0.353515625 0.98046875 0.357421875 0.994140625 0.3359375 1 0.423828125 1 0.419921875 0.978515625 0.408203125 0.98046875 0.404296875 0.966796875
0 0.69140625 0.87890625 0.6953125 0.892578125 0.65234375 0.904296875 0.6484375 0.890625 0.626953125 0.896484375 0.630859375 0.91015625 0.587890625 0.921875 0.5859375 0.908203125 0.56640625 0.912109375 0.5703125 0.92578125 0.525390625 0.939453125 0.521484375 0.92578125 0.50390625 0.9296875 0.5078125 0.943359375 0.466796875 0.955078125 0.478515625 1 0.494140625 1 0.75 0.931640625 0.736328125 0.880859375 0.71484375 0.88671875 0.7109375 0.875
0 0.9375 0.7890625 0.8046875 0.82421875 0.82421875 0.896484375 0.95703125 0.859375
0 0.955078125 0.783203125 0.923828125 0.666015625 0.865234375 0.681640625 0.896484375 0.798828125 0.9375 0.7890625
0 0.734375 0.64453125 0.87109375 0.607421875 0.849609375 0.529296875 0.712890625 0.56640625
0 0.541015625 0.404296875 0.669921875 0.369140625 0.6484375 0.2890625 0.51953125 0.32421875
0 0.56640625 0.169921875 0.490234375 0.189453125 0.509765625 0.263671875 0.623046875 0.234375
0 0.373046875 0.1015625 0.3828125 0.134765625 0.31640625 0.154296875 0.330078125 0.19921875 0.494140625 0.15234375 0.48046875 0.107421875 0.42578125 0.123046875 0.416015625 0.08984375
0 0.04296875 0.091796875 0.267578125 0.03515625 0.2578125 0 0.166015625 0 0.029296875 0.03515625
0 0.072265625 0.369140625 0.271484375 0.3125 0.25390625 0.251953125 0.0546875 0.30859375
0 0.939453125 0 0.875 0 0.890625 0.044921875 0.806640625 0.072265625 0.7890625 0.1171875 0.796875 0.138671875 0.966796875 0.08203125
0 0.814453125 0.48046875 0.771484375 0.365234375 0.677734375 0.40234375 0.720703125 0.515625 0.814453125 0.48046875