0 0.171875 0.42578125 0.138671875 0.36328125 0 0.43359375 0 0.46875 0.017578125 0.50390625 0.044921875 0.490234375
0 0.181640625 0.5078125 0.03515625 0.6015625 0.06640625 0.65234375 0.125 0.615234375 0.109375 0.591796875 0.142578125 0.5703125 0.158203125 0.59375 0.21484375 0.55859375
0 0.287109375 0.6796875 0.251953125 0.625 0.0625 0.748046875 0.095703125 0.80078125 0.248046875 0.705078125
0 0.189453125 0.9453125 0.333984375 0.802734375 0.294921875 0.763671875 0.150390625 0.90625
0 0.314453125 1 0.357421875 1 0.4453125 0.908203125 0.390625 0.857421875 0.283203125 0.96875
0 0.54296875 0.986328125 0.50390625 0.94921875 0.455078125 1 0.529296875 1
0 0.986328125 1 0.998046875 1 1 0.998046875 1 0.919921875 0.955078125 0.962890625
0 0.939453125 0.783203125 0.96875 0.81640625 1 0.787109375 1 0.7265625
0 0.81640625 0.935546875 0.923828125 0.859375 0.888671875 0.810546875 0.783203125 0.88671875
0 0.71484375 0.81640625 0.673828125 0.75390625 0.544921875 0.83984375 0.583984375 0.900390625 0.638671875 0.865234375
0 0.84765625 0.6484375 0.72265625 0.716796875 0.76171875 0.7890625 0.88671875 0.720703125
0 0.6875 0.583984375 0.578125 0.640625 0.6015625 0.6875 0.7109375 0.630859375
0 0.462890625 0.791015625 0.5546875 0.72265625 0.5234375 0.6796875 0.431640625 0.748046875
0 0.94921875 0.43359375 0.96875 0.5 1 0.490234375 1 0.41796875
0 1 0.3125 1 0.26171875 0.921875 0.283203125 0.935546875 0.330078125 0.9609375 0.32421875
0 0.880859375 0.572265625 0.865234375 0.5234375 0.75390625 0.560546875 0.76953125 0.609375 0.798828125 0.599609375
0 0.78515625 0.41796875 0.6796875 0.4453125 0.6953125 0.501953125 0.80078125 0.474609375
0 0.63671875 0.513671875 0.607421875 0.462890625 0.533203125 0.5078125 0.564453125 0.55859375 0.62890625 0.517578125
0 0.5078125 0.599609375 0.47265625 0.546875 0.353515625 0.62890625 0.390625 0.681640625 0.501953125 0.603515625
0 0.326171875 0.55078125 0.42578125 0.482421875 0.396484375 0.439453125 0.296875 0.509765625
0 0.4765625 0.44921875 0.568359375 0.40234375 0.54296875 0.353515625 0.451171875 0.400390625
0 0.7265625 0.3359375 0.7109375 0.296875 0.59765625 0.33984375 0.61328125 0.380859375 0.70703125 0.34375
0 0.92578125 0.19921875 0.90234375 0.130859375 0.73046875 0.189453125 0.75390625 0.2578125 0.787109375 0.24609375
0 0.69140625 0.23046875 0.67578125 0.166015625 0.513671875 0.205078125 0.529296875 0.26953125 0.544921875 0.265625
0 0.462890625 0.216796875 0.39453125 0.26171875 0.435546875 0.326171875 0.505859375 0.279296875
0 0.333984375 0.294921875 0.23046875 0.359375 0.263671875 0.412109375 0.365234375 0.34765625
0 0.20703125 0.271484375 0.32421875 0.1953125 0.298828125 0.158203125 0.181640625 0.232421875
0 0.373046875 0.1875 0.46875 0.142578125 0.447265625 0.095703125 0.3515625 0.142578125
0 0.51171875 0.126953125 0.62890625 0.09375 0.615234375 0.04296875 0.498046875 0.078125
0 0.8671875 0.068359375 0.853515625 0.021484375 0.732421875 0.05859375 0.74609375 0.10546875 0.751953125 0.103515625
0 0.900390625 0.0546875 0.9921875 0.02734375 0.982421875 0 0.908203125 0 0.884765625 0.0078125
0 1 0.173828125 1 0.1171875 0.943359375 0.134765625 0.958984375 0.1875
0 0.28125 0.0625 0.267578125 0.013671875 0.22265625 0.02734375 0.236328125 0.07421875
0 0.435546875 0.03515625 0.435546875 0 0.322265625 0 0.322265625 0.03515625
0 0.32421875 0.03125 0.31640625 0 0.2734375 0 0.283203125 0.0390625
0 0.13426037644787642 0.2692446911196911 0.10183397683397682 0.19986727799227796 0 0.25699806949806947 0 0.29215431949806947 0.017578125 0.32731056949806947 0.044921875 0.31363869449806947
0 0.1312439671814672 0.12144063706563706 0.11465371621621623 0.04753861003861002 0 0.07694860038610037 0 0.1553752413127413 0.017578125 0.16353462837837837 0.044921875 0.14986275337837832