0 0.15625 0.8359375 0.111328125 0.833984375 0.111328125 0.884765625 0.1640625 0.884765625 0.1640625 0.875 0.34765625 0.87890625 0.349609375 0.837890625 0.294921875 0.837890625 0.294921875 0.849609375 0.15625 0.845703125
0 0.322265625 0.912109375 0.322265625 0.92578125 0.306640625 0.92578125 0.30859375 0.943359375 0.1640625 0.943359375 0.1640625 0.919921875 0.123046875 0.921875 0.123046875 0.9375 0.111328125 0.9375 0.111328125 0.98046875 0.349609375 0.978515625 0.349609375 0.92578125 0.337890625 0.92578125 0.337890625 0.912109375
0 0.03515625 0.94140625 0.033203125 0.92578125 0.01953125 0.92578125 0.01953125 0.91015625 0.001953125 0.91015625 0.001953125 0.92578125 0 0.92578125 0 0.94140625 0.017578125 0.94140625
0 0.103515625 0.7421875 0.09375 0.7421875 0.09375 0.7265625 0.076171875 0.7265625 0.076171875 0.740234375 0.0625 0.740234375 0.0625 0.7578125 0.103515625 0.7578125
0 0 0.7578125 0 0.794921875 0.103515625 0.794921875 0.103515625 0.7578125 0.0625 0.7578125
0 0.41796875 0.75 0.408203125 0.75 0.40625 0.734375 0.390625 0.734375 0.390625 0.748046875 0.375 0.748046875 0.376953125 0.767578125 0.41796875 0.767578125
0 0.2265625 0.6640625 0.181640625 0.662109375 0.181640625 0.712890625 0.234375 0.712890625 0.234375 0.703125 0.41796875 0.70703125 0.419921875 0.666015625 0.36328125 0.666015625 0.36328125 0.677734375 0.2265625 0.67578125
0 0.232421875 0.767578125 0.232421875 0.744140625 0.19140625 0.744140625 0.19140625 0.76171875 0.1796875 0.76171875 0.1796875 0.8046875 0.41796875 0.802734375 0.41796875 0.767578125 0.376953125 0.767578125
0 0.60546875 0.8828125 0.60546875 0.892578125 0.466796875 0.892578125 0.466796875 0.8828125 0.41796875 0.8828125 0.41796875 0.919921875 0.599609375 0.919921875 0.599609375 0.93359375 0.6484375 0.93359375 0.6484375 0.8828125
0 0.4296875 0.96484375 0.4296875 0.96875 0.41796875 0.96875 0.41796875 1 0.630859375 1 0.6328125 0.98828125 0.642578125 0.98828125 0.642578125 0.982421875 0.642578125 0.966796875 0.599609375 0.966796875 0.599609375 0.98828125 0.46484375 0.986328125 0.46484375 0.970703125 0.447265625 0.96875 0.447265625 0.96484375
0 0.77734375 0.8046875 0.77734375 0.779296875 0.740234375 0.77734375 0.73828125 0.802734375
0 0.724609375 0.767578125 0.681640625 0.767578125 0.681640625 0.7890625 0.5 0.78515625 0.5 0.8203125 0.712890625 0.826171875 0.71484375 0.787109375 0.724609375 0.787109375 0.724609375 0.78125
0 0.51171875 0.765625 0.509765625 0.76953125 0.5 0.76953125 0.5 0.78515625 0.544921875 0.78515625 0.546875 0.76953125 0.529296875 0.76953125 0.529296875 0.765625
0 0.6875 0.68359375 0.6875 0.693359375 0.548828125 0.693359375 0.548828125 0.68359375 0.5 0.68359375 0.5 0.720703125 0.681640625 0.720703125 0.681640625 0.734375 0.73046875 0.734375 0.73046875 0.68359375
0 0.125 0.689453125 0.125 0.650390625 0 0.650390625 0 0.689453125 0.125 0.689453125
0 0.05078125 1 0.05078125 0.97265625 0 0.970703125 0 0.998046875 0.05078125 1