0 0.06640625 0.353515625 0.06640625 0.2890625 0 0.2890625 0 0.353515625
0 0.09375 0.1875 0.09375 0.26171875 0.111328125 0.26171875 0.111328125 0.279296875 0.193359375 0.279296875 0.193359375 0.26953125 0.208984375 0.26953125 0.208984375 0.1875
0 0.25 0.216796875 0.248046875 0.33203125 0.294921875 0.33203125 0.294921875 0.2734375 0.47265625 0.27734375 0.474609375 0.220703125
0 0.27734375 0.41015625 0.466796875 0.40625 0.466796875 0.35546875 0.275390625 0.359375
0 0 0.380859375 0 0.55078125 0.125 0.55078125 0.125 0.3828125
0 0.25390625 0.42578125 0.25390625 0.361328125 0.125 0.361328125 0.125 0.423828125
0 0.28515625 0.576171875 0.4765625 0.57421875 0.4765625 0.51953125 0.28515625 0.521484375 0.28515625 0.57421875
0 0.244140625 0.521484375 0.24609375 0.57421875 0.28515625 0.57421875 0.28515625 0.521484375
0 0.806640625 0.17578125 0.60546875 0.177734375 0.60546875 0.228515625 0.806640625 0.224609375
0 0.533203125 0.3828125 0.76953125 0.38671875 0.771484375 0.34375 0.533203125 0.33984375
0 0.578125 0.498046875 0.580078125 0.43359375 0.529296875 0.431640625 0.52734375 0.54296875 0.771484375 0.548828125 0.771484375 0.50390625
0 0.8125 0.38671875 0.990234375 0.38671875 0.990234375 0.33984375 0.8125 0.33984375
0 0.60546875 0.20703125 0.533203125 0.20703125 0.533203125 0.326171875 0.607421875 0.326171875 0.60546875 0.228515625
0 0.830078125 0.1796875 0.830078125 0.240234375 1 0.240234375 1 0.1796875
0 0.8125 0.494140625 0.8125 0.541015625 1 0.541015625 1 0.494140625
0 0.732421875 0.806640625 0.962890625 0.8046875 0.962890625 0.73828125 0.681640625 0.7421875 0.681640625 0.88671875 0.734375 0.88671875
0 0.474609375 0.658203125 0.470703125 0.88671875 0.62109375 0.888671875 0.623046875 0.828125 0.513671875 0.826171875 0.513671875 0.72265625 0.625 0.724609375 0.625 0.66015625
0 0.6484375 0.681640625 0.6953125 0.6796875 0.693359375 0.64453125 0.646484375 0.646484375
0 0.978515625 0.6640625 0.9765625 0.70703125 1 0.70703125 1 0.6640625
0 0.814453125 0.87890625 0.814453125 0.927734375 1 0.9296875 1 0.87890625
0 0.478515625 1 0.73046875 1 0.732421875 0.931640625 0.482421875 0.92578125
0 0.1328125 0.841796875 0.267578125 0.845703125 0.26953125 0.716796875 0.13671875 0.71484375
0 0.103515625 0.7109375 0.099609375 0.888671875 0.365234375 0.89453125 0.37109375 0.71484375 0.26953125 0.716796875 0.267578125 0.845703125 0.1328125 0.841796875 0.13671875 0.71484375
0 0.400390625 0.998046875 0.400390625 0.935546875 0.08203125 0.935546875 0.08203125 0.998046875 0.400390625 0.998046875
0 0.4609375 0.998046875 0.458984375 0.892578125 0.421875 0.892578125 0.421875 0.998046875 0.4609375 0.998046875
0 0.953125 1 0.953125 0.9765625 0.82421875 0.9765625 0.82421875 0.998046875 0.953125 1