0 0.94921875 0.197265625 0.970703125 0.244140625 1 0.228515625 1 0.173828125
0 0.970703125 0.244140625 0.9609375 0.220703125 0.943359375 0.255859375 1 0.287109375 1 0.228515625
0 0.662109375 0.052734375 0.685546875 0.083984375 0.712890625 0.11328125 0.740234375 0.142578125 0.76953125 0.16796875 0.802734375 0.193359375 0.833984375 0.21484375 0.869140625 0.236328125 0.904296875 0.25390625 0.9375 0.201171875 0.919921875 0.193359375 0.904296875 0.18359375 0.888671875 0.169921875 0.876953125 0.15625 0.865234375 0.140625 0.85546875 0.125 0.849609375 0.107421875 0.83203125 0.115234375 0.810546875 0.076171875 0.798828125 0.08203125 0.78125 0.08984375 0.71484375 0.015625
0 0.93359375 0.01171875 0.900390625 0.02734375 0.89453125 0.015625 0.833984375 0.046875 0.83984375 0.060546875 0.810546875 0.076171875 0.83203125 0.115234375 0.865234375 0.09765625 0.876953125 0.119140625 0.91015625 0.1015625 0.900390625 0.08203125 0.96875 0.046875 0.978515625 0.06640625 1 0.052734375 1 0.029296875 1 0 0.927734375 0
0 0.087890625 0.78515625 0.087890625 0.841796875 0.1171875 0.841796875 0.1171875 0.85546875 0.15234375 0.85546875 0.15234375 0.841796875 0.177734375 0.841796875 0.177734375 0.85546875 0.21875 0.85546875 0.21875 0.841796875 0.25390625 0.841796875 0.25390625 0.85546875 0.291015625 0.85546875 0.291015625 0.841796875 0.3046875 0.841796875 0.3046875 0.78515625
0 0.33984375 0.921875 0.33984375 0.9765625 0.3671875 0.9765625 0.3671875 0.98828125 0.39453125 0.98828125 0.39453125 0.9765625 0.435546875 0.9765625 0.435546875 0.98828125 0.46875 0.98828125 0.46875 0.9765625 0.49609375 0.9765625 0.49609375 0.98828125 0.546875 0.98828125 0.546875 0.9765625 0.556640625 0.9765625 0.556640625 0.921875
0 0.1015625 0.69140625 0.1015625 0.744140625 0.236328125 0.744140625 0.236328125 0.69140625
0 0.525390625 0.7578125 0.5625 0.751953125 0.544921875 0.64453125 0.509765625 0.650390625
0 0.43359375 0.716796875 0.466796875 0.662109375 0.4375 0.64453125 0.404296875 0.69921875
0 0.40625 0.65625 0.43359375 0.623046875 0.37890625 0.578125 0.3515625 0.611328125
0 0.78515625 0.3984375 0.775390625 0.41796875 0.8359375 0.44921875 0.84765625 0.4296875
0 0.859375 0.435546875 0.849609375 0.45703125 0.958984375 0.51171875 0.96875 0.4921875
0 0.74609375 0.4140625 0.716796875 0.42578125 0.734375 0.47265625 0.763671875 0.4609375
0 0.001953125 0.970703125 0 1 0.3046875 1 0.306640625 0.96875
0 0.1015625 0.607421875 0.099609375 0.5234375 0 0.52734375 0 0.611328125 0.1015625 0.607421875
0 0.029296875 0.453125 0.029296875 0.365234375 0 0.3671875 0 0.455078125 0.029296875 0.453125