0 0.044921875 0.455078125 0 0.51171875 0 0.58203125 0.076171875 0.482421875
0 0.228515625 0.3515625 0.2109375 0.326171875 0.001953125 0.322265625 0 0.34765625 0 0.373046875 0.134765625 0.376953125 0.1328125 0.35546875 0.17578125 0.357421875 0.185546875 0.37109375 0.177734375 0.3828125 0.154296875 0.376953125 0 0.58203125 0 0.6640625
0 0.439453125 0.478515625 0.53125 0.35546875 0.5546875 0.3671875 0.564453125 0.353515625 0.56640625 0.349609375 0.58203125 0.34765625 0.59375 0.349609375 0.60546875 0.3515625 0.611328125 0.330078125 0.744140625 0.384765625 0.7578125 0.328125 0.583984375 0.2734375 0.50390625 0.3125 0.3984375 0.44140625
0 0.685546875 0.412109375 0.65625 0.49609375 0.513671875 0.4453125 0.494140625 0.5 0.677734375 0.564453125 0.7265625 0.427734375
0 0.27734375 0.732421875 0.435546875 0.509765625 0.390625 0.478515625 0.232421875 0.701171875
0 0.302734375 0.787109375 0.5546875 0.818359375 0.560546875 0.759765625 0.310546875 0.728515625
0 0.572265625 0.70703125 0.583984375 0.60546875 0.4453125 0.591796875 0.435546875 0.693359375
0 0.919921875 0.501953125 0.888671875 0.58984375 0.7109375 0.529296875 0.693359375 0.580078125 0.875 0.642578125 0.876953125 0.634765625 0.919921875 0.6484375 0.96484375 0.517578125
0 0.787109375 0.39453125 1 0.470703125 1 0.408203125 0.806640625 0.33984375
0 0.826171875 0.70703125 0.818359375 0.7890625 0.60546875 0.7734375 0.599609375 0.83984375 0.826171875 0.85546875 0.826171875 0.84765625 0.875 0.849609375 0.884765625 0.7109375
0 0.09765625 0.912109375 0.126953125 0.9453125 0.12890625 0.966796875 0.162109375 0.970703125 0.166015625 0.955078125 0.44921875 1 0.5234375 1 0.53125 0.865234375 0.48046875 0.859375 0.470703125 0.943359375 0.16015625 0.904296875 0.236328125 0.77734375 0.19140625 0.75
0 0.27734375 0.880859375 0.439453125 0.896484375 0.4453125 0.845703125 0.283203125 0.828125
0 0.005859375 0.203125 0.0390625 0.203125 0.037109375 0.21875 0.05078125 0.216796875 0.052734375 0.228515625 0.259765625 0.234375 0.259765625 0.212890625 0.326171875 0.208984375 0.470703125 0 0.009765625 0
0 0.78125 0.892578125 0.775390625 0.96875 0.564453125 0.951171875 0.55859375 1 0.822265625 1 0.830078125 0.896484375
0 0.998046875 0.880859375 1 0.814453125 0.896484375 0.80078125 0.888671875 0.8671875 0.998046875 0.880859375
0 0.6953125 0.67578125 0.703125 0.623046875 0.654296875 0.6171875 0.646484375 0.66796875 0.6953125 0.67578125
0 0.875 0.49609375 0.890625 0.453125 0.76953125 0.4140625 0.755859375 0.45703125 0.875 0.49609375
0 1 0.720703125 1 0.65625 0.96484375 0.65625 0.966796875 0.72265625 1 0.720703125
0 0.998046875 0.998046875 0.998046875 0.97265625 0.865234375 0.97265625 0.865234375 1 0.998046875 0.998046875