0 0.708984375 0.01171875 0.826171875 0.044921875 0.837890625 0 0.7109375 0
0 0.6328125 0.3828125 0.625 0.40625 0.580078125 0.392578125 0.56640625 0.44140625 0.681640625 0.474609375 0.6953125 0.427734375 0.66015625 0.41796875 0.66796875 0.392578125
0 0.9296875 0 0.9140625 0 0.912109375 0.013671875 0.888671875 0.0078125 0.875 0.0625 1 0.09375 1 0.017578125 0.96484375 0.0078125 0.9609375 0.025390625 0.947265625 0.0234375 0.951171875 0.005859375
0 0.68359375 0.16015625 0.677734375 0.177734375 0.654296875 0.171875 0.640625 0.2265625 0.767578125 0.259765625 0.783203125 0.205078125 0.767578125 0.201171875 0.7734375 0.18359375 0.73046875 0.171875 0.7265625 0.189453125 0.712890625 0.1875 0.716796875 0.169921875
0 0.75390625 0.419921875 0.734375 0.484375 0.814453125 0.509765625 0.833984375 0.443359375
0 0.78125 0.884765625 0.95703125 0.9375 0.97265625 0.890625 0.794921875 0.8359375
0 1 0.94921875 1 0.8984375 0.97265625 0.890625 0.95703125 0.9375
0 0.8984375 0.517578125 0.880859375 0.572265625 1 0.609375 1 0.546875
0 0.810546875 0.724609375 1 0.7890625 1 0.736328125 0.828125 0.677734375
0 0.466796875 0.810546875 0.7109375 0.8984375 0.7265625 0.8515625 0.484375 0.763671875
0 0.544921875 0.548828125 0.52734375 0.595703125 0.78515625 0.685546875 0.80078125 0.63671875 0.6171875 0.57421875
0 0.958984375 0.255859375 1 0.267578125 1 0.2109375 0.974609375 0.203125
0 0.9140625 0.40234375 1 0.427734375 1 0.361328125 0.931640625 0.341796875
0 0.41015625 0.234375 0.42578125 0.1875 0.373046875 0.171875 0.359375 0.21875
0 0.31640625 0.294921875 0.3359375 0.23046875 0.205078125 0.19140625 0.185546875 0.25390625
0 0 0.60546875 0 0.703125 0.044921875 0.638671875
0 0.63671875 0.50390625 0.544921875 0.4765625 0.48828125 0.666015625 0.58203125 0.701171875 0.603515625 0.623046875 0.52734375 0.595703125 0.544921875 0.548828125 0.6171875 0.57421875
0 0.27734375 0.04296875 0.4140625 0.08984375 0.443359375 0 0.291015625 0 0.2890625 0.009765625
0 0.017578125 0.119140625 0.068359375 0.13671875 0.119140625 0 0.060546875 0
0 0.328125 0.34765625 0.31640625 0.384765625 0.25390625 0.365234375 0.181640625 0.599609375 0.298828125 0.634765625 0.3828125 0.365234375 0.36328125 0.359375
0 0.349609375 0.28125 0.328125 0.34765625 0.36328125 0.359375 0.384765625 0.291015625
0 0.130859375 0.16796875 0.099609375 0.267578125 0.123046875 0.275390625 0.083984375 0.408203125 0.1328125 0.423828125 0.205078125 0.19140625
0 0.064453125 0.1875 0.044921875 0.25390625 0.099609375 0.26953125 0.119140625 0.205078125
0 0.111328125 0.2734375 0.044921875 0.25390625 0 0.40234375 0 0.486328125 0.041015625 0.5 0.064453125 0.42578125
0 0.03515625 0.564453125 0.068359375 0.57421875 0.0859375 0.51953125 0.052734375 0.509765625
0 0.087890625 0.521484375 0.11328125 0.44140625 0.064453125 0.42578125 0.0390625 0.505859375 0.0859375 0.51953125
0 0.017578125 0.607421875 0.150390625 0.681640625 0.169921875 0.6484375 0.037109375 0.572265625
0 0.166015625 0.60546875 0.177734375 0.55078125 0.1171875 0.537109375 0.10546875 0.591796875
0 0.037109375 0.046875 0.037109375 0 0 0 0 0.046875 0.037109375 0.046875
0 0.865234375 1 0.865234375 0.97265625 0.720703125 0.97265625 0.720703125 1 0.865234375 1