0 0.14453125 0.462890625 0.375 0.4609375 0.375 0.41015625 0.14453125 0.41015625
0 0.138671875 0.822265625 0.453125 0.822265625 0.453125 0.765625 0.138671875 0.765625
0 0.080078125 0.87890625 0.080078125 0.82421875 0 0.82421875 0 0.87890625
0 0.087890625 0.716796875 0.087890625 0.65234375 0 0.65234375 0 0.716796875
0 0.115234375 0.994140625 0.40625 0.994140625 0.40625 0.93359375 0.115234375 0.935546875
0 0.48046875 0.650390625 0.48046875 0.59375 0.138671875 0.59375 0.138671875 0.650390625
0 0.10546875 0.541015625 0.10546875 0.482421875 0 0.482421875 0 0.541015625
0 0.029296875 0.373046875 0.029296875 0.310546875 0 0.310546875 0 0.373046875
0 0.064453125 0.29296875 0.216796875 0.29296875 0.216796875 0.240234375 0.064453125 0.240234375
0 0.52734375 0.48046875 0.54296875 0.537109375 0.591796875 0.5234375 0.58203125 0.486328125 0.556640625 0.494140625 0.55078125 0.474609375
0 0.630859375 0.966796875 0.630859375 0.93359375 0.513671875 0.93359375 0.513671875 0.966796875 0.59765625 0.966796875
0 0.732421875 0.890625 0.6796875 0.9375 0.71875 0.98046875 0.6953125 1 0.755859375 1 0.796875 0.96484375
0 0.998046875 0.34375 1 0.009765625 0.92578125 0.009765625 0.923828125 0.34375 0.998046875 0.34375