0 0.44140625 0.037109375 0.46875 0 0.390625 0
0 0.9453125 0.015625 0.994140625 0.017578125 0.994140625 0 0.9453125 0
0 0.794921875 0.0703125 0.791015625 0.0234375 0.71484375 0.029296875 0.71875 0.076171875
0 0.92578125 0.09375 0.93359375 0.05078125 0.859375 0.037109375 0.8515625 0.078125
0 1 0.107421875 1 0.0703125 0.955078125 0.0703125 0.955078125 0.107421875
0 0.6015625 0.099609375 0.669921875 0.0859375 0.662109375 0.046875 0.59375 0.05859375
0 0.513671875 0.125 0.548828125 0.115234375 0.53125 0.041015625 0.494140625 0.05078125
0 0.974609375 0.578125 0.974609375 0.611328125 1 0.609375 1 0.576171875
0 0.9296875 0.650390625 0.9296875 0.6640625 0.931640625 0.6640625 0.931640625 0.6953125 0.919921875 0.6953125 0.919921875 0.751953125 0.892578125 0.751953125 0.892578125 0.8046875 0.919921875 0.8046875 0.91796875 0.849609375 0.93359375 0.849609375 0.93359375 0.908203125 0.955078125 0.908203125 0.955078125 0.90625 0.984375 0.90625 0.984375 0.8828125 1 0.8828125 1 0.650390625
0 0.390625 0.14453125 0.4140625 0.208984375 0.44140625 0.19921875 0.41796875 0.1328125
0 0.310546875 0.21875 0.349609375 0.203125 0.32421875 0.134765625 0.28515625 0.1484375
0 0.353515625 0.318359375 0.390625 0.30078125 0.35546875 0.22265625 0.318359375 0.240234375
0 0.4296875 0.5078125 0.46484375 0.494140625 0.43359375 0.412109375 0.3984375 0.42578125
0 0.390625 0.41015625 0.42578125 0.396484375 0.39453125 0.314453125 0.359375 0.328125
0 0.470703125 0.583984375 0.49609375 0.572265625 0.470703125 0.505859375 0.443359375 0.517578125
0 0.5234375 0.259765625 0.509765625 0.224609375 0.43359375 0.251953125 0.447265625 0.2890625
0 0.625 0.205078125 0.611328125 0.16796875 0.53515625 0.197265625 0.548828125 0.234375
0 0.6484375 0.28125 0.6328125 0.244140625 0.55859375 0.2734375 0.572265625 0.310546875
0 0.5546875 0.337890625 0.5390625 0.30078125 0.46484375 0.330078125 0.478515625 0.3671875
0 0.58203125 0.4296875 0.56640625 0.388671875 0.50390625 0.416015625 0.51953125 0.455078125
0 0.662109375 0.380859375 0.6484375 0.34375 0.5859375 0.369140625 0.599609375 0.40625
0 0.76171875 0.3515625 0.75390625 0.3125 0.677734375 0.326171875 0.68359375 0.365234375
0 0.88671875 0.3515625 0.884765625 0.310546875 0.806640625 0.3125 0.806640625 0.3515625
0 0.986328125 0.357421875 0.98828125 0.314453125 0.908203125 0.3125 0.908203125 0.35546875
0 0.978515625 0.2734375 0.978515625 0.236328125 0.9140625 0.23828125 0.9140625 0.2734375
0 0.88671875 0.263671875 0.88671875 0.228515625 0.810546875 0.224609375 0.810546875 0.259765625
0 0.74609375 0.2578125 0.73828125 0.21484375 0.662109375 0.23046875 0.669921875 0.271484375
0 0.732421875 0.1796875 0.7265625 0.138671875 0.650390625 0.150390625 0.65625 0.193359375
0 0.8828125 0.185546875 0.884765625 0.146484375 0.80859375 0.142578125 0.806640625 0.18359375
0 0.982421875 0.19140625 0.98046875 0.154296875 0.91015625 0.154296875 0.91015625 0.19140625
0 0.7890625 0.51953125 0.78515625 0.484375 0.712890625 0.4921875 0.71875 0.52734375
0 0.720703125 0.5625 0.7265625 0.62890625 0.7578125 0.626953125 0.751953125 0.55859375
0 0.68359375 0.6171875 0.654296875 0.552734375 0.623046875 0.56640625 0.65234375 0.630859375
0 0.53125 0.611328125 0.59765625 0.61328125 0.599609375 0.576171875 0.53125 0.576171875
0 0.546875 0.517578125 0.611328125 0.4921875 0.599609375 0.4609375 0.53515625 0.486328125
0 0.630859375 0.47265625 0.69140625 0.447265625 0.677734375 0.41796875 0.619140625 0.44140625
0 0.787109375 0.42578125 0.78125 0.388671875 0.705078125 0.3984375 0.7109375 0.4375
0 0.814453125 0.435546875 0.88671875 0.43359375 0.884765625 0.388671875 0.8125 0.390625
0 0.912109375 0.4375 0.974609375 0.4375 0.974609375 0.396484375 0.9140625 0.39453125
0 0.736328125 0.9140625 0.751953125 0.90625 0.712890625 0.830078125 0.697265625 0.837890625
0 0.900390625 0.53125 0.97265625 0.533203125 0.974609375 0.486328125 0.90234375 0.484375
0 0.810546875 0.52734375 0.880859375 0.525390625 0.880859375 0.484375 0.80859375 0.484375
0 0.7734375 0.71875 0.7890625 0.71875 0.7890625 0.677734375 0.7734375 0.677734375
0 0.796875 0.701171875 0.810546875 0.701171875 0.80859375 0.6796875 0.794921875 0.6796875
0 0.78515625 0.634765625 0.787109375 0.619140625 0.771484375 0.619140625 0.771484375 0.634765625
0 0.998046875 0.998046875 0.998046875 0.9765625 0.9453125 0.9765625 0.9453125 0.998046875 0.998046875 0.998046875
0 0.927734375 0.0234375 0.927734375 0 0.853515625 0 0.853515625 0.0234375 0.927734375 0.0234375
0 0.341796875 0.08203125 0.279296875 0.009765625 0.251953125 0.033203125 0.31640625 0.10546875 0.341796875 0.08203125
0 0.849609375 0.626953125 0.84765625 0.564453125 0.814453125 0.564453125 0.818359375 0.62890625 0.849609375 0.626953125