0 0.92578125 0.98046875 0.923828125 0.96875 0.9375 0.96484375 0.94140625 0.9765625 0.95703125 0.97265625 0.953125 0.9609375 0.970703125 0.95703125 0.97265625 0.96875 0.986328125 0.96484375 0.984375 0.953125 1 0.947265625 1 0.892578125 0.99609375 0.89453125 0.994140625 0.888671875 0.953125 0.900390625 0.953125 0.90625 0.9296875 0.912109375 0.927734375 0.90625 0.890625 0.91796875 0.892578125 0.921875 0.8671875 0.9296875 0.880859375 0.98046875 0.91015625 0.97265625 0.912109375 0.984375
0 0.888671875 0.896484375 1 0.865234375 1 0.798828125 0.869140625 0.8359375 0.833984375 0.89453125 0.859375 1 0.916015625 1 0.912109375 0.984375 0.91015625 0.97265625 0.880859375 0.98046875 0.8671875 0.9296875 0.892578125 0.921875 0.890625 0.91796875 0.89453125 0.916015625
0 0.173828125 0.1015625 0.296875 0.0703125 0.283203125 0.015625 0.16015625 0.046875
0 0.013671875 0.849609375 0.001953125 0.80859375 0 0.80859375 0 0.8515625
0 0.349609375 0.95703125 0.18359375 1 0.359375 1
0 0.517578125 0.966796875 0.466796875 0.978515625 0.470703125 1 0.525390625 1
0 0.349609375 0.95703125 0.359375 1 0.423828125 1 0.46875 0.98828125 0.466796875 0.978515625 0.517578125 0.966796875 0.525390625 1 0.54296875 1 0.537109375 0.970703125 0.48046875 0.921875
0 0.318359375 0.19921875 0.26171875 0.21484375 0.265625 0.232421875 0.12890625 0.267578125 0.14453125 0.326171875 0.337890625 0.27734375
0 0.109375 0.314453125 0.0234375 0.3359375 0.041015625 0.404296875 0.126953125 0.380859375
0 0.125 0.310546875 0.103515625 0.228515625 0 0.25390625 0 0.26171875 0.00390625 0.2734375 0 0.2734375 0 0.341796875 0.109375 0.314453125
0 0.009765625 0.529296875 0 0.53125 0 0.5859375 0.0234375 0.580078125
0 0.13671875 0.41796875 0.06640625 0.435546875 0.080078125 0.48828125 0.150390625 0.470703125
0 0.126953125 0.380859375 0 0.4140625 0 0.453125 0.13671875 0.41796875 0.1328125 0.408203125
0 0.19921875 0.505859375 0.193359375 0.48046875 0.009765625 0.529296875 0.017578125 0.552734375 0.17578125 0.51171875
0 0.220703125 0.443359375 0.185546875 0.453125 0.19921875 0.505859375 0.234375 0.49609375
0 0.17578125 0.51171875 0.18359375 0.541015625 0.244140625 0.525390625 0.2421875 0.525390625 0.234375 0.49609375
0 0.205078125 0.388671875 0.1328125 0.408203125 0.1484375 0.462890625 0.220703125 0.443359375 0.208984375 0.400390625
0 0.328125 0.369140625 0.208984375 0.400390625 0.2421875 0.525390625 0.427734375 0.4765625 0.416015625 0.4296875 0.349609375 0.447265625 0.33984375 0.412109375
0 0.841796875 0.380859375 0.33203125 0.515625 0.341796875 0.55078125 0.8515625 0.416015625
0 0.794921875 0 0.681640625 0 0.689453125 0.03125 0.796875 0.001953125
0 0.8515625 0.376953125 0.83203125 0.306640625 0.765625 0.32421875 0.76953125 0.3359375 0.69140625 0.35546875 0.685546875 0.333984375 0.59375 0.357421875 0.599609375 0.380859375 0.50390625 0.40625 0.5 0.39453125 0.44921875 0.408203125 0.466796875 0.478515625 0.841796875 0.380859375
0 0.587890625 0.1953125 0.5703125 0.134765625 0.5078125 0.150390625 0.5234375 0.212890625 0.580078125 0.197265625
0 0.693359375 0.234375 0.595703125 0.259765625 0.60546875 0.30078125 0.705078125 0.2734375
0 0.5234375 0.212890625 0.53515625 0.2578125 0.552734375 0.25390625 0.568359375 0.310546875 0.60546875 0.30078125 0.595703125 0.259765625 0.580078125 0.197265625
0 0.619140625 0.12109375 0.5703125 0.134765625 0.5859375 0.189453125 0.634765625 0.177734375
0 0.775390625 0.212890625 0.693359375 0.234375 0.705078125 0.2734375 0.787109375 0.251953125
0 0.720703125 0.1640625 0.703125 0.099609375 0.619140625 0.12109375 0.63671875 0.1875 0.638671875 0.185546875
0 0.720703125 0.1640625 0.638671875 0.185546875 0.646484375 0.216796875 0.685546875 0.205078125 0.693359375 0.234375 0.736328125 0.22265625 0.73046875 0.205078125
0 0.5859375 0.189453125 0.587890625 0.1953125 0.580078125 0.197265625 0.595703125 0.259765625 0.64453125 0.248046875 0.63671875 0.21875 0.646484375 0.216796875 0.638671875 0.185546875 0.63671875 0.1875 0.634765625 0.177734375
0 0.921875 0.244140625 0.84375 0.263671875 0.845703125 0.2734375 0.810546875 0.28125 0.818359375 0.310546875 0.931640625 0.28125
0 0.900390625 0.16015625 0.873046875 0.0546875 0.7734375 0.080078125 0.80078125 0.185546875 0.822265625 0.1796875
0 0.822265625 0.1796875 0.771484375 0.193359375 0.787109375 0.251953125 0.802734375 0.248046875 0.810546875 0.28125 0.845703125 0.2734375 0.828125 0.208984375
0 0.884765625 0.1640625 0.822265625 0.1796875 0.84375 0.263671875 0.90625 0.248046875
0 0.7734375 0.080078125 0.703125 0.099609375 0.736328125 0.22265625 0.775390625 0.212890625 0.771484375 0.193359375 0.80078125 0.185546875
0 0.494140625 0.193359375 0.384765625 0.220703125 0.39453125 0.263671875 0.50390625 0.236328125
0 0.50390625 0.236328125 0.39453125 0.263671875 0.416015625 0.34375 0.5234375 0.31640625
0 0.494140625 0.193359375 0.48046875 0.140625 0.37109375 0.16796875 0.384765625 0.220703125 0.435546875 0.20703125
0 0.0234375 0.3359375 0 0.341796875 0 0.4140625 0.041015625 0.404296875
0 0.044921875 0.44140625 0 0.453125 0 0.4921875 0.00390625 0.5078125 0.05859375 0.494140625
0 1 0.10546875 0.998046875 0.06640625 0.884765625 0.099609375 0.896484375 0.138671875
0 0.392578125 0.7492836027992278 0.369140625 0.6613929777992278 0 0.7590492277992278 0.0234375 0.8469398527992278
0 0.037109375 0.126953125 0.037109375 0.005859375 0 0.005859375 0 0.126953125
0 0.66015625 0.998046875 0.64453125 0.935546875 0.609375 0.9453125 0.626953125 1
0 0.9453125 0.060546875 0.935546875 0.02734375 0.876953125 0.044921875 0.88671875 0.076171875
0 1 0.048828125 0.99609375 0.015625 0.95703125 0.021484375 0.9609375 0.0546875
0 0.40234375 0.310546875 0.396484375 0.2734375 0.357421875 0.27734375 0.361328125 0.314453125
0 0.501953125 0.03125 0.494140625 0 0.46484375 0 0.47265625 0.037109375
0 0.998046875 0.5950168918918919 0.998046875 0.5030164092664092 0.36409568050193053 0.6661589044401544 0.38753318050193053 0.7540495294401544