0 0.7020994208494209 0.998046875 0.7843267374517374 0.9999999999999999 0.8302968146718146 0.998046875 0.7452642374517374 0.92578125
0 0 0.8125 0 0.9453125 0.08203125 1 0.119140625 1 0.169921875 0.92578125
0 0.37109375 0.8125 0.28125 0.75390625 0.236328125 0.822265625 0.326171875 0.880859375
0 0.236328125 0.822265625 0.119140625 1 0.248046875 1 0.326171875 0.8828125 0.326171875 0.880859375
0 0.2578125 0.791015625 0 0.62109375 0 0.8125 0.169921875 0.92578125
0 0 0.5546875 0 0.623046875 0.01171875 0.630859375 0.04296875 0.583984375
0 0.19140625 0.07421875 0.212890625 0.091796875 0.2578125 0.03125 0.234375 0.013671875
0 0.07421875 0.08203125 0.060546875 0.109375 0.123046875 0.140625 0.13671875 0.111328125
0 0.1484375 0.1171875 0.16015625 0.091796875 0.0859375 0.056640625 0.07421875 0.08203125 0.13671875 0.111328125
0 0.107421875 0.173828125 0.12890625 0.18359375 0.150390625 0.13671875 0.12890625 0.126953125 0.123046875 0.140625
0 0.018882722007722008 0.3077039092664092 0.036981177606177584 0.28055622586872586 0 0.255859375 0 0.32421875