0 0.533203125 0.2578125 0.55078125 0.2578125 0.552734375 0.22265625 0.533203125 0.22265625
0 0.55859375 0.25390625 0.611328125 0.25390625 0.611328125 0.20703125 0.560546875 0.205078125 0.560546875 0.224609375
0 0.560546875 0.169921875 0.53515625 0.16796875 0.533203125 0.22265625 0.560546875 0.224609375 0.560546875 0.205078125
0 0.736328125 0.1328125 0.76171875 0.1328125 0.76171875 0.095703125 0.736328125 0.095703125
0 0.779296875 0.12109375 0.80078125 0.12109375 0.80078125 0.09375 0.779296875 0.095703125
0 0.849609375 0.1796875 0.87109375 0.181640625 0.873046875 0.162109375 0.849609375 0.16015625
0 0.79296875 0.6484375 0.8359375 0.6484375 0.8359375 0.625 0.79296875 0.625
0 0.73046875 0.65625 0.755859375 0.65234375 0.751953125 0.62109375 0.724609375 0.625
0 0.73046875 0.765625 0.755859375 0.763671875 0.755859375 0.740234375 0.728515625 0.7421875
0 0.30078125 0.6875 0.310546875 0.6875 0.310546875 0.666015625 0.298828125 0.66796875
0 0.283203125 0.626953125 0.3046875 0.625 0.3046875 0.611328125 0.283203125 0.611328125
0 0.955078125 0.51953125 0.955078125 0.578125 1 0.578125 1 0.51953125
0 0.80078125 0.544921875 0.84765625 0.546875 0.849609375 0.517578125 0.802734375 0.517578125
0 0.76171875 0.501953125 0.802734375 0.501953125 0.802734375 0.517578125 1 0.521484375 1 0.39453125 0.953125 0.39453125 0.953125 0.375 0.9453125 0.251953125 0.744140625 0.248046875 0.7421875 0.337890625 0.765625 0.337890625 0.763671875 0.38671875
0 0.603515625 0.044921875 0.603515625 0.009765625 0.53125 0.009765625 0.529296875 0.044921875 0.603515625 0.044921875
0 0.412109375 0.23828125 0.447265625 0.19140625 0.416015625 0.166015625 0.37890625 0.212890625 0.412109375 0.23828125
0 0.625 0.3125 0.625 0.275390625 0.576171875 0.275390625 0.578125 0.3125 0.625 0.3125
0 0.62890625 0.388671875 0.62890625 0.31640625 0.587890625 0.318359375 0.58984375 0.388671875 0.62890625 0.388671875
0 1 0.275390625 1 0.185546875 0.96484375 0.185546875 0.96484375 0.275390625 1 0.275390625