0 0.9765625 0.7578125 0.978515625 0.81640625 1 0.814453125 1 0.755859375
0 0.984375 0.904296875 1 0.90234375 1 0.814453125 0.978515625 0.81640625
0 0.435546875 0.96484375 0.435546875 1 0.71484375 1 0.712890625 0.962890625 0.533203125 0.974609375 0.53125 0.958984375
0 0.751953125 0.869140625 0.92578125 0.857421875 0.921875 0.796875 0.748046875 0.806640625
0 0.740234375 0.71484375 0.919921875 0.703125 0.916015625 0.64453125 0.73828125 0.654296875
0 0.697265625 0.572265625 0.91015625 0.55859375 0.90625 0.5 0.693359375 0.513671875
0 0.421875 0.6875 0.697265625 0.669921875 0.693359375 0.615234375 0.41796875 0.630859375
0 0.755859375 1 0.896484375 1 0.931640625 0.998046875 0.9296875 0.94140625 0.75390625 0.951171875
0 0.43359375 0.859375 0.7109375 0.841796875 0.708984375 0.783203125 0.4296875 0.80078125
0 0.533203125 0.974609375 0.712890625 0.962890625 0.712890625 0.947265625 0.53125 0.958984375
0 0.955078125 0.6796875 1 0.67578125 1 0.484375 0.943359375 0.48828125
0 0.958984375 0.35546875 0.9609375 0.412109375 0.94140625 0.412109375 0.943359375 0.44140625 0.962890625 0.439453125 0.96484375 0.466796875 1 0.46484375 0.994140625 0.353515625
0 0.990234375 0.24609375 0.9296875 0.25 0.93359375 0.3359375 0.994140625 0.33203125
0 0.982421875 0.12109375 0.921875 0.125 0.9296875 0.25 0.990234375 0.24609375
0 0.69140625 0.40234375 0.900390625 0.390625 0.896484375 0.328125 0.6875 0.33984375
0 0.392578125 0.251953125 0.63671875 0.23828125 0.6328125 0.1796875 0.388671875 0.193359375
0 0.603515625 0.076171875 0.88671875 0.05859375 0.8828125 0 0.810546875 0 0.599609375 0.01171875
0 0.681640625 0.23046875 0.890625 0.21875 0.888671875 0.158203125 0.677734375 0.169921875
0 0.384765625 0.078125 0.56640625 0.068359375 0.564453125 0.013671875 0.3828125 0.025390625
0 0.40625 0.41796875 0.6484375 0.404296875 0.64453125 0.33984375 0.40234375 0.353515625
0 0.154296875 0.05859375 0.25390625 0.046875 0.248046875 0 0.146484375 0
0 0.072265625 0.12890625 0.06640625 0.07421875 0 0.08203125 0 0.13671875
0 0.28515625 0.7578125 0.279296875 0.705078125 0 0.73828125 0 0.791015625 0.1015625 0.779296875
0 0.279296875 0.62890625 0.271484375 0.5703125 0 0.6015625 0 0.662109375 0.091796875 0.65234375
0 0.271484375 0.29296875 0.263671875 0.236328125 0 0.267578125 0 0.32421875 0.0703125 0.31640625
0 0.29296875 0.46484375 0.28515625 0.408203125 0 0.44140625 0 0.498046875 0.091796875 0.48828125
0 0.005859375 0.97265625 0.314453125 0.953125 0.310546875 0.89453125 0.001953125 0.9140625
0 0.099609375 0.12109375 0.251953125 0.1015625 0.24609375 0.05078125 0.09375 0.0703125