0 0.322265625 0.82421875 0.26953125 0.82421875 0.26953125 1 0.322265625 1
0 0.66796875 0.75 0.66796875 0.685546875 0.35546875 0.685546875 0.35546875 0.75 0.55078125 0.75
0 0.990234375 0.685546875 0.701171875 0.685546875 0.701171875 0.75 0.990234375 0.75
0 0.107421875 0.740234375 0.107421875 0.755859375 0.15625 0.755859375 0.15625 0.740234375 0.21484375 0.740234375 0.21484375 0.755859375 0.255859375 0.755859375 0.255859375 0.740234375 0.291015625 0.740234375 0.291015625 0.693359375 0.28125 0.693359375 0.28125 0.677734375 0.19921875 0.677734375 0.19921875 0.693359375 0.171875 0.693359375 0.171875 0.677734375 0.0859375 0.677734375 0.0859375 0.693359375 0.076171875 0.693359375 0.076171875 0.740234375
0 0.068359375 0.693359375 0.068359375 0.677734375 0 0.677734375 0 0.755859375 0.044921875 0.755859375 0.044921875 0.740234375 0.076171875 0.740234375 0.076171875 0.693359375
0 0.015625 0.140625 0.015625 0.087890625 0 0.087890625 0 0.140625
0 0.228515625 0.07421875 0.228515625 0.087890625 0.169921875 0.087890625 0.169921875 0.138671875 0.2890625 0.138671875 0.2890625 0.087890625 0.25 0.087890625 0.25 0.07421875
0 0.923828125 0.095703125 0.923828125 0.115234375 0.86328125 0.115234375 0.86328125 0.095703125 0.830078125 0.095703125 0.830078125 0.115234375 0.783203125 0.115234375 0.783203125 0.095703125 0.75390625 0.095703125 0.75390625 0.115234375 0.720703125 0.115234375 0.720703125 0.162109375 0.978515625 0.162109375 0.978515625 0.115234375 0.9375 0.115234375 0.9375 0.095703125
0 0.916015625 0.328125 0.916015625 0.369140625 0.87890625 0.369140625 0.87890625 0.419921875 0.9765625 0.419921875 0.9765625 0.369140625 0.94140625 0.369140625 0.94140625 0.328125
0 0.669921875 0.34765625 0.669921875 0.375 0.623046875 0.375 0.623046875 0.419921875 0.8046875 0.419921875 0.8046875 0.375 0.765625 0.375 0.765625 0.357421875 0.748046875 0.357421875 0.748046875 0.3671875 0.69140625 0.3671875 0.69140625 0.34765625
0 0.49609375 0.345703125 0.49609375 0.369140625 0.4453125 0.369140625 0.4453125 0.345703125 0.416015625 0.345703125 0.416015625 0.369140625 0.37890625 0.369140625 0.37890625 0.345703125 0.353515625 0.345703125 0.353515625 0.369140625 0.3203125 0.369140625 0.3203125 0.419921875 0.55078125 0.419921875 0.55078125 0.369140625 0.521484375 0.369140625 0.521484375 0.345703125
0 0.26171875 0.369140625 0.16015625 0.369140625 0.16015625 0.416015625 0.26171875 0.416015625
0 0.099609375 0.35546875 0.099609375 0.369140625 0.060546875 0.369140625 0.060546875 0.416015625 0.16015625 0.416015625 0.16015625 0.369140625 0.130859375 0.369140625 0.130859375 0.35546875
0 0 0.369140625 0 0.416015625 0.060546875 0.416015625 0.060546875 0.369140625
0 0.4375 1 0.4375 0.900390625 0.33984375 0.900390625 0.33984375 1 0.4375 1