0 0.07421875 0.14453125 0.04296875 0.09375 0 0.119140625 0 0.189453125
0 0.2734375 0.9609375 0.20703125 1 0.296875 1
0 0.478515625 0.88671875 0.455078125 0.84765625 0.32421875 0.9296875 0.345703125 0.966796875 0.3671875 0.953125 0.376953125 0.97265625 0.40625 0.955078125 0.39453125 0.9375 0.42578125 0.91796875 0.4375 0.935546875 0.46484375 0.91796875 0.453125 0.900390625
0 0.357421875 0.24609375 0.177734375 0.337890625 0.20703125 0.396484375 0.2890625 0.353515625 0.28125 0.3359375 0.2890625 0.33203125 0.296875 0.328125 0.306640625 0.345703125 0.388671875 0.302734375
0 0.48828125 0.5234375 0.5234375 0.50390625 0.505859375 0.474609375 0.3984375 0.53515625 0.4140625 0.56640625 0.44140625 0.55078125 0.453125 0.57421875 0.501953125 0.546875
0 0.337890625 0.646484375 0.357421875 0.6328125 0.33203125 0.58984375 0.203125 0.66796875 0.23046875 0.7109375 0.244140625 0.703125 0.251953125 0.71484375 0.28125 0.6953125 0.275390625 0.685546875 0.298828125 0.669921875 0.306640625 0.6796875 0.34375 0.658203125
0 0.65234375 0.732421875 0.6328125 0.697265625 0.5234375 0.75390625 0.54296875 0.7890625 0.572265625 0.7734375 0.595703125 0.818359375 0.65234375 0.7890625 0.62890625 0.744140625
0 0.02734375 0.837890625 0.19140625 0.740234375 0.1640625 0.693359375 0 0.7890625 0 0.79296875
0 0.78515625 0.91796875 0.919921875 0.837890625 0.8984375 0.80078125 0.76171875 0.880859375
0 0.20703125 0.451171875 0.15625 0.373046875 0 0.478515625 0.04296875 0.556640625
0 0.95703125 1 0.95703125 0.951171875 0.82421875 0.951171875 0.82421875 1
0 0.126953125 0.142578125 0.087890625 0.076171875 0.05859375 0.09375 0.095703125 0.16015625
0 0.08203125 0.693359375 0.064453125 0.666015625 0.017578125 0.6953125 0.033203125 0.72265625