0 0.55859375 0.84375 0.541015625 0.892578125 0.744140625 0.966796875 0.76171875 0.91796875
0 0.888671875 1 1 1 1 0.99609375 0.763671875 0.91015625 0.75 0.94921875
0 0.541015625 0.892578125 0.501953125 1 0.5703125 1 0.6015625 0.9140625
0 0.95703125 0.8671875 1 0.880859375 1 0.75390625
0 0.890625 0.431640625 0.84765625 0.416015625 0.818359375 0.4921875 1 0.560546875 1 0.47265625 0.984375 0.466796875 0.97265625 0.5 0.87890625 0.462890625
0 0.640625 0.1328125 0.615234375 0.216796875 0.716796875 0.25 0.744140625 0.166015625 0.736328125 0.162109375
0 0 0.84765625 0 0.93359375 0.140625 0.98828125 0.169921875 0.912109375 0.111328125 0.890625
0 0.001953125 0.220703125 0.32421875 0.328125 0.34765625 0.25390625 0.025390625 0.146484375
0 0.59375 0.21875 0.703125 0.255859375 0.70703125 0.24609375 0.615234375 0.216796875 0.640625 0.1328125 0.736328125 0.162109375 0.791015625 0 0.67578125 0
0 0.06640625 0.958984375 0 0.990234375 0 1 0.1328125 1 0.140625 0.98828125
0 0.19921875 0.783203125 0.177734375 0.751953125 0.03125 0.70703125 0.013671875 0.751953125 0.09375 0.787109375 0.0703125 0.853515625 0.119140625 0.87109375 0.111328125 0.890625 0.154296875 0.90625 0.162109375 0.884765625
0 0.314453125 0.951171875 0.296875 1 0.453125 1
0 0.3828125 0.80078125 0.361328125 0.857421875 0.392578125 0.87109375 0.38671875 0.88671875 0.486328125 0.92578125 0.515625 0.8515625
0 0.650390625 0.38671875 0.62890625 0.455078125 0.763671875 0.498046875 0.78515625 0.427734375
0 1 0.037109375 1 0 0.896484375 0
0 0.80078125 0.1328125 1 0.201171875 1 0.1484375 0.81640625 0.0859375
0 0.990234375 0.359375 1 0.330078125 1 0.310546875 0.748046875 0.22265625 0.734375 0.267578125
0 0.41015625 0.65234375 0.45703125 0.66796875 0.564453125 0.33984375 0.51953125 0.32421875