0 0.193359375 0.974609375 0 0.98828125 0 1 0.1953125 1
0 0.177734375 0.822265625 0.173828125 0.76953125 0 0.783203125 0 0.8359375
0 0.4921875 0.75390625 0.21875 0.765625 0.220703125 0.8125 0.4921875 0.802734375
0 0.615234375 0.763671875 0.494140625 0.76953125 0.49609375 0.828125 0.6171875 0.82421875
0 0.5703125 1 0.623046875 1 0.6171875 0.82421875 0.564453125 0.826171875
0 0.255859375 1 0.5078125 1 0.505859375 0.955078125 0.255859375 0.96484375
0 0.021484375 0.763671875 0.01171875 0.5234375 0 0.5234375 0 0.763671875
0 0.08203125 0.6796875 0.431640625 0.6640625 0.4296875 0.59375 0.080078125 0.609375
0 0.50390625 0.74609375 0.55078125 0.744140625 0.5390625 0.5703125 0.494140625 0.572265625
0 0.0546875 0.578125 0.390625 0.5625 0.388671875 0.482421875 0.05078125 0.498046875
0 0.353515625 0.3671875 0.349609375 0.31640625 0 0.333984375 0 0.384765625
0 0.3515625 0.263671875 0.349609375 0.21484375 0 0.232421875 0 0.28125
0 0.96484375 0.91796875 0.958984375 0.806640625 0.85546875 0.8125 0.86328125 0.923828125
0 0.955078125 0.619140625 0.947265625 0.509765625 0.845703125 0.515625 0.8515625 0.626953125
0 0.51953125 0.302734375 0.404296875 0.310546875 0.41015625 0.3984375 0.525390625 0.388671875 0.51953125 0.30859375
0 0.888671875 0.330078125 0.9375 0.2421875 1 0.236328125 1 0.162109375 0.888671875 0.171875 0.890625 0.185546875 0.822265625 0.306640625 0.82421875 0.396484375 0.888671875 0.396484375
0 0.904296875 0.396484375 1 0.388671875 1 0.322265625 0.900390625 0.330078125
0 0.513671875 0.265625 0.453125 0.23046875 0.404296875 0.234375 0.404296875 0.310546875 0.51953125 0.302734375