0 0.5392359435328186 0.19871350144787644 0.6896265685328186 0.18113537644787644 0.6974390685328186 0.23386975144787644 0.5450953185328186 0.2534010014478765
0 0.2265625 0.451171875 0.435546875 0.4296875 0.44140625 0.478515625 0.232421875 0.498046875
0 0.23828125 0.310546875 0.447265625 0.291015625 0.453125 0.34375 0.244140625 0.36328125
0 0 0.537109375 0 0.478515625 0.08984375 0.478515625 0.08984375 0.537109375
0 0.001953125 0.205078125 0.12109375 0.205078125 0.12109375 0.265625 0.001953125 0.265625
0 0.001953125 0.33984375 0.15234375 0.33984375 0.15234375 0.40234375 0.001953125 0.40234375
0 0.2421875 0.158203125 0.44921875 0.158203125 0.44921875 0.21484375 0.2421875 0.21484375
0 0.2421875 0.001953125 0.45703125 0.001953125 0.45703125 0.064453125 0.2421875 0.064453125
0 0.595703125 0.931640625 0.68359375 0.931640625 0.68359375 1 0.595703125 1
0 0.126953125 0.599609375 0.126953125 0.49609375 0.185546875 0.49609375 0.185546875 0.599609375
0 0.4924589768339769 0.95246138996139 0.5156088705893395 0.998046875 0.30068987573099415 0.998046875 0.288097249034749 0.9675434362934363
0 0.058850144787644776 0.6824927606177607 0.08253380847953215 0.7409996345029239 0.2218795687134503 0.718156067251462 0.2059000965250965 0.6538368725868726
0 0.321277750965251 0.6425253378378378 0.34066611842105265 0.7090186403508771 0.48001187865497086 0.6861750730994152 0.4585243725868726 0.6259350868725869
0 0.528655888030888 0.5542953667953668 0.5527011680383391 0.6085069444444444 0.6920469282722573 0.5856633771929824 0.6741976351351351 0.5271476833976834
0 0.5377051158301158 0.3763272200772201 0.5565378289473685 0.4291849415204679 0.6958835891812867 0.40634137426900596 0.6749517374517374 0.3423926158301158
0 0.5309187682748537 0.027629294590643276 0.6813093932748537 0.010051169590643276 0.6891218932748537 0.06278554459064328 0.5367781432748537 0.08231679459064328
0 0.13050529970760236 0.06368786549707603 0.1069495138388208 0 0 0 0 0.08310489766081869
0 0.998046875 1 1 0.845703125 0.94921875 0.84375 0.947265625 1