0 0.3125 0.904296875 0.31640625 1 0.521484375 1 0.517578125 0.896484375
0 0.990234375 0.88671875 0.7890625 0.890625 0.791015625 1 0.9921875 1
0 0.7890625 0.890625 0.517578125 0.896484375 0.521484375 1 0.791015625 1
0 0.3125 0.904296875 0.291015625 0.908203125 0.296875 1 0.31640625 1
0 0.94140625 0.609375 0.9296875 0.609375 0.9296875 0.65234375 1 0.650390625 1 0.53125 0.953125 0.533203125 0.955078125 0.576171875 0.939453125 0.576171875 0.94140625 0.59375
0 0.80859375 0.041015625 0.65625 0.041015625 0.65625 0 0.5 0 0.404296875 0.025390625 0.43359375 0.08984375 0.287109375 0.16015625 0.431640625 0.71875 0.859375 0.71875 0.958984375 0 0.80859375 0
0 0.203125 0.623046875 0.24609375 0.65625 0.306640625 0.681640625 0.36328125 0.6796875 0.30859375 0.4375 0.283203125 0.42578125 0.255859375 0.416015625 0.130859375 0.490234375
0 0.126953125 0.3359375 0.08203125 0.357421875 0.048828125 0.376953125 0.07421875 0.42578125 0.15234375 0.384765625
0 0.16015625 0.318359375 0.07421875 0.154296875 0 0.193359375 0.08203125 0.357421875 0.126953125 0.3359375
0 0.65625 0.041015625 0.80859375 0.041015625 0.80859375 0 0.65625 0
0 0.43359375 0.08984375 0.404296875 0.025390625 0.255859375 0.095703125 0.287109375 0.16015625
0 0.076171875 0.12890625 0.078125 0 0 0 0 0.126953125 0.076171875 0.12890625