0 0.072265625 0.822265625 0.068359375 0.875 0.224609375 0.888671875 0.228515625 0.8359375 0.138671875 0.828125
0 0.236328125 0.837890625 0.240234375 0.77734375 0.14453125 0.767578125 0.138671875 0.828125 0.228515625 0.8359375
0 0.775390625 0.0703125 0.7265625 0.259765625 0.76171875 0.26953125 0.8125 0.080078125 0.783203125 0.072265625
0 0.822265625 0.173828125 0.84375 0.08984375 0.810546875 0.08203125 0.7890625 0.1640625
0 0.802734375 0.25 0.83203125 0.2578125 0.875 0.09765625 0.84375 0.08984375 0.822265625 0.173828125
0 0.8671875 0.09375 0.87890625 0.05078125 0.79296875 0.029296875 0.783203125 0.072265625 0.8125 0.080078125
0 0.626953125 0.05859375 0.61328125 0.10546875 0.755859375 0.142578125 0.767578125 0.095703125
0 0.640625 0.00390625 0.626953125 0.05859375 0.767578125 0.095703125 0.783203125 0.0390625 0.767578125 0.03515625
0 0.640625 0.00390625 0.767578125 0.03515625 0.775390625 0 0.640625 0
0 0.525390625 0 0.43359375 0 0.42578125 0.033203125 0.509765625 0.05859375
0 0.26171875 0.052734375 0.302734375 0.064453125 0.3125 0.03125 0.271484375 0.01953125
0 0.26171875 0.052734375 0.271484375 0.01953125 0.21875 0.005859375 0.205078125 0.056640625 0.298828125 0.08203125 0.302734375 0.064453125
0 0.365234375 0.0390625 0.333984375 0.162109375 0.365234375 0.169921875 0.396484375 0.046875 0.3828125 0.04296875
0 0.390625 0.009765625 0.35546875 0 0.34765625 0.033203125 0.3828125 0.04296875
0 0.478515625 0.048828125 0.46875 0.08203125 0.501953125 0.08984375 0.509765625 0.05859375
0 0.46875 0.08203125 0.455078125 0.125 0.482421875 0.1328125 0.49609375 0.08984375
0 0.595703125 0.197265625 0.658203125 0.21875 0.669921875 0.18359375 0.60546875 0.1640625
0 0.462890625 0.126953125 0.447265625 0.18359375 0.392578125 0.16796875 0.38671875 0.1875 0.44140625 0.203125 0.44140625 0.201171875 0.462890625 0.208984375 0.484375 0.1328125 0.482421875 0.1328125
0 0.412109375 0.126953125 0.3984375 0.169921875 0.447265625 0.18359375 0.458984375 0.140625 0.443359375 0.134765625
0 0.451171875 0.109375 0.40234375 0.095703125 0.39453125 0.12109375 0.443359375 0.134765625
0 0.95703125 0.333984375 0.966796875 0.296875 0.91015625 0.28125 0.900390625 0.3203125
0 0.564453125 0.21875 0.572265625 0.169921875 0.525390625 0.162109375 0.517578125 0.2109375 0.564453125 0.21875
0 0.16796875 0.09375 0.193359375 0.00390625 0.15625 0 0.130859375 0.083984375 0.16796875 0.09375
0 0.81640625 0.3125 0.828125 0.275390625 0.783203125 0.263671875 0.7734375 0.30078125 0.81640625 0.3125
0 0.0546875 0.85546875 0.064453125 0.779296875 0.029296875 0.775390625 0.017578125 0.8515625 0.0546875 0.85546875