0 0.03515625 0.1796875 0.013671875 0.10546875 0 0.109375 0 0.189453125
0 0.103515625 0.142578125 0.228515625 0.10546875 0.20703125 0.037109375 0.083984375 0.076171875
0 0.11328125 0.220703125 0.111328125 0.212890625 0.091796875 0.21875 0.115234375 0.296875 0.291015625 0.244140625 0.26953125 0.173828125
0 0.048828125 0.513671875 0.12890625 0.48828125 0.109375 0.42578125 0.029296875 0.44921875
0 0.0390625 0.65234375 0.015625 0.576171875 0 0.580078125 0 0.6640625
0 0.19921875 1 0.287109375 1 0.26953125 0.935546875 0.1875 0.958984375
0 0.01953125 0.93359375 0.13671875 0.8984375 0.1171875 0.8359375 0 0.87109375
0 0.16796875 0.8671875 0.2578125 0.841796875 0.23828125 0.775390625 0.1484375 0.802734375
0 0.322265625 0.76171875 0.451171875 0.72265625 0.4296875 0.654296875 0.302734375 0.693359375
0 0.478515625 0.720703125 0.60546875 0.68359375 0.583984375 0.6171875 0.458984375 0.654296875
0 0.529296875 0.7890625 0.40625 0.826171875 0.42578125 0.888671875 0.546875 0.8515625
0 0.681640625 0.755859375 0.546875 0.796875 0.564453125 0.859375 0.701171875 0.818359375
0 0.390625 0.80859375 0.369140625 0.814453125 0.373046875 0.83203125 0.345703125 0.83984375 0.37109375 0.919921875 0.419921875 0.90625
0 0.041015625 0.34765625 0.029296875 0.263671875 0 0.267578125 0 0.353515625
0 0.197265625 0.455078125 0.416015625 0.41796875 0.40625 0.361328125 0.1875 0.3984375
0 0.056640625 0.666015625 0.142578125 0.671875 0.1484375 0.587890625 0.0625 0.58203125
0 0.61328125 1 0.669921875 1 0.796875 0.921875 0.763671875 0.87109375 0.59765625 0.974609375
0 0.96875 0.83203125 0.96875 0.8515625 0.900390625 0.8515625 0.900390625 0.90234375 1 0.900390625 1 0.83203125
0 0.80078125 0.603515625 0.798828125 0.630859375 0.724609375 0.62890625 0.72265625 0.673828125 0.8984375 0.67578125 0.8984375 0.630859375 0.84765625 0.630859375 0.84765625 0.603515625
0 0.80078125 0.314453125 0.80078125 0.3359375 0.728515625 0.3359375 0.728515625 0.388671875 0.896484375 0.388671875 0.896484375 0.3359375 0.853515625 0.3359375 0.853515625 0.31640625
0 0.388671875 0.005859375 0.388671875 0.02734375 0.318359375 0.02734375 0.318359375 0.068359375 0.482421875 0.068359375 0.482421875 0.025390625 0.4296875 0.02734375 0.4296875 0.005859375
0 0.580078125 0.322265625 0.580078125 0.34765625 0.513671875 0.349609375 0.515625 0.39453125 0.69140625 0.392578125 0.69140625 0.34765625 0.63671875 0.34765625 0.634765625 0.322265625
0 0.58203125 0.029296875 0.580078125 0.060546875 0.53125 0.05859375 0.529296875 0.107421875 0.70703125 0.111328125 0.708984375 0.064453125 0.669921875 0.0625 0.669921875 0.033203125
0 0.490234375 0.490234375 0.34765625 0.517578125 0.359375 0.578125 0.501953125 0.548828125
0 0.3359375 0.515625 0.20703125 0.541015625 0.21875 0.599609375 0.34765625 0.57421875
0 0.169921875 0.99609375 0.1640625 0.951171875 0.041015625 0.96484375 0.044921875 1 0.169921875 0.99609375