0 0.3359375 0.2890625 0.318359375 0.22265625 0.294921875 0.228515625 0.29296875 0.220703125 0.26953125 0.228515625 0.271484375 0.234375 0.251953125 0.240234375 0.25 0.234375 0.244140625 0.234375 0.2265625 0.240234375 0.228515625 0.24609375 0.203125 0.25390625 0.22265625 0.3203125 0.265625 0.30859375
0 0.244140625 0.0859375 0.2265625 0.01953125 0.205078125 0.025390625 0.203125 0.017578125 0.177734375 0.025390625 0.1796875 0.03125 0.16015625 0.037109375 0.158203125 0.03125 0.134765625 0.037109375 0.13671875 0.04296875 0.11328125 0.05078125 0.130859375 0.1171875 0.177734375 0.10546875
0 0.39333222731660233 0.33203125 0.6179416023166023 0.26953125 0.6003634773166023 0.203125 0.37575410231660233 0.265625
0 0.2421875 0.224609375 0.15234375 0.25 0.185546875 0.36328125 0.2734375 0.33984375 0.265625 0.30859375 0.22265625 0.3203125 0.203125 0.25390625 0.228515625 0.24609375 0.2265625 0.240234375 0.244140625 0.234375
0 0.146484375 0 0.07421875 0 0.1328125 0.208984375 0.201171875 0.19140625 0.177734375 0.10546875 0.130859375 0.1171875 0.11328125 0.05078125 0.13671875 0.04296875 0.134765625 0.037109375 0.15625 0.03125
0 0.35546875 0.0859375 0.572265625 0.025390625 0.564453125 0 0.48046875 0 0.341796875 0.0390625
0 0.01953125 0.119140625 0 0.048828125 0 0.123046875
0 0.021484375 0.271484375 0.0625 0.259765625 0.0390625 0.1796875 0 0.189453125 0 0.197265625 0.017578125 0.2578125 0 0.26171875 0 0.31640625 0.03125 0.30859375
0 0.33203125 0.607421875 0.314453125 0.54296875 0.193359375 0.578125 0.2109375 0.642578125 0.265625 0.626953125
0 0.30859375 0.615234375 0.265625 0.626953125 0.283203125 0.6875 0.326171875 0.67578125
0 0.48046875 0.791015625 0.607421875 0.755859375 0.599609375 0.728515625 0.47265625 0.763671875
0 0.095703125 0.98828125 0.087890625 0.955078125 0.001953125 0.98046875 0.005859375 1 0.056640625 1 0.083984375 0.9921875
0 0.13671875 0.94140625 0.087890625 0.955078125 0.095703125 0.98828125 0.083984375 0.9921875 0.083984375 1 0.15234375 1
0 0.1640625 0.93359375 0.1484375 0.87890625 0 0.919921875 0 0.97265625 0.001953125 0.98046875 0.07421875 0.958984375
0 0.23046875 0.779296875 0.12890625 0.806640625 0.169921875 0.953125 0.271484375 0.923828125
0 0.349609375 0.677734375 0.111328125 0.744140625 0.12890625 0.806640625 0.3671875 0.740234375
0 0.078125 0.763671875 0 0.78515625 0 0.806640625 0.021484375 0.884765625 0.10546875 0.861328125
0 0.078125 0.625 0.185546875 0.595703125 0.177734375 0.56640625 0.0703125 0.59765625
0 0.0703125 0.59765625 0 0.615234375 0 0.646484375 0.078125 0.625
0 0.708984375 0.609375 0.37890625 0.701171875 0.390625 0.74609375 0.72265625 0.654296875
0 0.609375 0.44921875 0.462890625 0.490234375 0.490234375 0.591796875 0.560546875 0.572265625 0.548828125 0.53125 0.626953125 0.509765625 0.619140625 0.48046875
0 0.677734375 0.462890625 0.619140625 0.48046875 0.626953125 0.509765625 0.625 0.509765625 0.65625 0.625 0.71875 0.607421875
0 0.435546875 0.50390625 0.43359375 0.49609375 0.41796875 0.5 0.419921875 0.5078125 0.365234375 0.5234375 0.36328125 0.515625 0.345703125 0.51953125 0.34765625 0.52734375 0.328125 0.533203125 0.33984375 0.578125 0.4765625 0.5390625 0.46484375 0.49609375
0 0.486328125 0.57421875 0.4765625 0.5390625 0.33984375 0.578125 0.349609375 0.611328125 0.43359375 0.587890625
0 0.6484375 0.78125 0.65234375 0.794921875 0.619140625 0.802734375 0.615234375 0.791015625 0.595703125 0.794921875 0.599609375 0.80859375 0.552734375 0.822265625 0.548828125 0.80859375 0.521484375 0.81640625 0.525390625 0.830078125 0.49609375 0.837890625 0.4921875 0.82421875 0.46875 0.830078125 0.47265625 0.84375 0.451171875 0.849609375 0.462890625 0.88671875 0.71875 0.81640625 0.70703125 0.779296875 0.673828125 0.787109375 0.669921875 0.775390625
0 0.77734375 0.798828125 0.74609375 0.6875 0.6875 0.705078125 0.71875 0.81640625
0 0.33984375 0.828125 0.333984375 0.80859375 0.255859375 0.830078125 0.26953125 0.87890625 0.34765625 0.857421875 0.353515625 0.876953125 0.44921875 0.849609375 0.435546875 0.80078125
0 0.478515625 0.94921875 0.3828125 0.9765625 0.38671875 1 0.4921875 1
0 0.669921875 0.90234375 0.53515625 0.939453125 0.55078125 0.99609375 0.685546875 0.95703125
0 0.685546875 0.95703125 0.828125 0.91796875 0.8125 0.861328125 0.669921875 0.90234375
0 0.376953125 0.958984375 0.232421875 1 0.38671875 1
0 0.0859375 0.36328125 0.0703125 0.306640625 0 0.326171875 0 0.38671875
0 0.6875 0.044921875 0.689453125 0.056640625 0.669921875 0.0625 0.697265625 0.162109375 0.755859375 0.146484375 0.728515625 0.046875 0.708984375 0.052734375 0.70703125 0.0390625
0 0.087890625 0.3828125 0.05078125 0.39453125 0.0546875 0.404296875 0.005859375 0.41796875 0.00390625 0.40625 0 0.40625 0 0.45703125 0.1015625 0.4296875 0.095703125 0.412109375
0 0.85546875 0.763671875 0.888671875 0.8828125 1 0.8515625 1 0.794921875 0.9296875 0.814453125 0.91015625 0.748046875
0 0.923828125 1 1 1 1 0.97265625 0.923828125 0.994140625
0 0.880859375 0.02734375 0.880859375 0 0.755859375 0 0.755859375 0.02734375
0 0.83203125 0.998046875 0.830078125 0.966796875 0.67578125 0.96875 0.67578125 1
0 0.470703125 0.650390625 0.4609375 0.611328125 0.357421875 0.63671875 0.3671875 0.67578125
0 0.7128001327220078 0.23461631274131273 0.998046875 0.15386703667953666 0.998046875 0.08675193050193047 0.6952220077220078 0.16821006274131273
0 0.8431165540540542 0.5739020270270271 0.998046875 0.5294099903474904 0.998046875 0.4359013030888031 0.8227557915057915 0.4984917953667954
0 0.8197393822393824 0.4962294884169884 1 0.441044280888031 1 0.3475355936293436 0.7993786196911197 0.4200651544401544
0 0.8480860883204633 0.711902750965251 1 0.6651484073359074 1 0.6018038127413128 0.8292335304054055 0.6606237934362935