0 0.103515625 0.546875 0.1328125 0.49609375 0 0.41796875 0 0.486328125
0 0 0.046875 0 0.068359375 0.21484375 0.193359375 0.244140625 0.142578125 0.01953125 0.013671875
0 0.298828125 0.244140625 0.4921875 0.35546875 0.525390625 0.30078125 0.33203125 0.189453125
0 0.376953125 0.484375 0.66015625 0.6484375 0.689453125 0.599609375 0.404296875 0.435546875
0 0.51953125 0.369140625 0.748046875 0.5 0.779296875 0.4453125 0.552734375 0.314453125
0 0.185546875 0.48828125 0.3046875 0.556640625 0.3359375 0.501953125 0.216796875 0.43359375
0 0.0703125 0.703125 0.19140625 0.7734375 0.22265625 0.71875 0.1015625 0.650390625
0 0.166015625 0.884765625 0.36328125 1 0.47265625 1 0.478515625 0.990234375 0.197265625 0.830078125
0 0.001953125 1 0.068359375 1 0.091796875 0.958984375 0.162109375 1 0.177734375 1 0.046875 0.923828125
0 0.18359375 0.39453125 0.216796875 0.3359375 0 0.2109375 0 0.2890625
0 0.265625 0.634765625 0.55078125 0.798828125 0.5859375 0.740234375 0.30078125 0.576171875
0 0.44921875 0.869140625 0.501953125 0.900390625 0.533203125 0.84375 0.48046875 0.8125
0 0.6640625 0.828125 0.650390625 0.8515625 0.634765625 0.841796875 0.609375 0.88671875 0.783203125 0.986328125 0.822265625 0.91796875 0.78515625 0.896484375 0.771484375 0.919921875 0.73828125 0.900390625 0.751953125 0.876953125 0.716796875 0.857421875 0.703125 0.880859375 0.6796875 0.8671875 0.693359375 0.84375
0 0.869140625 0.5078125 0.841796875 0.4921875 0.826171875 0.51953125 0.80859375 0.509765625 0.78125 0.556640625 0.9296875 0.642578125 0.95703125 0.595703125 0.939453125 0.5859375 0.955078125 0.55859375 0.908203125 0.53125 0.900390625 0.541015625 0.86328125 0.51953125
0 0.80859375 0.509765625 0.826171875 0.51953125 0.841796875 0.4921875 0.869140625 0.5078125 0.86328125 0.51953125 0.900390625 0.541015625 0.908203125 0.53125 0.955078125 0.55859375 0.939453125 0.5859375 0.95703125 0.595703125 0.978515625 0.55859375 0.830078125 0.47265625
0 0.91796875 0.9375 0.880859375 1 1 1 1 0.984375
0 0.85546875 0.98828125 0.876953125 1 0.880859375 1 0.91796875 0.9375 1 0.984375 1 0.736328125
0 0.564453125 0.09765625 0.59765625 0.041015625 0.525390625 0 0.392578125 0
0 0.8671875 0.251953125 1 0.326171875 1 0.259765625 0.896484375 0.201171875
0 0.634765625 0.119140625 0.814453125 0.22265625 0.84375 0.171875 0.6640625 0.068359375
0 0.7578125 0.01953125 0.896484375 0.099609375 0.951171875 0 0.767578125 0
0 0.998046875 0.197265625 1 0.099609375 0.974609375 0.099609375 0.974609375 0.197265625 0.998046875 0.197265625