0 0.34375 0.021484375 0.341796875 0.09375 0.443359375 0.09375 0.443359375 0.0234375 0.369140625 0.021484375
0 0.1640625 0.033203125 0.1640625 0.091796875 0.341796875 0.09375 0.341796875 0.03515625
0 0.1640625 0.0078125 0.072265625 0.0078125 0.0703125 0.083984375 0.1640625 0.083984375 0.1640625 0.033203125
0 0.16015625 0.275390625 0.068359375 0.275390625 0.06640625 0.3515625 0.16015625 0.3515625 0.16015625 0.30078125
0 0.33984375 0.2890625 0.337890625 0.361328125 0.439453125 0.361328125 0.439453125 0.291015625 0.357421875 0.2890625
0 0.16015625 0.30078125 0.16015625 0.359375 0.337890625 0.361328125 0.337890625 0.302734375
0 0.056640625 0.8125 0.056640625 0.83203125 0.025390625 0.830078125 0.021484375 0.892578125 0.1484375 0.8984375 0.150390625 0.83203125 0.13671875 0.830078125 0.13671875 0.814453125 0.1171875 0.814453125 0.115234375 0.837890625 0.072265625 0.8359375 0.072265625 0.8125
0 0.80078125 0.1796875 0.796875 0.392578125 0.833984375 0.39453125 0.837890625 0.181640625
0 0.705078125 0.490234375 0.84765625 0.49609375 0.8515625 0.4296875 0.708984375 0.421875 0.705078125 0.486328125
0 0.591796875 0.416015625 0.58984375 0.48046875 0.705078125 0.486328125 0.708984375 0.421875 0.673828125 0.419921875
0 0.58203125 0.748046875 0.578125 0.8203125 0.681640625 0.826171875 0.685546875 0.75390625 0.65625 0.751953125
0 0.81640625 0.83203125 0.818359375 0.7734375 0.685546875 0.767578125 0.681640625 0.826171875
0 0.8046875 0.99609375 0.806640625 0.9375 0.673828125 0.931640625 0.669921875 0.990234375
0 0.5703125 0.912109375 0.56640625 0.984375 0.669921875 0.990234375 0.673828125 0.91796875 0.650390625 0.916015625
0 0.587890625 0.580078125 0.583984375 0.65234375 0.6875 0.658203125 0.69140625 0.5859375 0.671875 0.583984375
0 0.822265625 0.666015625 0.82421875 0.60546875 0.689453125 0.599609375 0.6875 0.658203125
0 0.576171875 0.328125 0.544921875 1 0.646484375 1 0.6484375 0.98828125 0.56640625 0.984375 0.5703125 0.912109375 0.650390625 0.916015625 0.654296875 0.82421875 0.578125 0.8203125 0.58203125 0.748046875 0.65625 0.751953125 0.66015625 0.65625 0.583984375 0.65234375 0.587890625 0.580078125 0.671875 0.583984375 0.673828125 0.484375 0.58984375 0.48046875 0.591796875 0.416015625 0.673828125 0.419921875 0.673828125 0.3359375
0 0.888671875 0.3931361607142857 1 0.3950892857142857 1 0.3325892857142857 0.888671875 0.3306361607142857
0 1 0.8714934242277992 1 0.8011809242277992 0.890625 0.8011809242277992 0.888671875 0.8714934242277992
0 0.884765625 1 1 1 1 0.951171875 0.888671875 0.947265625
0 0.90234375 0.6312590492277992 1 0.6332121742277992 1 0.5628996742277992 0.90234375 0.5628996742277992
0 0.775390625 0.15234375 0.818359375 0.15234375 0.818359375 0.0859375 0.77734375 0.083984375 0.775390625 0.125
0 0.240234375 0.55859375 0.142578125 0.556640625 0.140625 0.6171875 0.23828125 0.619140625
0 0.337890625 0.544921875 0.240234375 0.54296875 0.23828125 0.619140625 0.3359375 0.62109375 0.337890625 0.5703125
0 0.171875 0.814453125 0.169921875 0.875 0.236328125 0.875 0.23828125 0.814453125
0 0.337890625 0.55859375 0.3359375 0.62109375 0.41796875 0.623046875 0.41796875 0.560546875 0.34765625 0.55859375
0 0.3359375 0.814453125 0.3359375 0.876953125 0.3984375 0.87890625 0.3984375 0.81640625 0.337890625 0.814453125
0 0.3359375 0.802734375 0.23828125 0.80078125 0.236328125 0.875 0.3359375 0.876953125 0.3359375 0.814453125
0 0.333984375 0.876953125 0.328125 1 0.390625 1 0.396484375 0.87890625
0 0.345703125 0.62109375 0.337890625 0.814453125 0.3984375 0.81640625 0.3984375 0.83203125 0.408203125 0.623046875
0 0.35546875 0.361328125 0.34765625 0.55859375 0.41015625 0.560546875 0.41796875 0.361328125
0 0.365234375 0.09375 0.357421875 0.2890625 0.421875 0.2890625 0.4296875 0.09375
0 0.87109375 0.1953125 0.869140625 0.224609375 0.986328125 0.228515625 0.986328125 0.197265625
0 0.859375 0.173828125 1 0.173828125 1 0.119140625 0.859375 0.119140625
0 0.603515625 0.2265625 0.603515625 0.27734375 0.771484375 0.27734375 0.771484375 0.228515625
0 0.640625 0 0.591796875 0 0.591796875 0.072265625 0.640625 0.07421875
0 0.603515625 0.072265625 0.6015625 0.123046875 0.775390625 0.125 0.77734375 0.076171875 0.640625 0.07421875
0 0.63671875 0.15234375 0.59375 0.15234375 0.59375 0.2265625 0.63671875 0.2265625
0 0.998046875 0.0625 0.998046875 0 0.84765625 0 0.84765625 0.0625
0 0.833984375 0.0546875 0.833984375 0 0.767578125 0 0.767578125 0.0546875
0 0.998046875 0.287109375 0.998046875 0.23828125 0.84765625 0.23828125 0.84765625 0.2890625