0 0.875 0.2890625 0.875 0.349609375 0.982421875 0.3515625 0.982421875 0.291015625
0 0.900390625 0.15234375 0.900390625 0.208984375 1 0.208984375 1 0.15234375
0 0.77734375 0.150390625 0.775390625 0.20703125 0.876953125 0.208984375 0.87890625 0.15234375
0 0.97265625 0.736328125 1 0.771484375 1 0.71484375
0 0.962890625 0.60546875 0.90625 0.6484375 0.958984375 0.716796875 1 0.68359375 1 0.654296875
0 0.90625 0.529296875 0.8515625 0.572265625 0.896484375 0.630859375 0.951171875 0.587890625
0 0.865234375 0.462890625 0.810546875 0.505859375 0.853515625 0.560546875 0.908203125 0.51953125
0 0.806640625 0.3984375 0.751953125 0.44140625 0.791015625 0.4921875 0.845703125 0.44921875
0 0.7421875 0.31640625 0.6875 0.359375 0.732421875 0.419921875 0.7890625 0.376953125
0 0.685546875 0.244140625 0.630859375 0.28515625 0.673828125 0.34375 0.73046875 0.30078125
0 0.609375 0.142578125 0.5546875 0.18359375 0.607421875 0.25390625 0.662109375 0.2109375
0 0.603515625 0.076171875 0.611328125 0.029296875 0.572265625 0.021484375 0.564453125 0.0703125 0.603515625 0.076171875
0 0.833984375 0.0234375 0.833984375 0 0.72265625 0 0.72265625 0.0234375 0.833984375 0.0234375