0 0.107421875 0.56640625 0.078125 0.57421875 0.076171875 0.56640625 0.029296875 0.580078125 0.041015625 0.623046875 0.0703125 0.615234375 0.083984375 0.671875 0.1640625 0.650390625 0.15625 0.6171875 0.130859375 0.623046875 0.125 0.59375 0.1328125 0.60546875 0.16796875 0.58203125 0.142578125 0.54296875
0 0.21484375 0.990234375 0.216796875 1 0.302734375 1 0.298828125 0.98046875 0.2734375 0.98828125 0.271484375 0.9765625 0.30859375 0.955078125 0.283203125 0.91015625 0.216796875 0.94921875 0.17578125 0.947265625 0.169921875 0.986328125 0.1875 0.98828125
0 0.169921875 0.986328125 0.173828125 0.96484375 0.041015625 1 0.189453125 1 0.1875 0.98828125
0 0.630859375 0.322265625 0.6328125 0.328125 0.5703125 0.34375 0.5703125 0.341796875 0.517578125 0.35546875 0.51953125 0.365234375 0.486328125 0.375 0.49609375 0.4140625 0.513671875 0.41015625 0.515625 0.41796875 0.544921875 0.41015625 0.548828125 0.421875 0.578125 0.4140625 0.57421875 0.40234375 0.59375 0.396484375 0.591796875 0.388671875 0.626953125 0.37890625 0.62890625 0.388671875 0.64453125 0.3828125 0.64453125 0.388671875 0.673828125 0.3828125 0.671875 0.376953125 0.703125 0.369140625 0.69921875 0.359375 0.71484375 0.357421875 0.705078125 0.318359375 0.673828125 0.326171875 0.671875 0.3125
0 0.99609375 0.248046875 0.990234375 0.228515625 0.939453125 0.2421875 0.9453125 0.26171875 0.91015625 0.271484375 0.904296875 0.25 0.87109375 0.259765625 0.876953125 0.279296875 0.833984375 0.291015625 0.828125 0.26953125 0.79296875 0.279296875 0.798828125 0.30078125 0.779296875 0.3046875 0.79296875 0.357421875 1 0.30078125 1 0.24609375
0 0.708984375 0.931640625 0.681640625 0.935546875 0.681640625 0.943359375 0.6328125 0.94921875 0.6328125 0.94140625 0.60546875 0.9453125 0.607421875 0.9609375 0.58203125 0.96484375 0.583984375 1 0.69921875 1 0.75 0.994140625 0.748046875 0.984375 0.744140625 0.947265625 0.712890625 0.951171875 0.7109375 0.947265625
0 0.58203125 0.955078125 0.369140625 0.966796875 0.37109375 1 0.583984375 1 0.58203125 0.96484375
0 0.974609375 0.857421875 0.9765625 0.8671875 0.9140625 0.8828125 0.91015625 0.875 0.896484375 0.876953125 0.8984375 0.88671875 0.833984375 0.904296875 0.83203125 0.89453125 0.80859375 0.900390625 0.810546875 0.91015625 0.78515625 0.91796875 0.798828125 0.970703125 1 0.91796875 1 0.859375 0.994140625 0.861328125 0.9921875 0.853515625
0 0.4375 0.779296875 0.4375 0.787109375 0.408203125 0.7890625 0.408203125 0.798828125 0.38671875 0.798828125 0.384765625 0.791015625 0.365234375 0.791015625 0.365234375 0.783203125 0.341796875 0.783203125 0.341796875 0.79296875 0.30859375 0.794921875 0.310546875 0.802734375 0.29296875 0.8046875 0.294921875 0.853515625 0.5 0.84375 0.498046875 0.794921875 0.48828125 0.794921875 0.48828125 0.78515625 0.4609375 0.78515625 0.4609375 0.779296875
0 0.806640625 0.7890625 0.994140625 0.724609375 0.974609375 0.666015625 0.787109375 0.73046875
0 0.66796875 0.74609375 0.669921875 0.7578125 0.580078125 0.771484375 0.578125 0.76171875 0.552734375 0.765625 0.5546875 0.775390625 0.517578125 0.78125 0.51953125 0.79296875 0.509765625 0.794921875 0.517578125 0.845703125 0.755859375 0.80859375 0.748046875 0.7578125 0.7265625 0.759765625 0.724609375 0.75 0.693359375 0.75390625 0.69140625 0.7421875
0 0.404296875 0.455078125 0.404296875 0.458984375 0.34375 0.4765625 0.341796875 0.47265625 0.2890625 0.48828125 0.29296875 0.498046875 0.259765625 0.505859375 0.26953125 0.544921875 0.28515625 0.541015625 0.287109375 0.548828125 0.318359375 0.541015625 0.3203125 0.552734375 0.3515625 0.544921875 0.34765625 0.533203125 0.3671875 0.529296875 0.365234375 0.51953125 0.3984375 0.51171875 0.40234375 0.51953125 0.416015625 0.515625 0.41796875 0.521484375 0.447265625 0.513671875 0.4453125 0.5078125 0.474609375 0.5 0.47265625 0.4921875 0.486328125 0.48828125 0.4765625 0.44921875 0.447265625 0.45703125 0.443359375 0.443359375