0 0 0.482421875 0 0.54296875 0.046875 0.544921875 0.048828125 0.484375
0 0 0.83203125 0 0.904296875 0.033203125 0.90625 0.03515625 0.833984375
0 0.0234375 0.734375 0.025390625 0.67578125 0.0078125 0.67578125 0 0.67578125 0 0.732421875
0 0 0.54296875 0 0.67578125 0.0078125 0.67578125 0.025390625 0.67578125 0.0234375 0.734375 0 0.732421875 0 0.83203125 0.03515625 0.833984375 0.046875 0.544921875
0 0 0.904296875 0 1 0.029296875 1 0.033203125 0.90625
0 0.060546875 0.240234375 0.068359375 0 0 0 0 0.236328125
0 0.27734375 0 0.208984375 0 0.20703125 0.10546875 0.27734375 0.107421875 0.27734375 0.05859375
0 0.857421875 0.548828125 0.85546875 0.625 0.9453125 0.62890625 0.9453125 0.61328125 0.9765625 0.615234375 0.978515625 0.552734375
0 0.857421875 0.302734375 0.85546875 0.380859375 0.908203125 0.3828125 0.908203125 0.37109375 0.943359375 0.373046875 0.94140625 0.384765625 0.986328125 0.384765625 0.98828125 0.306640625
0 0.37890625 0.60546875 0.796875 0.6171875 0.798828125 0.55078125 0.380859375 0.5390625
0 0.734375 0.94921875 0.986328125 0.95703125 0.98828125 0.890625 0.736328125 0.8828125
0 0.390625 0.939453125 0.59375 0.9453125 0.595703125 0.873046875 0.392578125 0.8671875
0 0.40625 0.240234375 0.404296875 0.302734375 0.830078125 0.314453125 0.830078125 0.251953125
0 0.607421875 0.771484375 0.607421875 0.732421875 0.40234375 0.7265625 0.400390625 0.765625
0 0.625 0.712890625 0.623046875 0.783203125 0.96875 0.79296875 0.970703125 0.72265625
0 0.33203125 0.22265625 0.19921875 0.21875 0.169921875 1 0.251953125 1 0.255859375 0.8515625 0.2109375 0.8515625 0.212890625 0.7734375 0.255859375 0.775390625 0.259765625 0.61328125 0.216796875 0.61328125 0.21875 0.533203125 0.26171875 0.53515625 0.265625 0.37109375 0.21875 0.369140625 0.220703125 0.294921875 0.24609375 0.296875 0.248046875 0.263671875 0.271484375 0.265625 0.271484375 0.27734375 0.302734375 0.27734375 0.302734375 0.29296875 0.337890625 0.294921875
0 0.212890625 0.7734375 0.2109375 0.8515625 0.33203125 0.853515625 0.333984375 0.77734375 0.255859375 0.775390625
0 0.21875 0.533203125 0.216796875 0.61328125 0.33984375 0.6171875 0.341796875 0.537109375 0.26171875 0.53515625
0 0.302734375 0.29296875 0.302734375 0.27734375 0.271484375 0.27734375 0.271484375 0.265625 0.248046875 0.263671875 0.24609375 0.296875 0.220703125 0.294921875 0.21875 0.369140625 0.302734375 0.373046875 0.302734375 0.34765625 0.3359375 0.349609375 0.337890625 0.294921875
0 0.865234375 0.125 1 0.12890625 1 0.072265625 0.865234375 0.0703125
0 0.5390625 0.109375 0.85546875 0.119140625 0.85546875 0.06640625 0.541015625 0.056640625
0 0.49609375 0.11328125 0.498046875 0.064453125 0.27734375 0.05859375 0.27734375 0.107421875
0 0.041015625 0.435546875 0.041015625 0.376953125 0 0.376953125 0 0.435546875 0.041015625 0.435546875