0 0.19140625 0.6171875 0.09765625 0.615234375 0.087890625 0.962890625 0.181640625 0.96484375 0.1875 0.74609375
0 0.423828125 0.626953125 0.32421875 0.623046875 0.310546875 0.982421875 0.41015625 0.986328125 0.41796875 0.767578125
0 0.103515625 0.521484375 0.19921875 0.52734375 0.20703125 0.326171875 0.111328125 0.322265625
0 0.708984375 0.384765625 0.70703125 0.408203125 0.779296875 0.412109375 0.78125 0.388671875
0 0.779296875 0.412109375 0.94140625 0.421875 0.943359375 0.3984375 0.78125 0.388671875
0 0.943359375 0.3984375 0.94140625 0.421875 0.99609375 0.42578125 0.998046875 0.40234375
0 0.7109375 0.3671875 0.708984375 0.384765625 1 0.40234375 1 0.3828125 0.916015625 0.37890625
0 0.658203125 0.392578125 0.65625 0.404296875 0.70703125 0.408203125 0.708984375 0.396484375
0 0.9296875 0.380859375 0.931640625 0.365234375 0.91796875 0.365234375 0.916015625 0.37890625
0 0.34375 0.59375 0.40625 0.59765625 0.41015625 0.5390625 0.34765625 0.537109375
0 0.462890625 0.650390625 0.501953125 0.65234375 0.501953125 0.61328125 0.46484375 0.611328125
0 0.18359375 0.845703125 0.208984375 0.84765625 0.2109375 0.748046875 0.1875 0.74609375
0 0.576171875 0.751953125 0.599609375 0.751953125 0.60546875 0.6171875 0.58203125 0.615234375
0 0.6171875 0.755859375 0.638671875 0.755859375 0.642578125 0.619140625 0.62109375 0.619140625
0 0.677734375 0.7578125 0.6875 0.62109375 0.6640625 0.619140625 0.65625 0.7578125
0 0.5 0.814453125 0.5 0.798828125 0.4375 0.794921875 0.435546875 0.810546875
0 0.416015625 0.84765625 0.431640625 0.84765625 0.43359375 0.76953125 0.41796875 0.767578125
0 0.474609375 0.857421875 0.470703125 0.9765625 0.5 0.9765625 0.50390625 0.857421875
0 0.447265625 0.974609375 0.4453125 1 0.484375 1 0.484375 0.9765625 0.470703125 0.9765625
0 0.5 1 0.525390625 1 0.529296875 0.859375 0.50390625 0.857421875 0.5 0.9765625
0 0.56640625 0.994140625 0.58984375 0.994140625 0.595703125 0.853515625 0.572265625 0.853515625 0.56640625 0.98828125
0 0.630859375 0.994140625 0.63671875 0.85546875 0.611328125 0.85546875 0.60546875 0.994140625
0 0.646484375 0.99609375 0.669921875 0.998046875 0.67578125 0.859375 0.65234375 0.857421875
0 0.54296875 0.888671875 0.541015625 0.912109375 0.5703125 0.912109375 0.5703125 0.888671875
0 0.544921875 0.939453125 0.54296875 0.953125 0.568359375 0.955078125 0.568359375 0.94140625
0 0.544921875 0.970703125 0.544921875 0.98828125 0.56640625 0.98828125 0.56640625 0.970703125
0 0.00390625 0.171875 0.009765625 0.044921875 0 0.04296875 0 0.169921875
0 0 0.94921875 0 1 0.041015625 1 0.044921875 0.951171875
0 0.013671875 0.548828125 0.0078125 0.65625 0.060546875 0.658203125 0.06640625 0.55078125
0 0.01953125 0.421875 0.013671875 0.548828125 0.06640625 0.55078125 0.072265625 0.42578125
0 0.025390625 0.296875 0.01953125 0.421875 0.072265625 0.42578125 0.078125 0.298828125
0 0.0859375 0.173828125 0.091796875 0.048828125 0.0390625 0.044921875 0.033203125 0.171875
0 0.033203125 0.171875 0.025390625 0.296875 0.078125 0.298828125 0.0859375 0.173828125
0 0.0390625 0.044921875 0.091796875 0.048828125 0.09375 0 0.041015625 0
0 0.0625 0.814453125 0.064453125 0.771484375 0 0.767578125 0 0.810546875
0 0 0.810546875 0 0.94921875 0.044921875 0.951171875 0.052734375 0.8125
0 0.0078125 0.65625 0.001953125 0.76953125 0.0546875 0.771484375 0.060546875 0.658203125
0 0.76953125 0.94140625 0.787109375 0.92578125 0.77734375 0.912109375 0.7578125 0.927734375
0 0.806640625 0.849609375 0.8046875 0.849609375 0.802734375 0.8515625 0.80078125 0.8515625 0.798828125 0.853515625 0.798828125 0.85546875 0.796875 0.857421875 0.796875 0.859375 0.796875 0.861328125 0.796875 0.86328125 0.796875 0.865234375 0.798828125 0.8671875 0.798828125 0.869140625 0.80078125 0.87109375 0.802734375 0.87109375 0.8046875 0.873046875 0.806640625 0.873046875 0.80859375 0.873046875 0.810546875 0.873046875 0.8125 0.873046875 0.814453125 0.87109375 0.81640625 0.87109375 0.818359375 0.869140625 0.818359375 0.8671875 0.8203125 0.865234375 0.8203125 0.86328125 0.8203125 0.861328125 0.8203125 0.859375 0.8203125 0.857421875 0.818359375 0.85546875 0.818359375 0.853515625 0.81640625 0.8515625 0.814453125 0.8515625 0.8125 0.849609375 0.810546875 0.849609375 0.80859375 0.849609375
0 0.828125 0.8359375 0.84375 0.833984375 0.841796875 0.796875 0.826171875 0.796875
0 0.740234375 0.828125 0.748046875 0.828125 0.75 0.794921875 0.7421875 0.79296875
0 0.95703125 0.9609375 0.974609375 0.953125 0.966796875 0.935546875 0.94921875 0.943359375
0 0.740234375 0.775390625 0.75 0.775390625 0.75 0.7421875 0.7421875 0.7421875
0 0.75 0.728515625 0.751953125 0.6953125 0.74609375 0.693359375 0.744140625 0.7265625
0 0.802734375 0.765625 0.8125 0.759765625 0.806640625 0.75 0.796875 0.7578125
0 0.798828125 0.638671875 0.787109375 0.6640625 0.806640625 0.671875 0.818359375 0.6484375 0.80078125 0.640625
0 0.822265625 0.634765625 0.810546875 0.6640625 0.8203125 0.669921875 0.83203125 0.640625 0.828125 0.638671875
0 0.833984375 0.62890625 0.822265625 0.623046875 0.81640625 0.6328125 0.828125 0.638671875
0 0.806640625 0.62890625 0.80078125 0.640625 0.818359375 0.6484375 0.822265625 0.634765625 0.81640625 0.6328125
0 0.822265625 0.619140625 0.810546875 0.61328125 0.8046875 0.626953125 0.81640625 0.6328125 0.822265625 0.623046875
0 0.654296875 0.1953125 0.671875 0.19140625 0.662109375 0.154296875 0.64453125 0.158203125
0 0.1875 0.599609375 0.189453125 0.537109375 0.09765625 0.53515625 0.095703125 0.595703125 0.1875 0.599609375