0 0.767578125 1 0.984375 1 0.986328125 0.962890625 0.76953125 0.958984375
0 0.619140625 0.951171875 0.6171875 0.984375 0.6328125 0.984375 0.6328125 1 0.697265625 1 0.69921875 0.986328125 0.71484375 0.98828125 0.71484375 0.955078125
0 0.494140625 0.947265625 0.4921875 0.98046875 0.51171875 0.98046875 0.509765625 1 0.572265625 1 0.572265625 0.982421875 0.59375 0.982421875 0.595703125 0.951171875
0 0.49609375 0.78515625 0.49609375 0.818359375 0.513671875 0.818359375 0.513671875 0.83984375 0.57421875 0.841796875 0.576171875 0.822265625 0.59765625 0.822265625 0.59765625 0.7890625
0 0.623046875 0.791015625 0.62109375 0.822265625 0.63671875 0.82421875 0.634765625 0.845703125 0.701171875 0.84765625 0.701171875 0.826171875 0.716796875 0.826171875 0.71875 0.79296875
0 0.712890625 0.388671875 0.615234375 0.384765625 0.61328125 0.447265625 0.7109375 0.451171875 0.712890625 0.3984375
0 0.806640625 0.40625 0.802734375 0.470703125 0.8984375 0.474609375 0.900390625 0.41015625
0 0.806640625 0.40234375 0.712890625 0.3984375 0.708984375 0.458984375 0.802734375 0.462890625 0.806640625 0.40625
0 0.388671875 0.1875 0.52734375 0.193359375 0.529296875 0.130859375 0.390625 0.125
0 0.6015625 0.177734375 0.7421875 0.18359375 0.74609375 0.130859375 0.603515625 0.125
0 0.337890625 0.369140625 0.474609375 0.375 0.4765625 0.322265625 0.33984375 0.31640625
0 0.96484375 0.3515625 1 0.3515625 1 0.294921875 0.966796875 0.294921875
0 0.841796875 0.115234375 1 0.12109375 1 0.064453125 0.84375 0.05859375