0 0.26953125 0.2265625 0.130859375 0.263671875 0.16796875 0.400390625 0.306640625 0.361328125
0 0.072265625 0.203125 0.0234375 0.275390625 0 0.2578125 0 0.4375 0.1328125 0.24609375
0 0.244140625 0.09375 0.2109375 0.08984375 0.185546875 0.091796875 0.1640625 0.095703125 0.140625 0.1015625 0.125 0.111328125 0.103515625 0.125 0.06640625 0.166015625 0.091796875 0.185546875 0.103515625 0.173828125 0.115234375 0.1640625 0.130859375 0.154296875 0.146484375 0.146484375 0.1640625 0.138671875 0.181640625 0.1328125 0.19921875 0.130859375 0.21875 0.12890625 0.234375 0.12890625 0.25 0.130859375 0.255859375 0.095703125
0 0.25 0.50390625 0.3046875 0.53515625 0.384765625 0.396484375 0.330078125 0.365234375
0 0.333984375 0.1640625 0.3203125 0.154296875 0.306640625 0.1484375 0.2890625 0.140625 0.271484375 0.134765625 0.25390625 0.130859375 0.240234375 0.12890625 0.234375 0.12890625 0.21875 0.12890625 0.19921875 0.130859375 0.181640625 0.1328125 0.1640625 0.138671875 0.146484375 0.146484375 0.130859375 0.154296875 0.115234375 0.1640625 0.103515625 0.173828125 0.091796875 0.185546875 0.06640625 0.166015625 0.05078125 0.1875 0.1328125 0.24609375 0.142578125 0.232421875 0.154296875 0.21875 0.162109375 0.2109375 0.17578125 0.203125 0.19140625 0.1953125 0.20703125 0.19140625 0.22265625 0.1875 0.23828125 0.1875 0.255859375 0.189453125 0.271484375 0.1953125 0.287109375 0.201171875 0.302734375 0.2109375 0.314453125 0.22265625 0.326171875 0.234375 0.3359375 0.25 0.341796875 0.265625 0.34765625 0.283203125 0.34765625 0.30078125 0.34765625 0.31640625 0.34375 0.333984375 0.337890625 0.349609375 0.330078125 0.365234375 0.384765625 0.396484375 0.404296875 0.404296875 0.412109375 0.388671875 0.396484375 0.3828125 0.40234375 0.365234375 0.40625 0.345703125 0.408203125 0.326171875 0.41015625 0.306640625 0.408203125 0.2890625 0.404296875 0.26953125 0.3984375 0.25 0.390625 0.232421875 0.380859375 0.21484375 0.369140625 0.197265625 0.361328125 0.189453125 0.34765625 0.17578125
0 0.87109375 0.484375 0.908203125 0.41796875 0.60546875 0.248046875 0.568359375 0.314453125
0 0.37109375 0.60546875 0.4375 0.640625 0.501953125 0.51953125 0.43359375 0.484375
0 0.54296875 0.548828125 0.49609375 0.626953125 0.509765625 0.634765625 0.4921875 0.6640625 0.654296875 0.76171875 0.71875 0.65234375
0 0.712890625 0.826171875 0.8671875 0.916015625 0.90234375 0.857421875 0.74609375 0.767578125
0 1 0.9921875 1 0.904296875 0.90625 0.8515625 0.8671875 0.916015625
0 0.943359375 0.458984375 0.904296875 0.521484375 1 0.58203125 1 0.494140625
0 0.736328125 0.95703125 0.51953125 0.833984375 0.484375 0.896484375 0.66796875 1 0.712890625 1
0 0.74609375 0.048828125 0.76953125 0 0.654296875 0 0.65234375 0.00390625 0.666015625 0.009765625 0.720703125 0.03515625
0 1 0.09765625 1 0.021484375 0.96484375 0 0.845703125 0
0 0.75 0.12890625 0.9921875 0.26953125 1 0.255859375 1 0.203125 0.78125 0.076171875
0 0.666015625 0.009765625 0.650390625 0.044921875 0.703125 0.072265625 0.720703125 0.03515625
0 0.216796875 0.923828125 0.3515625 1 0.37109375 0.96484375 0.236328125 0.888671875
0 0.361328125 0.66796875 0.236328125 0.888671875 0.37109375 0.96484375 0.49609375 0.744140625
0 0.212890625 0.919921875 0.18359375 0.97265625 0.220703125 0.994140625 0.251953125 0.94140625 0.216796875 0.923828125
0 0.5625 1 0.5625 0.943359375 0.421875 0.9453125 0.421875 1 0.5625 1
0 0.140625 1 0.140625 0.958984375 0 0.955078125 0 0.998046875 0.140625 1