0 0.333984375 0.427734375 0.4296875 0.48046875 0.453125 0.439453125 0.357421875 0.384765625
0 0.986328125 0.630859375 0.92578125 0.59765625 0.810546875 0.80078125 0.8046875 0.810546875 0.865234375 0.845703125
0 0.802734375 0.814453125 0.767578125 0.794921875 0.72265625 0.875 0.828125 0.93359375 0.875 0.8515625 0.8046875 0.810546875
0 0.951171875 0.041015625 0.890625 0.146484375 1 0.208984375 1 0.068359375
0 0.2265625 0.802734375 0.11328125 1 0.212890625 1 0.30078125 0.845703125
0 0.068359375 0.662109375 0 0.78125 0 0.837890625 0.0703125 0.87890625 0.1640625 0.71484375
0 0 0.8359375 0 0.931640625 0.099609375 0.990234375 0.140625 0.91796875 0.0703125 0.87890625
0 0 0.978515625 0 1 0.03515625 1
0 0.140625 0.91796875 0.099609375 0.990234375 0.09375 0.986328125 0.0859375 1 0.11328125 1 0.15625 0.92578125
0 0.1796875 0 0.13671875 0 0.1171875 0.00390625 0.12890625 0.060546875 0.216796875 0.11328125 0.2578125 0.044921875
0 0.359375 0.30859375 0.609375 0.451171875 0.63671875 0.40234375 0.38671875 0.259765625
0 0.546875 0.556640625 0.57421875 0.5078125 0.453125 0.439453125 0.42578125 0.48828125
0 0.484375 0.560546875 0.4140625 0.685546875 0.46484375 0.71484375 0.5 0.650390625 0.513671875 0.658203125 0.546875 0.59765625
0 0.341796875 0.63671875 0.404296875 0.611328125 0.33984375 0.44921875 0.27734375 0.474609375
0 0.3046875 0.181640625 0.220703125 0.330078125 0.24609375 0.34375 0.220703125 0.353515625 0.25 0.42578125 0.30078125 0.40625 0.283203125 0.365234375 0.3671875 0.216796875
0 0.328125 0.134765625 0.408203125 0.1796875 0.509765625 0.001953125 0.505859375 0 0.404296875 0
0 0.47265625 0.212890625 0.537109375 0.25 0.6015625 0.13671875 0.55078125 0.107421875 0.537109375 0.12890625 0.51171875 0.115234375 0.47265625 0.185546875 0.484375 0.19140625 0.4765625 0.20703125
0 0.4921875 0.087890625 0.4375 0.185546875 0.4765625 0.20703125 0.484375 0.19140625 0.47265625 0.185546875 0.51171875 0.115234375 0.52734375 0.125 0.53515625 0.11328125
0 0.548828125 0.263671875 0.591796875 0.2890625 0.619140625 0.240234375 0.578125 0.21484375
0 0.677734375 0.33984375 0.70703125 0.2890625 0.619140625 0.240234375 0.591796875 0.2890625
0 0.6015625 0.173828125 0.732421875 0.248046875 0.76171875 0.197265625 0.630859375 0.123046875
0 0.794921875 0.146484375 0.828125 0.091796875 0.669921875 0 0.544921875 0
0 0.841796875 0.37109375 0.810546875 0.42578125 0.92578125 0.490234375 0.95703125 0.4375
0 0.744140625 0.5234375 0.873046875 0.59765625 0.890625 0.564453125 0.76171875 0.4921875
0 0.697265625 0.572265625 0.765625 0.451171875 0.724609375 0.427734375 0.625 0.6015625 0.80859375 0.70703125 0.83984375 0.65234375
0 0.556640625 0.720703125 0.53515625 0.7578125 0.71484375 0.861328125 0.74609375 0.8046875 0.63671875 0.740234375 0.625 0.759765625 0.609375 0.751953125
0 0.642578125 0.6953125 0.576171875 0.658203125 0.54296875 0.71484375 0.609375 0.751953125
0 0.01171875 0.318359375 0 0.337890625 0 0.423828125 0.037109375 0.4453125 0.083984375 0.359375
0 0.841796875 0.23046875 0.8125 0.21484375 0.728515625 0.359375 0.779296875 0.388671875 0.8515625 0.265625 0.96484375 0.330078125 0.994140625 0.279296875 0.859375 0.19921875
0 0.994140625 0.279296875 0.96484375 0.330078125 0.99609375 0.349609375 0.986328125 0.3671875 1 0.373046875 1 0.28125
0 0.900390625 0.048828125 0.900390625 0 0.767578125 0 0.767578125 0.048828125 0.900390625 0.048828125
0 0.927734375 0.388671875 0.953125 0.345703125 0.87109375 0.294921875 0.84375 0.33984375 0.927734375 0.388671875