0 0.470703125 0.69921875 0.427734375 0.6875 0.40234375 0.779296875 0.509765625 0.80859375 0.53515625 0.716796875 0.50390625 0.70703125 0.5 0.72265625 0.466796875 0.712890625
0 0.31640625 0.82421875 0.283203125 0.81640625 0.287109375 0.80078125 0.24609375 0.7890625 0.220703125 0.8828125 0.328125 0.912109375 0.353515625 0.818359375 0.3203125 0.810546875
0 0.099609375 0.373046875 0.064453125 0.36328125 0.041015625 0.453125 0.15234375 0.484375 0.17578125 0.392578125 0.138671875 0.3828125 0.1328125 0.3984375 0.095703125 0.388671875
0 0.39453125 0.474609375 0.3515625 0.462890625 0.326171875 0.5546875 0.43359375 0.583984375 0.458984375 0.4921875 0.427734375 0.482421875 0.423828125 0.498046875 0.390625 0.48828125
0 0.0546875 0.634765625 0.1015625 0.646484375 0.091796875 0.68359375 0.12109375 0.69140625 0.142578125 0.609375 0.06640625 0.58984375 0.05859375 0.62109375
0 0.0703125 0.576171875 0 0.556640625 0 0.60546875 0.05859375 0.62109375 0.06640625 0.58984375
0 0 0.798828125 0 0.869140625 0.025390625 0.87890625 0.048828125 0.81640625 0.025390625 0.80859375
0 0.0546875 0.73046875 0.025390625 0.80859375 0.048828125 0.81640625 0.025390625 0.87890625 0.037109375 0.884765625 0.087890625 0.7421875
0 0.220703125 0.8828125 0.189453125 1 0.26953125 1 0.294921875 0.90234375
0 0.357421875 0.62890625 0.29296875 0.609375 0.24609375 0.7890625 0.287109375 0.80078125 0.283203125 0.81640625 0.31640625 0.82421875 0.3203125 0.810546875
0 0.921875 0.599609375 0.943359375 0.537109375 0.876953125 0.513671875 0.85546875 0.57421875 0.921875 0.599609375
0 0.8125 0.20703125 0.82421875 0.169921875 0.787109375 0.158203125 0.775390625 0.1953125 0.8125 0.20703125