0 0.001953125 0.51953125 0 0.5234375 0 0.533203125 0.029296875 0.482421875 0 0.46484375 0 0.517578125
0 0 0.900390625 0 0.927734375 0.07421875 0.97265625 0.126953125 0.8828125 0.0390625 0.83203125
0 0 0.6796875 0 0.76953125 0.005859375 0.759765625 0.0859375 0.810546875 0.12109375 0.7578125
0 0.06640625 0.70703125 0.099609375 0.7265625 0.12890625 0.6796875 0.220703125 0.73828125 0.23828125 0.712890625 0.11328125 0.6328125
0 0.091796875 0.73828125 0.12109375 0.7578125 0.1328125 0.736328125 0.197265625 0.77734375 0.220703125 0.73828125 0.12890625 0.6796875
0 0.244140625 0.806640625 0.1328125 0.736328125 0.0859375 0.810546875 0.1953125 0.8828125 0.201171875 0.873046875
0 0.404296875 0.78125 0.4296875 0.796875 0.44140625 0.779296875 0.521484375 0.83203125 0.544921875 0.791015625 0.4375 0.724609375
0 0.37109375 0.888671875 0.244140625 0.806640625 0.201171875 0.873046875 0.27734375 0.919921875 0.255859375 0.953125 0.30859375 0.986328125 0.330078125 0.955078125
0 0.5234375 0.83203125 0.44140625 0.779296875 0.330078125 0.955078125 0.36328125 0.978515625 0.349609375 1 0.4140625 1 0.513671875 0.84765625
0 0.708984375 0.962890625 0.58203125 0.888671875 0.515625 1 0.685546875 1
0 0.513671875 0.84765625 0.4140625 1 0.515625 1 0.58203125 0.888671875
0 0.126953125 0.46484375 0.12109375 0.43359375 0.076171875 0.44140625 0.08203125 0.47265625 0.126953125 0.46484375
0 0.576171875 0.8671875 0.60546875 0.818359375 0.580078125 0.80078125 0.548828125 0.849609375 0.576171875 0.8671875