0 0.3515625 0.00390625 0.33984375 0 0.3203125 0 0.306640625 0.044921875 0.345703125 0.060546875 0.34765625 0.052734375 0.3671875 0.05859375 0.373046875 0.04296875 0.396484375 0.052734375 0.390625 0.068359375 0.40625 0.07421875 0.404296875 0.08203125 0.447265625 0.09765625 0.462890625 0.052734375 0.423828125 0.0390625 0.4375 0 0.3515625 0
0 0.0078125 0.080078125 0.05078125 0.119140625 0.025390625 0.146484375 0.060546875 0.177734375 0.083984375 0.15234375 0.078125 0.146484375 0.095703125 0.126953125 0.078125 0.111328125 0.09375 0.095703125 0.111328125 0.111328125 0.126953125 0.091796875 0.1328125 0.09765625 0.16015625 0.068359375 0.123046875 0.03515625 0.09765625 0.064453125 0.0546875 0.02734375
0 0.435546875 0.216796875 0.42578125 0.2421875 0.43359375 0.244140625 0.423828125 0.26953125 0.41796875 0.267578125 0.388671875 0.2578125 0.375 0.302734375 0.4140625 0.314453125 0.416015625 0.30859375 0.4375 0.314453125 0.443359375 0.298828125 0.462890625 0.306640625 0.458984375 0.322265625 0.478515625 0.328125 0.4765625 0.3359375 0.51171875 0.34765625 0.525390625 0.3046875 0.48046875 0.291015625 0.490234375 0.263671875 0.49609375 0.265625 0.505859375 0.23828125
0 0.072265625 0.333984375 0.119140625 0.375 0.091796875 0.404296875 0.12890625 0.4375 0.2265625 0.328125 0.189453125 0.294921875 0.166015625 0.322265625 0.1171875 0.28125
0 0.51171875 0.4765625 0.4921875 0.533203125 0.45703125 0.521484375 0.443359375 0.564453125 0.482421875 0.578125 0.486328125 0.5703125 0.505859375 0.576171875 0.509765625 0.5625 0.533203125 0.5703125 0.52734375 0.583984375 0.548828125 0.591796875 0.546875 0.599609375 0.580078125 0.611328125 0.59375 0.568359375 0.5546875 0.5546875 0.57421875 0.498046875
0 0.142578125 0.5859375 0.19140625 0.62890625 0.162109375 0.662109375 0.19921875 0.69140625 0.22265625 0.6640625 0.21484375 0.658203125 0.23046875 0.638671875 0.21484375 0.625 0.228515625 0.609375 0.244140625 0.623046875 0.263671875 0.6015625 0.271484375 0.607421875 0.29296875 0.583984375 0.2578125 0.552734375 0.232421875 0.58203125 0.18359375 0.5390625
0 0.353515625 0.97265625 0.234375 1 0.359375 1
0 0.609375 0.822265625 0.580078125 0.798828125 0.564453125 0.771484375 0.5234375 0.783203125 0.544921875 0.859375 0.548828125 0.8671875 0.650390625 0.83984375
0 0.669921875 0.90625 0.650390625 0.83984375 0.548828125 0.8671875 0.568359375 0.93359375
0 0.5625 0.916015625 0.52734375 0.92578125 0.53125 0.943359375 0.568359375 0.93359375
0 0.416015625 0.8359375 0.40625 0.802734375 0.306640625 0.83203125 0.31640625 0.8671875 0.330078125 0.86328125 0.34375 0.908203125 0.365234375 0.900390625 0.37109375 0.9140625 0.3984375 0.90625 0.39453125 0.892578125 0.41015625 0.88671875 0.396484375 0.841796875
0 0.064453125 1 0.064453125 0.93359375 0 0.935546875 0 1 0.064453125 1