0 0.82421875 0.2265625 0.822265625 0.18359375 0.67578125 0.189453125 0.677734375 0.234375 0.72265625 0.232421875 0.724609375 0.265625 0.798828125 0.263671875 0.798828125 0.240234375 0.81640625 0.240234375 0.81640625 0.228515625
0 0.974609375 0.314453125 0.974609375 0.32421875 0.9609375 0.32421875 0.9609375 0.3671875 1 0.3671875 1 0.314453125
0 0.517578125 0.173828125 0.537109375 0.134765625 0.501953125 0.1171875 0.501953125 0.125 0.43359375 0.12890625 0.43359375 0.091796875 0.3828125 0.09375 0.380859375 0.05859375 0.2578125 0 0.15625 0
0 0.501953125 0.1015625 0.529296875 0.1015625 0.52734375 0.0859375 0.53125 0.0859375 0.529296875 0.041015625 0.380859375 0.048828125 0.3828125 0.09375 0.43359375 0.091796875 0.43359375 0.12890625 0.501953125 0.125 0.501953125 0.1171875
0 0.505859375 0.859375 0.6328125 0.916015625 0.677734375 0.81640625 0.64453125 0.80078125 0.640625 0.80859375 0.548828125 0.767578125
0 0.900390625 0.95703125 0.8671875 0.939453125 0.86328125 0.947265625 0.845703125 0.9375 0.841796875 0.9453125 0.828125 0.9375 0.83203125 0.9296875 0.775390625 0.896484375 0.71484375 1 0.873046875 1
0 0.904296875 0.751953125 1 0.798828125 1 0.701171875 0.9453125 0.673828125
0 0.802734375 0.671875 0.837890625 0.59765625 0.71484375 0.5390625 0.6796875 0.61328125
0 0.439453125 0.419921875 0.404296875 0.49609375 0.5234375 0.55078125 0.55859375 0.474609375
0 0.7109375 0.544921875 0.71484375 0.5390625 0.55859375 0.474609375 0.5234375 0.55078125 0.6796875 0.61328125 0.712890625 0.544921875
0 0.158203125 0.369140625 0.283203125 0.423828125 0.314453125 0.3515625 0.189453125 0.296875
0 0.27734375 0.4375 0.369140625 0.4765625 0.40625 0.392578125 0.314453125 0.3515625 0.283203125 0.423828125
0 0 0.541015625 0 0.572265625 0.041015625 0.59375 0.05859375 0.55859375 0.005859375 0.53125
0 0.923828125 0.625 0.841796875 0.5859375 0.796875 0.68359375 0.876953125 0.72265625 0.91796875 0.63671875
0 0.994140625 0.5078125 1 0.42578125 0.951171875 0.4140625 0.93359375 0.49609375 0.994140625 0.5078125
0 0.91015625 0.412109375 0.9296875 0.3671875 0.775390625 0.3046875 0.755859375 0.34765625 0.91015625 0.412109375
0 0.439453125 0.25390625 0.45703125 0.212890625 0.30859375 0.15234375 0.291015625 0.193359375 0.439453125 0.25390625
0 0.7734375 0.380859375 0.78515625 0.34765625 0.6796875 0.306640625 0.666015625 0.341796875 0.7734375 0.380859375