0 0.2734375 0.943359375 0.283203125 0.912109375 0.06640625 0.83984375 0.056640625 0.873046875 0.244140625 0.93359375
0 0.056640625 0.873046875 0.046875 0.90234375 0.232421875 0.96484375 0.244140625 0.93359375
0 0.666015625 0.845703125 0.392578125 0.7578125 0.37109375 0.826171875 0.64453125 0.9140625
0 0.701171875 0.751953125 0.435546875 0.666015625 0.416015625 0.724609375 0.681640625 0.810546875
0 0.740234375 0.646484375 0.462890625 0.556640625 0.44140625 0.625 0.71875 0.71484375
0 0.419921875 0.53515625 0.173828125 0.45703125 0.150390625 0.52734375 0.396484375 0.607421875
0 0.125 0.388671875 0.056640625 0.3671875 0.017578125 0.48828125 0.0859375 0.509765625
0 0.052734375 0.33984375 0 0.322265625 0 0.373046875 0.005859375 0.376953125 0 0.39453125 0 0.501953125 0.037109375 0.38671875
0 0.6121911337209301 0 0.5340661337209301 0 0.417484253875969 0.3709272044573643 0.4856165213178295 0.3951520106589147
0 0.48328488372093015 0 0.39344113372093015 0 0.28349079457364346 0.33761809593023256 0.3599503391472868 0.3625999273255814
0 0.263671875 0.02734375 0.185546875 0.001953125 0.10546875 0.25390625 0.18359375 0.27734375
0 0.9609375 0.244140625 0.876953125 0.5078125 0.9375 0.52734375 1 0.330078125 1 0.255859375
0 0.9296875 0.068359375 0.716796875 0 0.64453125 0 0.62890625 0.048828125 0.908203125 0.138671875
0 0.955078125 0 0.80859375 0 0.94140625 0.04296875
0 0.857421875 0.294921875 0.900390625 0.162109375 0.61328125 0.0703125 0.572265625 0.201171875
0 0.798828125 0.48046875 0.822265625 0.41796875 0.541015625 0.318359375 0.51953125 0.380859375
0 0.140625 0.66796875 0.173828125 0.55859375 0.142578125 0.548828125 0.109375 0.66015625
0 0.318359375 0.837890625 0.3359375 0.798828125 0.26953125 0.76953125 0.251953125 0.80859375
0 0.9852531492248061 0.998046875 0.998046875 0.9576217296511628 0.998046875 0.7562530281007752 0.916015625 1
0 0.294921875 0.177734375 0.3046875 0.150390625 0.2734375 0.13671875 0.26171875 0.166015625
0 0.125 1 0.125 0.96484375 0.033203125 0.96484375 0.033203125 1
0 0.501953125 1 0.501953125 0.96484375 0.375 0.962890625 0.375 0.998046875
0 0.025390625 1 0.025390625 0.962890625 0 0.9609375 0 1