0 0.75 0.0859375 0.7734375 0.03515625 0.69921875 0 0.572265625 0
0 0.80859375 0.08203125 0.79296875 0.07421875 0.779296875 0.103515625 0.9765625 0.193359375 0.99609375 0.21484375 1 0.212890625 1 0.138671875 0.8203125 0.056640625
0 0.45703125 0.099609375 0.673828125 0.203125 0.69921875 0.15234375 0.48046875 0.048828125
0 0.388671875 0.24609375 0.607421875 0.3515625 0.6328125 0.298828125 0.412109375 0.1953125
0 0.3359375 0.35546875 0.32421875 0.349609375 0.310546875 0.376953125 0.544921875 0.484375 0.568359375 0.435546875 0.34765625 0.33203125
0 0.2890625 0.11328125 0.255859375 0.1875 0.3125 0.2109375 0.34375 0.138671875
0 0.119140625 0.197265625 0.279296875 0.26953125 0.306640625 0.208984375 0.255859375 0.1875 0.25390625 0.193359375 0.142578125 0.14453125
0 0.328125 0.029296875 0.2890625 0.11328125 0.3515625 0.140625 0.388671875 0.056640625 0.365234375 0.046875
0 0.3671875 0.01171875 0.37890625 0.015625 0.365234375 0.046875 0.400390625 0.0625 0.427734375 0 0.373046875 0
0 0.0390625 0.1875 0.08984375 0.2109375 0.123046875 0.138671875 0.072265625 0.115234375
0 0.97265625 0.263671875 0.99609375 0.3125 1 0.310546875 1 0.25
0 0.646484375 0.57421875 0.9609375 0.416015625 0.931640625 0.361328125 0.619140625 0.51953125
0 0.953125 0.52734375 0.779296875 0.607421875 0.806640625 0.666015625 0.98046875 0.5859375
0 0.9921875 0.521484375 1 0.517578125 1 0.478515625 0.994140625 0.466796875 0.939453125 0.4921875 0.966796875 0.548828125 0.998046875 0.533203125
0 0.6171875 0.76171875 0.779296875 0.68359375 0.75390625 0.62890625 0.591796875 0.708984375
0 0.3515625 0.58203125 0.498046875 0.65234375 0.611328125 0.587890625 0.58203125 0.533203125 0.48828125 0.583984375 0.375 0.53125 0.36328125 0.556640625
0 0.455078125 0.830078125 0.57421875 0.763671875 0.548828125 0.716796875 0.453125 0.76953125 0.43359375 0.818359375
0 0.259765625 0.6328125 0.236328125 0.681640625 0.251953125 0.689453125 0.248046875 0.697265625 0.267578125 0.705078125 0.26953125 0.69921875 0.302734375 0.71484375 0.298828125 0.72265625 0.314453125 0.73046875 0.318359375 0.72265625 0.333984375 0.73046875 0.359375 0.68359375
0 0.212890625 0.591796875 0.1875 0.640625 0.208984375 0.65234375 0.205078125 0.66015625 0.22265625 0.669921875 0.2265625 0.662109375 0.2421875 0.669921875 0.267578125 0.62109375
0 0.275390625 0.451171875 0.25 0.501953125 0.263671875 0.509765625 0.259765625 0.517578125 0.27734375 0.525390625 0.28125 0.517578125 0.32421875 0.537109375 0.3203125 0.544921875 0.341796875 0.556640625 0.345703125 0.548828125 0.36328125 0.556640625 0.388671875 0.505859375
0 0 0.2890625 0 0.32421875 0.23046875 0.470703125 0.263671875 0.419921875 0.017578125 0.263671875
0 0.1484375 0.619140625 0.1796875 0.5703125 0 0.455078125 0 0.5234375
0 0.34375 0.712890625 0.318359375 0.759765625 0.43359375 0.818359375 0.453125 0.76953125
0 1 0.0390625 1 0 0.904296875 0 0.904296875 0.0390625 1 0.0390625
0 0.326171875 0.34765625 0.361328125 0.298828125 0.318359375 0.267578125 0.283203125 0.31640625 0.326171875 0.34765625
0 0.046875 0.05859375 0.046875 0 0 0 0 0.05859375 0.046875 0.05859375