0 0.625 0.791015625 0.7265625 0.767578125 0.720703125 0.73828125 0.619140625 0.76171875
0 0.634765625 0.830078125 0.701171875 0.818359375 0.6953125 0.791015625 0.62890625 0.802734375
0 0.736328125 0.78125 0.708984375 0.78515625 0.720703125 0.841796875 0.74609375 0.8359375
0 0.720703125 0.841796875 0.71875 0.833984375 0.640625 0.849609375 0.646484375 0.8828125 0.751953125 0.861328125 0.74609375 0.8359375
0 0.84375 0.890625 0.876953125 0.8828125 0.87109375 0.8515625 0.8359375 0.857421875
0 0.693359375 0.92578125 0.84375 0.89453125 0.83203125 0.8359375 0.75 0.8515625 0.751953125 0.861328125 0.681640625 0.875
0 0.607421875 0.927734375 0.6328125 0.92578125 0.62890625 0.8984375 0.603515625 0.90234375
0 0.0390625 0.123046875 0.0390625 0.177734375 0 0.17578125 0 0.232421875 0.162109375 0.23828125 0.1640625 0.181640625 0.099609375 0.1796875 0.1015625 0.125
0 0.10546875 0.056640625 0.103515625 0.10546875 0.17578125 0.107421875 0.177734375 0.07421875
0 0.03125 0.033203125 0.029296875 0.083984375 0.10546875 0.0859375 0.10546875 0.056640625
0 0.193359375 0.083984375 0.177734375 0.08203125 0.17578125 0.146484375 0.1015625 0.14453125 0.099609375 0.1796875 0.1640625 0.181640625 0.162109375 0.228515625 0.216796875 0.228515625 0.216796875 0.216796875 0.34765625 0.220703125 0.349609375 0.12890625
0 0.3984375 0.171875 0.3984375 0.169921875 0.36328125 0.162109375 0.36328125 0.16015625 0.349609375 0.16015625 0.345703125 0.234375 0.466796875 0.23828125 0.46875 0.173828125
0 0.5546875 0.43359375 0.61328125 0.419921875 0.609375 0.3984375 0.55078125 0.412109375
0 0.5625 0.4765625 0.626953125 0.462890625 0.623046875 0.439453125 0.55859375 0.453125
0 0.568359375 0.51171875 0.63671875 0.5 0.630859375 0.47265625 0.5625 0.486328125
0 0.576171875 0.5546875 0.64453125 0.54296875 0.640625 0.515625 0.5703125 0.525390625
0 0.658203125 0.59765625 0.58984375 0.609375 0.595703125 0.638671875 0.6640625 0.625
0 0.59375 0.638671875 0.599609375 0.666015625 0.66796875 0.65234375 0.6640625 0.625 0.595703125 0.638671875
0 0 0.044921875 0 0.17578125 0.02734375 0.177734375 0.03125 0.046875
0 0.732421875 0.7265625 0.724609375 0.693359375 0.609375 0.71875 0.6171875 0.751953125 0.732421875 0.7265625
0 0.744140625 0.998046875 0.73828125 0.955078125 0.66015625 0.966796875 0.666015625 1 0.744140625 0.998046875
0 0.6171875 0.38671875 0.611328125 0.353515625 0.544921875 0.3671875 0.552734375 0.400390625 0.6171875 0.38671875
0 0.693359375 0.244140625 0.6953125 0.201171875 0.578125 0.197265625 0.576171875 0.2421875 0.693359375 0.244140625
0 0.634765625 0.892578125 0.630859375 0.859375 0.58984375 0.865234375 0.595703125 0.900390625 0.634765625 0.892578125
0 0.880859375 0.83203125 0.865234375 0.796875 0.828125 0.8125 0.84375 0.84765625 0.880859375 0.83203125
0 0.57421875 0.234375 0.57421875 0.197265625 0.48046875 0.197265625 0.48046875 0.234375 0.57421875 0.234375