0 0.10546875 0.3125 0.0625 0.314453125 0.0625 0.322265625 0.013671875 0.322265625 0.013671875 0.314453125 0 0.314453125 0 0.3671875 0.005859375 0.3671875 0.005859375 0.40234375 0.076171875 0.40234375 0.076171875 0.365234375 0.107421875 0.365234375 0.10546875 0.322265625
0 0.154296875 0.0390625 0.115234375 0.0390625 0.115234375 0.03125 0.072265625 0.03125 0.072265625 0.08984375 0.115234375 0.08984375 0.115234375 0.109375 0.19921875 0.107421875 0.197265625 0 0.154296875 0
0 0.375 0.19921875 0.310546875 0.185546875 0.2890625 0.283203125 0.4296875 0.31640625 0.45703125 0.197265625 0.408203125 0.185546875 0.400390625 0.216796875 0.373046875 0.208984375
0 0.181640625 0.546875 0.314453125 0.6015625 0.330078125 0.564453125 0.337890625 0.568359375 0.353515625 0.529296875 0.34375 0.525390625 0.34765625 0.517578125 0.322265625 0.5078125 0.318359375 0.515625 0.2734375 0.49609375 0.27734375 0.490234375 0.267578125 0.486328125 0.24609375 0.4765625 0.244140625 0.484375 0.212890625 0.470703125
0 0.904296875 0.912109375 0.931640625 0.85546875 0.705078125 0.751953125 0.6796875 0.80859375
0 0.337890625 0.591796875 0.31640625 0.642578125 0.40625 0.68359375 0.4296875 0.630859375
0 0.556640625 0.75390625 0.6796875 0.80859375 0.705078125 0.751953125 0.580078125 0.697265625 0.55859375 0.75
0 0.4296875 0.630859375 0.40625 0.68359375 0.55859375 0.75 0.580078125 0.697265625
0 0.54296875 0.392578125 0.544921875 0.44921875 0.529296875 0.451171875 0.513671875 0.416015625 0.501953125 0.3828125 0.4921875 0.34765625 0.486328125 0.322265625 0.484375 0.298828125 0.45703125 0.302734375 0.451171875 0.400390625 0.47265625 0.482421875 0.505859375 0.548828125 0.587890625 0.62109375 0.671875 0.658203125 0.6875 0.640625 0.669921875 0.626953125 0.662109375 0.62109375 0.6484375 0.599609375 0.640625 0.5859375 0.6328125 0.5625 0.626953125 0.54296875 0.623046875 0.521484375 0.62109375 0.5 0.62109375 0.48046875 0.625 0.455078125 0.62890625 0.439453125 0.62890625 0.43359375 0.623046875 0.392578125
0 0.474609375 0 0.392578125 0 0.392578125 0.087890625 0.474609375 0.0859375
0 0.50390625 0.9296875 0.47265625 1 0.6171875 1 0.625 0.982421875
0 0.2265625 0.791015625 0.19140625 0.87109375 0.322265625 0.92578125 0.35546875 0.84375
0 0.0234375 0.8125 0.064453125 0.734375 0 0.701171875 0 0.798828125
0 0.318359375 0.93359375 0.421875 0.9765625 0.458984375 0.88671875 0.35546875 0.84375 0.322265625 0.92578125