0 0.845703125 0.4765625 0.8515625 0.537109375 1 0.51953125 1 0.45703125
0 0.77734375 0.36328125 0.689453125 0.373046875 0.701171875 0.478515625 0.7890625 0.46875 0.779296875 0.375
0 0.75390625 0.47265625 0.7578125 0.501953125 0.826171875 0.494140625 0.82421875 0.478515625 0.791015625 0.482421875 0.7890625 0.46875
0 0.71484375 0.55859375 0.779296875 0.55078125 0.7734375 0.513671875 0.7109375 0.521484375
0 0.892578125 0.28515625 0.84375 0.291015625 0.849609375 0.33203125 0.8984375 0.326171875
0 0.970703125 0.353515625 0.966796875 0.322265625 0.927734375 0.326171875 0.931640625 0.357421875 0.919921875 0.359375 0.916015625 0.32421875 0.8984375 0.326171875 0.857421875 0.330078125 0.861328125 0.353515625 0.80859375 0.359375 0.810546875 0.37109375 0.779296875 0.375 0.791015625 0.482421875 1 0.45703125 1 0.34765625
0 0.29296875 0.865234375 0.49609375 0.833984375 0.48828125 0.79296875 0.287109375 0.82421875
0 0.458984375 0.85546875 0.462890625 0.875 0.345703125 0.89453125 0.341796875 0.875 0.294921875 0.880859375 0.3046875 0.947265625 0.529296875 0.912109375 0.51953125 0.84765625
0 0.0546875 0.9609375 0.259765625 0.9296875 0.251953125 0.876953125 0.046875 0.91015625
0 0.033203125 0.955078125 0.025390625 0.90234375 0 0.90625 0 0.958984375
0 0.177734375 0.6640625 0.3828125 0.626953125 0.373046875 0.5703125 0.16796875 0.607421875
0 0.169921875 0.5703125 0.23828125 0.556640625 0.208984375 0.390625 0.140625 0.40234375
0 0.28515625 0.552734375 0.255859375 0.388671875 0.216796875 0.39453125 0.248046875 0.55859375
0 0.294921875 0.533203125 0.328125 0.52734375 0.298828125 0.3671875 0.265625 0.373046875
0 0.111328125 0.3828125 0.287109375 0.349609375 0.28125 0.3125 0.103515625 0.34375
0 0.537109375 0.802734375 0.521484375 0.806640625 0.53515625 0.89453125 0.55078125 0.892578125 0.54296875 0.84375
0 0.572265625 0.783203125 0.53515625 0.7890625 0.54296875 0.84375 0.580078125 0.837890625
0 0.025390625 0.408203125 0.021484375 0.359375 0 0.361328125 0 0.41015625 0.025390625 0.408203125
0 0.814453125 0.80078125 0.810546875 0.748046875 0.765625 0.751953125 0.76953125 0.8046875 0.814453125 0.80078125
0 0.14453125 0.55859375 0.13671875 0.509765625 0.09765625 0.517578125 0.107421875 0.564453125 0.14453125 0.55859375
0 0.87890625 0.232421875 0.873046875 0.169921875 0.82421875 0.17578125 0.830078125 0.236328125 0.87890625 0.232421875