0 0.4608347039473685 0.9140625 0.4764597039473685 0.857421875 0.9256784539473685 0.94140625 0.9100534539473685 0.9960937499999999
0 0 0.08984375 0.013671875 0.0234375 0.236328125 0.083984375 0.220703125 0.1484375
0 0.001953125 0.189453125 0.01953125 0.138671875 0.22265625 0.19921875 0.203125 0.25
0 0.8057154605263157 0.14278371710526316 0.8369654605263157 0.09590871710526316 0.9561060855263157 0.15059621710526316 0.9268092105263157 0.19747121710526316
0 0.58984375 0.396484375 0.60546875 0.345703125 0.771484375 0.400390625 0.75390625 0.447265625
0 0.5703125 0.001953125 0.8203125 0.001953125 0.8203125 0.05859375 0.5703125 0.05859375
0 0.9140625 0.029296875 0.9375 0.005859375 0.998046875 0.068359375 0.974609375 0.08984375
0 0.408203125 0.021484375 0.421875 0 0.560546875 0.0234375 0.548828125 0.044921875
0 0.947265625 0.43359375 1 0.43359375 1 0.52734375 0.947265625 0.52734375
0 0.60546875 0.283203125 0.623046875 0.232421875 0.806640625 0.2890625 0.787109375 0.33984375
0 0.537109375 0.095703125 0.779296875 0.087890625 0.78125 0.16015625 0.5390625 0.169921875
0 0.365234375 0.099609375 0.380859375 0.052734375 0.533203125 0.103515625 0.515625 0.15234375
0 0.341796875 0.314453125 0.3671875 0.22265625 0.51953125 0.26953125 0.4921875 0.361328125
0 0.478515625 0.3671875 0.5 0.3046875 0.58984375 0.330078125 0.56640625 0.39453125
0 0.537109375 0.259765625 0.556640625 0.205078125 0.634765625 0.2265625 0.615234375 0.28125
0 0.802734375 0.359375 0.80859375 0.2890625 0.994140625 0.3046875 0.98828125 0.375
0 0.77734375 0.470703125 0.779296875 0.404296875 0.94921875 0.412109375 0.947265625 0.48046875
0 0.11328125 0.9453125 0.123046875 0.89453125 0.29296875 0.927734375 0.283203125 0.978515625
0 0.28824013157894735 0.9594983552631579 0.315686677631579 0.8900082236842105 0.4033717105263158 0.9101562499999999 0.377672697368421 0.978001644736842
0 0.18092105263157887 0.8657483552631579 0.20435855263157887 0.7934827302631579 0.42896792763157887 0.8286389802631579 0.40748355263157887 0.8989514802631579
0 0.2143297697368421 0.7600740131578948 0.2260485197368421 0.7053865131578948 0.2787828947368421 0.7171052631578948 0.2670641447368421 0.7698396381578948
0 0.998046875 0.998046875 0.998046875 0.955078125 0.94140625 0.955078125 0.94140625 0.998046875 0.998046875 0.998046875
0 0.587890625 1 0.587890625 0.974609375 0.396484375 0.974609375 0.39453125 0.998046875 0.587890625 1