0 0.462890625 0.298828125 0.484375 0.419921875 0.560546875 0.44140625 0.8984375 0.390625 0.890625 0.337890625 0.521484375 0.392578125 0.50390625 0.291015625
0 0.8125 0.060546875 0.587890625 0.103515625 0.59765625 0.15234375 0.822265625 0.111328125
0 0.455078125 0.1015625 0.546875 0.080078125 0.53515625 0.02734375 0.400390625 0.060546875 0.427734375 0.17578125 0.470703125 0.1640625
0 0.619140625 0.29296875 0.85546875 0.25 0.845703125 0.197265625 0.609375 0.240234375
0 1 0.375 1 0.32421875 0.935546875 0.328125 0.9375 0.37890625
0 0.89453125 0.248046875 1 0.2265625 1 0.171875 0.884765625 0.1953125
0 0.865234375 0.103515625 1 0.078125 1 0.029296875 0.857421875 0.056640625
0 0.4453125 0.26171875 0.57421875 0.23828125 0.564453125 0.1875 0.435546875 0.2109375
0 0.98046875 0.50390625 0.8359375 0.521484375 0.841796875 0.576171875 0.986328125 0.560546875
0 0.69140625 1 0.765625 1 1 0.89453125 1 0.833984375 0.68359375 0.978515625
0 0.6015625 0.591796875 0.658203125 0.57421875 0.640625 0.51171875 0.58203125 0.52734375 0.591796875 0.560546875 0.541015625 0.576171875 0.642578125 0.93359375 0.6953125 0.919921875
0 0.72265625 0.84375 1 0.71484375 1 0.69921875 0.98046875 0.658203125 0.697265625 0.7890625
0 0.837890625 0.537109375 0.689453125 0.5546875 0.6953125 0.609375 0.84375 0.59375 0.841796875 0.576171875
0 0.83203125 0.59375 0.66015625 0.61328125 0.666015625 0.65625 0.8359375 0.638671875
0 0.673828125 0.728515625 0.75390625 0.71875 0.75 0.685546875 0.669921875 0.693359375
0 0.84375 0.673828125 0.83984375 0.63671875 0.666015625 0.65625 0.669921875 0.693359375 0.75 0.685546875
0 0.169921875 0.34765625 0.169921875 0.373046875 0.142578125 0.375 0.142578125 0.34765625 0.1171875 0.349609375 0.1171875 0.365234375 0.091796875 0.3671875 0.09375 0.4140625 0.107421875 0.4140625 0.109375 0.419921875 0.205078125 0.416015625 0.205078125 0.41015625 0.212890625 0.41015625 0.212890625 0.392578125 0.22265625 0.392578125 0.220703125 0.37109375 0.212890625 0.373046875 0.212890625 0.36328125 0.1953125 0.36328125 0.193359375 0.345703125
0 0.150390625 0.1015625 0.158203125 0.125 0.1328125 0.134765625 0.125 0.111328125 0.095703125 0.12109375 0.1015625 0.13671875 0.076171875 0.14453125 0.091796875 0.193359375 0.107421875 0.1875 0.111328125 0.1953125 0.14453125 0.18359375 0.140625 0.17578125 0.17578125 0.1640625 0.177734375 0.171875 0.208984375 0.162109375 0.205078125 0.154296875 0.220703125 0.1484375 0.203125 0.099609375 0.1796875 0.109375 0.173828125 0.09375
0 0.365234375 0.560546875 0.412109375 0.544921875 0.365234375 0.416015625 0.318359375 0.43359375
0 0.322265625 0.65625 0.3203125 0.572265625 0 0.58203125 0 0.666015625
0 0.802734375 0.171875 0.796875 0.12890625 0.576171875 0.16015625 0.58203125 0.203125 0.802734375 0.171875
0 1 0.1328125 0.99609375 0.087890625 0.845703125 0.107421875 0.8515625 0.15234375 1 0.1328125
0 0.95703125 0.625 0.953125 0.5859375 0.845703125 0.599609375 0.8515625 0.63671875 0.95703125 0.625