0 0.990234375 0.8125 0.9921875 0.826171875 0.89453125 0.84375 0.888671875 0.818359375 0.798828125 0.833984375 0.8046875 0.861328125 0.685546875 0.884765625 0.68359375 0.869140625 0.646484375 0.876953125 0.658203125 0.939453125 1 0.875 1 0.80859375
0 0.62890625 0.951171875 0.61328125 0.869140625 0.40234375 0.908203125 0.375 0.943359375 0.384765625 0.998046875 0.50390625 0.974609375
0 0.384765625 1 0.5078125 1 0.50390625 0.974609375 0.384765625 0.998046875
0 0.498046875 0.115234375 0.72265625 0.072265625 0.712890625 0.021484375 0.48828125 0.064453125
0 0.267578125 0.07421875 0.275390625 0.109375 0.37109375 0.08984375 0.369140625 0.07421875 0.318359375 0.083984375 0.314453125 0.06640625
0 0.37109375 0.08984375 0.2734375 0.109375 0.28125 0.1484375 0.455078125 0.115234375 0.4453125 0.064453125 0.43359375 0.06640625 0.419921875 0 0.353515625 0
0 0.7734375 0.3828125 0.763671875 0.328125 0.55078125 0.369140625 0.560546875 0.421875
0 0.533203125 0.25390625 0.73046875 0.216796875 0.720703125 0.1640625 0.521484375 0.201171875
0 0.419921875 0.283203125 0.4375 0.37109375 0.46484375 0.3671875 0.447265625 0.27734375
0 0.505859375 0.19140625 0.43359375 0.205078125 0.478515625 0.4453125 0.55078125 0.431640625
0 0.28515625 0.57421875 0.296875 0.63671875 0.34375 0.62890625 0.33203125 0.564453125
0 0.98828125 0.423828125 0.994140625 0.4609375 0.423828125 0.568359375 0.41796875 0.53125 0.328125 0.548828125 0.376953125 0.802734375 1 0.68359375 1 0.419921875