0 0.7369449013157894 0.062088815789473714 0.8424136513157895 0.05211759868421052 0.8482730263157895 0.09313322368421052 0.7400287828947368 0.11040296052631582
0 0.65234375 0.25 0.822265625 0.22265625 0.830078125 0.271484375 0.66015625 0.298828125
0 0.88671875 0.150390625 0.990234375 0.1328125 0.994140625 0.162109375 0.892578125 0.181640625
0 0.673828125 0.392578125 0.837890625 0.365234375 0.845703125 0.40234375 0.6796875 0.431640625
0 0.693359375 0.533203125 0.9921875 0.482421875 0.998046875 0.53125 0.701171875 0.580078125
0 0.712890625 0.658203125 0.892578125 0.62890625 0.8984375 0.66796875 0.720703125 0.697265625
0 0.740234375 0.76953125 0.900390625 0.740234375 0.908203125 0.787109375 0.74609375 0.81640625
0 0.751953125 0.865234375 0.96484375 0.828125 0.96875 0.8671875 0.7578125 0.90234375
0 0.9702919407894737 0.606907894736842 0.9744037828947367 0.6418585526315789 0.998046875 0.6390213815789473 0.998046875 0.5935444078947368
0 0.9959909539473684 0.8310032894736842 0.964124177631579 0.841282894736842 0.9692639802631577 0.885485197368421 0.998046875 0.8803594763878875
0 0.9857113486842104 0.933799342105263 0.998046875 0.9321172248803826 0.998046875 0.9646381578947367 0.9857113486842104 0.9656661184210525
0 1 0.3828125 1 0.33984375 0.87890625 0.35546875 0.8828125 0.3984375 1 0.3828125
0 1 0.29296875 0.998046875 0.2265625 0.91015625 0.23046875 0.912109375 0.296875 1 0.29296875