0 0.501953125 0.986328125 0.53125 1 0.591796875 1 0.599609375 0.984375 0.517578125 0.94921875
0 0.21875 0.8515625 0.34765625 0.90625 0.357421875 0.87890625 0.228515625 0.826171875
0 0.396484375 0.759765625 0.466796875 0.78515625 0.478515625 0.75390625 0.408203125 0.7265625
0 0.802734375 0.869140625 0.740234375 1 0.7734375 1 0.81640625 0.912109375 0.859375 0.931640625 0.873046875 0.90234375
0 0.169921875 0.00390625 0 0.376953125 0 0.533203125 0.056640625 0.560546875 0.078125 0.509765625 0.0390625 0.4921875 0.05078125 0.46484375 0.0703125 0.474609375 0.109375 0.388671875 0.08984375 0.380859375 0.173828125 0.1953125 0.193359375 0.205078125 0.228515625 0.12890625 0.208984375 0.119140625 0.220703125 0.09375 0.255859375 0.109375 0.28125 0.0546875 0.232421875 0.03125
0 0.232421875 0.03125 0.2734375 0.05078125 0.294921875 0 0.24609375 0
0 0.693359375 0.130859375 0.708984375 0.083984375 0.572265625 0.03515625 0.5546875 0.083984375 0.693359375 0.130859375
0 0.306640625 0.974609375 0.330078125 0.919921875 0.1875 0.86328125 0.1640625 0.919921875 0.306640625 0.974609375
0 0.599609375 0.046875 0.611328125 0.001953125 0.576171875 0 0.564453125 0.037109375 0.599609375 0.046875
0 0.390625 0.86328125 0.404296875 0.806640625 0.373046875 0.798828125 0.357421875 0.85546875 0.390625 0.86328125
0 0.115234375 0.58984375 0.130859375 0.537109375 0.07421875 0.521484375 0.05859375 0.57421875 0.115234375 0.58984375