0 0.7421875 0.658203125 0.671875 0.740234375 0.79296875 0.845703125 0.86328125 0.763671875
0 0.896484375 0.662109375 0.83203125 0.736328125 0.86328125 0.763671875 0.9296875 0.6953125
0 0.783203125 0.611328125 0.767578125 0.595703125 0.71484375 0.646484375 0.734375 0.66796875 0.7421875 0.658203125
0 0.71484375 0.646484375 0.6484375 0.716796875 0.671875 0.740234375 0.734375 0.66796875
0 0.2734375 0.873046875 0.291015625 0.849609375 0.275390625 0.837890625 0.13671875 0.984375 0.15625 1 0.25390625 1 0.251953125 0.998046875 0.291015625 0.947265625 0.302734375 0.95703125 0.33203125 0.91796875
0 0.4609375 0.69921875 0.47265625 0.6875 0.439453125 0.658203125 0.302734375 0.806640625 0.375 0.87109375 0.431640625 0.810546875 0.39453125 0.775390625 0.412109375 0.7578125 0.44921875 0.791015625 0.501953125 0.732421875
0 0.66796875 0.5390625 0.630859375 0.5078125 0.642578125 0.494140625 0.60546875 0.462890625 0.5546875 0.521484375 0.5625 0.52734375 0.533203125 0.5625 0.525390625 0.556640625 0.466796875 0.62890625 0.49609375 0.654296875 0.5078125 0.640625 0.552734375 0.677734375 0.603515625 0.6171875 0.564453125 0.583984375 0.580078125 0.56640625 0.6171875 0.599609375
0 0.810546875 0.333984375 0.81640625 0.328125 0.771484375 0.287109375 0.626953125 0.443359375 0.66015625 0.474609375 0.677734375 0.455078125 0.712890625 0.48828125 0.765625 0.431640625 0.732421875 0.3984375 0.744140625 0.384765625 0.779296875 0.41796875 0.833984375 0.357421875
0 0.91796875 0.462890625 0.865234375 0.533203125 0.953125 0.599609375 1 0.537109375 1 0.5234375
0 0.935546875 0.45703125 0.927734375 0.46875 1 0.5234375 1 0.50390625
0 0.658203125 0.7734375 0.63671875 0.75 0.564453125 0.822265625 0.5859375 0.845703125 0.6171875 0.814453125
0 0.673828125 0.814453125 0.564453125 0.9375 0.623046875 0.990234375 0.732421875 0.8671875
0 0.55859375 0.931640625 0.49609375 1 0.61328125 1 0.623046875 0.990234375 0.564453125 0.9375
0 0 0.88671875 0 0.94921875 0.009765625 0.95703125 0.0390625 0.921875
0 0.001953125 0.498046875 0 0.498046875 0 0.568359375 0.02734375 0.625 0.056640625 0.609375
0 0.1640625 0.060546875 0.2890625 0.03125 0.28125 0 0.158203125 0.029296875
0 0.072265625 0.658203125 0.0546875 0.623046875 0 0.65625 0.005859375 0.69140625 0.072265625 0.658203125
0 0.2734375 0.115234375 0.263671875 0.08203125 0.185546875 0.1015625 0.1953125 0.134765625 0.2734375 0.115234375
0 0.337890625 0.1015625 0.3515625 0 0.30859375 0 0.294921875 0.09765625 0.337890625 0.1015625