0 0.3515625 0.716796875 0.1796875 0.66015625 0.10546875 0.880859375 0.27734375 0.9375 0.294921875 0.88671875
0 0.560546875 0.9765625 0.568359375 0.953125 0.603515625 0.96484375 0.626953125 0.892578125 0.326171875 0.791015625 0.294921875 0.88671875
0 0.072265625 0.029296875 0.04296875 0.1015625 0.1640625 0.1484375 0.19140625 0.076171875
0 0 0.44140625 0 0.5234375 0.03125 0.537109375 0.05859375 0.46484375
0 0.20703125 0.400390625 0.1796875 0.47265625 0.298828125 0.51953125 0.326171875 0.447265625
0 0.626953125 0.55859375 0.42578125 0.484375 0.39453125 0.572265625 0.4296875 0.5859375 0.42578125 0.599609375 0.63671875 0.677734375 0.65625 0.625
0 0.294921875 0.181640625 0.328125 0.1953125 0.322265625 0.2109375 0.3671875 0.228515625 0.373046875 0.212890625 0.419921875 0.23046875 0.416015625 0.244140625 0.455078125 0.259765625 0.458984375 0.24609375 0.482421875 0.25390625 0.498046875 0.216796875 0.310546875 0.142578125
0 0.447265625 0.412109375 0.556640625 0.390625 0.548828125 0.349609375 0.439453125 0.369140625
0 0.833984375 0.607421875 0.84765625 0.673828125 1 0.640625 1 0.572265625
0 0.98046875 0.474609375 0.966796875 0.4140625 0.80078125 0.44921875 0.8125 0.509765625
0 0.783203125 0.353515625 0.943359375 0.32421875 0.931640625 0.25390625 0.76953125 0.283203125
0 0.919921875 0.154296875 0.91015625 0.1015625 0.740234375 0.1328125 0.751953125 0.185546875
0 0.7421875 0.138671875 0.6875 0.150390625 0.736328125 0.412109375 0.791015625 0.40234375 0.751953125 0.185546875
0 0.84765625 0.673828125 0.80078125 0.44921875 0.751953125 0.458984375 0.798828125 0.68359375 0.84375 0.673828125
0 1 0.791015625 1 0.732421875 0.86328125 0.76171875 0.875 0.818359375
0 0.84375 0.673828125 0.798828125 0.68359375 0.84375 0.89453125 0.888671875 0.884765625 0.86328125 0.76171875
0 1 0.908203125 0.98828125 0.876953125 0.884765625 0.951171875 0.908203125 0.982421875 1 0.908203125
0 0.771484375 0.998046875 0.771484375 0.970703125 0.6796875 0.97265625 0.6796875 1 0.771484375 0.998046875