0 0.646484375 0.07421875 0.720703125 0.107421875 0.72265625 0.1015625 0.740234375 0.109375 0.73828125 0.115234375 0.779296875 0.134765625 0.783203125 0.125 0.806640625 0.134765625 0.822265625 0.1015625 0.798828125 0.08984375 0.802734375 0.083984375 0.6953125 0.03515625 0.689453125 0.046875 0.6640625 0.033203125
0 0.4609375 0.07421875 0.44140625 0.125 0.56640625 0.171875 0.5703125 0.162109375 0.587890625 0.169921875 0.60546875 0.12890625
0 0.865234375 0.109375 0.833984375 0.18359375 1 0.251953125 1 0.158203125 0.998046875 0.1640625 0.939453125 0.140625
0 0.779296875 0.265625 0.798828125 0.2734375 0.78125 0.31640625 0.828125 0.333984375 0.83984375 0.302734375 0.859375 0.310546875 0.845703125 0.341796875 0.890625 0.359375 0.904296875 0.330078125 0.92578125 0.337890625 0.9140625 0.369140625 0.966796875 0.390625 0.98828125 0.3359375 1 0.341796875 1 0.302734375 0.796875 0.220703125
0 0.33984375 0.28515625 0.23046875 0.287109375 0.23046875 0.373046875 0.341796875 0.37109375
0 0.763671875 0.197265625 0.765625 0.189453125 0.625 0.13671875 0.609375 0.177734375 0.65234375 0.193359375 0.646484375 0.20703125 0.650390625 0.208984375 0.673828125 0.208984375 0.67578125 0.205078125 0.705078125 0.216796875 0.703125 0.220703125 0.759765625 0.2421875 0.775390625 0.201171875
0 0.71875 0.28125 0.4609375 0.28515625 0.4609375 0.369140625 0.71875 0.3671875
0 0.4609375 0.369140625 0.4609375 0.28515625 0.33984375 0.28515625 0.341796875 0.37109375 0.4296875 0.369140625
0 0.7109375 0.421875 0.505859375 0.423828125 0.5078125 0.53125 0.7109375 0.52734375
0 0.7109375 0.52734375 0.5078125 0.53125 0.509765625 0.619140625 0.712890625 0.6171875
0 0.728515625 0.6171875 0.509765625 0.619140625 0.509765625 0.693359375 0.513671875 0.732421875 0.728515625 0.73046875
0 0.728515625 0.73046875 0.513671875 0.732421875 0.51953125 0.818359375 0.73046875 0.814453125
0 0.73046875 0.814453125 0.51953125 0.818359375 0.525390625 0.89453125 0.73046875 0.892578125
0 0.73046875 0.892578125 0.525390625 0.89453125 0.52734375 0.912109375 0.51171875 0.9140625 0.513671875 1 0.732421875 0.998046875
0 0.4765625 0.916015625 0.4765625 0.91015625 0.166015625 0.9140625 0.166015625 1 0.51171875 1 0.51171875 0.9140625
0 0.720703125 0.421875 0.71875 0.3671875 0.4296875 0.369140625 0.4296875 0.41015625 0.490234375 0.412109375 0.490234375 0.423828125 0.505859375 0.423828125
0 0.490234375 0.412109375 0.208984375 0.404296875 0.20703125 0.5 0.48828125 0.5078125 0.490234375 0.423828125
0 0.20703125 0.5 0.205078125 0.583984375 0.47265625 0.58984375 0.4765625 0.5078125
0 0.205078125 0.583984375 0.201171875 0.671875 0.486328125 0.6796875 0.490234375 0.591796875
0 0.47265625 0.861328125 0.419921875 0.865234375 0.423828125 0.91015625 0.4765625 0.90625
0 0.201171875 0.671875 0.19921875 0.7578125 0.466796875 0.78125 0.46875 0.6796875
0 0.509765625 0.693359375 0.46875 0.6953125 0.466796875 0.78125 0.478515625 0.78125 0.47265625 0.861328125 0.4765625 0.916015625 0.52734375 0.912109375 0.513671875 0.732421875
0 0.203125 0.884765625 0.31640625 0.89453125 0.3203125 0.849609375 0.20703125 0.83984375
0 0.19921875 0.7578125 0.193359375 0.837890625 0.47265625 0.861328125 0.478515625 0.78125 0.466796875 0.78125
0 0.05078125 0.591796875 0.048828125 0.552734375 0 0.552734375 0 0.654296875 0.03515625 0.654296875 0.03125 0.59375
0 0.763671875 0.375 0.771484375 0.45703125 0.8359375 0.451171875 0.83984375 0.48828125 0.89453125 0.484375 0.888671875 0.408203125 0.830078125 0.4140625 0.826171875 0.369140625
0 0.8984375 0.5234375 0.962890625 0.517578125 0.95703125 0.4375 0.890625 0.443359375 0.89453125 0.484375
0 0.89453125 0.673828125 0.953125 0.669921875 0.947265625 0.576171875 0.888671875 0.580078125 0.892578125 0.630859375
0 0.759765625 0.525390625 0.76171875 0.560546875 0.783203125 0.55859375 0.783203125 0.568359375 0.771484375 0.568359375 0.7734375 0.60546875 0.833984375 0.6015625 0.8359375 0.634765625 0.892578125 0.630859375 0.88671875 0.556640625 0.8359375 0.560546875 0.83203125 0.521484375
0 0.806640625 0.642578125 0.74609375 0.646484375 0.751953125 0.734375 0.8125 0.73046875
0 0.8671875 0.677734375 0.80859375 0.681640625 0.814453125 0.767578125 0.873046875 0.763671875 0.87109375 0.71875
0 0.875 0.796875 0.935546875 0.79296875 0.9296875 0.71484375 0.87109375 0.71875 0.873046875 0.763671875
0 0.970703125 0.64453125 0.9765625 0.720703125 1 0.71875 1 0.642578125
0 0.763671875 0.962890625 0.830078125 0.95703125 0.8125 0.79296875 0.748046875 0.80078125
0 0.853515625 0.947265625 1 0.931640625 1 0.859375 0.845703125 0.876953125
0 0.4296875 0.244140625 0.43359375 0.166015625 0.357421875 0.16015625 0.3515625 0.23828125 0.4296875 0.244140625
0 0.025390625 0.890625 0.025390625 0.763671875 0 0.763671875 0 0.890625 0.025390625 0.890625