0 0.185546875 0.03515625 0.0859375 0.03125 0.080078125 0.15234375 0.193359375 0.158203125 0.19921875 0.037109375
0 0.171875 0 0.076171875 0 0.076171875 0.03125 0.171875 0.03515625 0.171875 0.021484375
0 0.248046875 0.16015625 0.28125 0.16015625 0.283203125 0.0625 0.251953125 0.0625
0 0.048828125 0.41796875 0.046875 0.453125 0.05078125 0.46875 0.29296875 0.4765625 0.294921875 0.42578125
0 0.484375 0.3984375 0.326171875 0.396484375 0.32421875 0.443359375 0.484375 0.4453125 0.484375 0.43359375
0 0.578125 0.43359375 0.578125 0.390625 0.484375 0.388671875 0.484375 0.43359375
0 0.09375 0.470703125 0.05078125 0.46875 0.048828125 0.45703125 0.046875 0.45703125 0.044921875 0.494140625 0.06640625 0.533203125 0.099609375 0.498046875
0 0.71484375 0.650390625 0.802734375 0.646484375 0.80078125 0.611328125 0.712890625 0.61328125
0 0.615234375 0.34375 0.615234375 0.40234375 0.76953125 0.40234375 0.76953125 0.34375
0 0.962890625 0.28125 0.93359375 0.26171875 0.888671875 0.330078125 0.900390625 0.337890625 0.92578125 0.3359375
0 0.98046875 0.158203125 0.9765625 0.158203125 0.96484375 0.158203125 0.955078125 0.17578125 0.9375 0.208984375 0.9375 0.22265625 0.962890625 0.216796875 0.974609375 0.197265625 0.990234375 0.171875 0.990234375 0.1640625 0.986328125 0.162109375
0 0.908203125 0.037109375 0.908203125 0.05078125 0.892578125 0.05078125 0.892578125 0.044921875 0.86328125 0.044921875 0.86328125 0.04296875 0.734375 0.04296875 0.734375 0.1015625 0.74609375 0.1015625 0.74609375 0.09765625 0.763671875 0.09765625 0.763671875 0.1015625 0.78515625 0.1015625 0.78515625 0.09765625 0.80859375 0.09765625 0.80859375 0.1015625 0.810546875 0.1015625 0.810546875 0.09765625 0.82421875 0.09765625 0.82421875 0.1015625 0.84765625 0.1015625 0.84765625 0.09375 0.87890625 0.09375 0.876953125 0.1015625 0.9140625 0.1015625 0.9140625 0.095703125 0.921875 0.095703125 0.921875 0.037109375
0 0.572265625 0.123046875 0.529296875 0.123046875 0.529296875 0.1640625 0.57421875 0.162109375 0.623046875 0.162109375 0.625 0.123046875
0 0.0625 0.23828125 0.2890625 0.2421875 0.291015625 0.205078125 0.0625 0.201171875
0 0.333984375 0.30078125 0.48828125 0.298828125 0.48828125 0.2578125 0.333984375 0.259765625
0 0.494140625 0.291015625 0.57421875 0.291015625 0.57421875 0.24609375 0.494140625 0.24609375
0 0.603515625 0.251953125 0.7890625 0.251953125 0.7890625 0.197265625 0.60546875 0.1953125
0 0.8203125 0.595703125 0.85546875 0.595703125 0.85546875 0.556640625 0.8203125 0.556640625
0 0.833984375 0.634765625 0.974609375 0.634765625 0.974609375 0.6015625 0.833984375 0.6015625
0 0.794921875 0.43359375 0.740234375 0.546875 0.740234375 0.55078125 0.759765625 0.55859375 0.814453125 0.44140625
0 0.765625 0.546875 0.759765625 0.55859375 0.740234375 0.55078125 0.7421875 0.591796875 0.7265625 0.59375 0.7265625 0.61328125 0.775390625 0.611328125 0.7734375 0.546875
0 0.16015625 0.560546875 0.166015625 0.560546875 0.099609375 0.498046875 0.06640625 0.533203125 0.142578125 0.60546875 0.16015625 0.5859375
0 0.16015625 0.611328125 0.32421875 0.611328125 0.322265625 0.560546875 0.16015625 0.560546875 0.16015625 0.5859375
0 0.3515625 0.6171875 0.509765625 0.615234375 0.509765625 0.56640625 0.3515625 0.568359375
0 0.896484375 0.85546875 1 0.85546875 1 0.802734375 0.8984375 0.802734375
0 0.8984375 0.9453125 1 0.9453125 1 0.892578125 0.8984375 0.892578125
0 0.892578125 1 1 1 1 0.98828125 0.892578125 0.986328125
0 0.673828125 0.9296875 0.671875 1 0.81640625 1 0.818359375 0.931640625 0.68359375 0.9296875
0 0.68359375 0.90625 0.66796875 0.90625 0.66796875 0.9296875 0.68359375 0.9296875
0 0.576171875 1 0.603515625 1 0.603515625 0.935546875 0.576171875 0.935546875
0 0.681640625 0.615234375 0.681640625 0.58984375 0.69140625 0.58984375 0.69140625 0.572265625 0.568359375 0.57421875 0.568359375 0.58984375 0.564453125 0.58984375 0.564453125 0.6171875 0.619140625 0.6171875
0 0.69140625 0.572265625 0.69140625 0.5234375 0.568359375 0.5234375 0.568359375 0.57421875 0.619140625 0.572265625
0 0.818359375 0.92578125 0.818359375 0.943359375 0.830078125 0.943359375 0.830078125 0.92578125
0 0.6953125 0.896484375 0.8203125 0.8984375 0.822265625 0.806640625 0.697265625 0.802734375
0 0.2578125 0.8359375 0.318359375 0.8359375 0.318359375 0.779296875 0.2578125 0.779296875
0 0.177734375 0.818359375 0.212890625 0.818359375 0.2109375 0.783203125 0.17578125 0.78515625
0 0.25390625 0.783203125 0.212890625 0.783203125 0.212890625 0.833984375 0.25390625 0.833984375
0 0.212890625 0.783203125 0.2109375 0.759765625 0.16015625 0.76171875 0.162109375 0.78515625 0.17578125 0.78515625
0 0.2265625 0.923828125 0.28125 0.92578125 0.28125 0.884765625 0.2265625 0.8828125
0 0.279296875 0.9609375 0.3125 0.9609375 0.314453125 0.92578125 0.28125 0.92578125
0 0.34765625 1 0.376953125 1 0.376953125 0.9375 0.34765625 0.9375
0 0.03125 0.873046875 0.0546875 0.880859375 0.072265625 0.82421875 0.048828125 0.818359375
0 0.009765625 0.896484375 0.029296875 0.896484375 0.029296875 0.83984375 0.009765625 0.83984375
0 0.16015625 0.8984375 0.16796875 0.83984375 0.0859375 0.828125 0.078125 0.888671875 0.16015625 0.8984375
0 0.521484375 0.181640625 0.51953125 0.126953125 0.435546875 0.1328125 0.4375 0.1875 0.521484375 0.181640625