0 0.08984375 0.900390625 0.087890625 0.94140625 0.15234375 0.943359375 0.150390625 1 0.1796875 1 0.185546875 0.904296875
0 0.279296875 0.51171875 0.224609375 0.509765625 0.22265625 0.58984375 0.259765625 0.58984375 0.2578125 0.62109375 0.625 0.6328125 0.625 0.603515625 0.677734375 0.603515625 0.681640625 0.5234375 0.623046875 0.521484375 0.62109375 0.5703125 0.27734375 0.55859375
0 0.232421875 0.380859375 0.23046875 0.439453125 0.68359375 0.4609375 0.6875 0.40234375
0 0.279296875 0.185546875 0.279296875 0.208984375 0.2421875 0.20703125 0.23828125 0.296875 0.291015625 0.298828125 0.29296875 0.24609375 0.634765625 0.2578125 0.6328125 0.310546875 0.693359375 0.314453125 0.697265625 0.224609375 0.66015625 0.22265625 0.662109375 0.19921875
0 0.2578125 0.720703125 0.255859375 0.744140625 0.21875 0.7421875 0.216796875 0.83203125 0.267578125 0.833984375 0.26953125 0.78125 0.611328125 0.794921875 0.609375 0.84765625 0.669921875 0.849609375 0.673828125 0.759765625 0.638671875 0.7578125 0.638671875 0.734375
0 0.658203125 0.9375 0.2109375 0.91796875 0.208984375 0.986328125 0.51953125 1 0.654296875 1 0.65625 0.951171875
0 0.3046875 0 0.248046875 0 0.248046875 0.056640625 0.29296875 0.05859375 0.291015625 0.083984375 0.66015625 0.1015625 0.662109375 0.076171875 0.693359375 0.078125 0.697265625 0.00390625 0.646484375 0.001953125 0.64453125 0.046875 0.3046875 0.029296875
0 0.767578125 0.0546875 1 0.060546875 1 0 0.98828125 0 0.767578125 0
0 0.982421875 0.5078125 0.935546875 0.51953125 0.94921875 0.572265625 0.99609375 0.560546875 0.984375 0.515625
0 0.98828125 0.31640625 0.830078125 0.37109375 0.849609375 0.42578125 1 0.373046875 1 0.34765625
0 0.98828125 0.158203125 0.830078125 0.212890625 0.849609375 0.267578125 1 0.21484375 1 0.189453125
0 0.93359375 0.505859375 0.82421875 0.533203125 0.8359375 0.58203125 0.9453125 0.5546875
0 0.748046875 0.5390625 0.7890625 0.529296875 0.79296875 0.4140625 0.771484375 0.421875 0.755859375 0.376953125 0.79296875 0.36328125 0.796875 0.255859375 0.771484375 0.263671875 0.755859375 0.21875
0 0.8203125 0.521484375 0.748046875 0.5390625 0.759765625 0.58984375 0.833984375 0.572265625 0.82421875 0.533203125
0 0.83984375 0.3984375 0.82421875 0.353515625 0.755859375 0.376953125 0.771484375 0.421875 0.79296875 0.4140625
0 0.83984375 0.240234375 0.82421875 0.1953125 0.755859375 0.21875 0.771484375 0.263671875 0.796875 0.255859375
0 0.732421875 0.759765625 1 0.767578125 1 0.712890625 0.734375 0.705078125
0 0.732421875 0.91796875 1 0.92578125 1 0.869140625 0.734375 0.861328125
0 0.505859375 0.6875 0.505859375 0.650390625 0.30859375 0.646484375 0.30859375 0.685546875 0.505859375 0.6875
0 0.99609375 0.4375 0.984375 0.40234375 0.828125 0.451171875 0.83984375 0.486328125 0.99609375 0.4375