0 0.384765625 0.02734375 0.384765625 0 0.626953125 0 0.626953125 0.02734375
0 0.74609375 0.2109375 0.75390625 0.158203125 0.95703125 0.1875 0.951171875 0.240234375
0 0.46875 0.123046875 0.64453125 0.123046875 0.64453125 0.1875 0.46875 0.1875
0 0.689453125 0.595703125 0.833984375 0.4375 0.876953125 0.474609375 0.732421875 0.630859375
0 0.59375 0.513671875 0.740234375 0.353515625 0.783203125 0.390625 0.63671875 0.55078125
0 0.623046875 0.853515625 0.76171875 0.689453125 0.802734375 0.72265625 0.662109375 0.888671875
0 0.529296875 0.779296875 0.673828125 0.6171875 0.71484375 0.65234375 0.5703125 0.814453125
0 0.2734375 0.880859375 0.419921875 0.71875 0.46484375 0.75390625 0.318359375 0.91796875
0 0.8984375 0.802734375 0.97265625 0.654296875 1 0.693359375 0.92578125 0.841796875
0 0.462890625 0.962890625 0.583984375 0.875 0.6484375 0.912109375 0.52734375 1
0 0.369140625 0.94921875 0.517578125 0.794921875 0.556640625 0.83203125 0.41015625 0.986328125
0 0.73828125 0.9609375 0.892578125 0.80859375 0.92578125 0.83984375 0.771484375 0.9921875
0 0.84765625 0.96484375 0.94921875 0.88671875 0.994140625 0.921875 0.892578125 1
0 0.4296875 0.697265625 0.576171875 0.53515625 0.62109375 0.568359375 0.47265625 0.73046875
0 0.779296875 0.669921875 0.916015625 0.5078125 0.958984375 0.544921875 0.8203125 0.70703125
0 0.10793585526315791 0.9472656250000002 0.2876233552631579 0.9355468750000002 0.2934827302631579 0.9882812500000002 0.11379523026315791 1
0 0.10320723684210525 0.05879934210526318 0.33172286184210537 0.05879934210526318 0.33172286184210537 0.14864309210526339 0.10320723684210525 0.14864309210526339
0 0.7260485197368421 0.042249177631578955 0.7299547697368421 0.007092927631578948 0.9565172697368421 0.018811677631578948 0.9545641447368421 0.055921052631578955
0 0.890625 0.453125 0.9609375 0.3828125 0.994140625 0.416015625 0.92578125 0.490234375
0 0.8046875 0.396484375 0.833984375 0.369140625 0.87890625 0.416015625 0.849609375 0.443359375
0 0.32216282894736836 0.17423930921052633 0.32606907894736836 0.07462993421052633 0.48231907894736836 0.07853618421052633 0.47841282894736836 0.17814555921052633
0 0.5025699013157895 0.4204358552631579 0.5553042763157895 0.3618421052631579 0.6236636513157895 0.4126233552631579 0.5689761513157895 0.4712171052631579
0 0.931640625 0.509765625 0.9765625 0.451171875 1 0.482421875 0.955078125 0.541015625
0 0.056640625 0.8773643092105263 0.083984375 0.8441611842105263 0.1171875 0.8754111842105263 0.08984375 0.9105674342105263