0 0 0.10546875 0 0.32421875 0.330078125 0.474609375 0.517578125 0.060546875 0.482421875 0.04296875 0.5 0 0.046875 0
0 0.609375 0.55859375 0.64453125 0.5703125 0.673828125 0.490234375 0.638671875 0.4765625
0 0.615234375 0.66015625 0.67578125 0.677734375 0.6875 0.62890625 0.626953125 0.61328125
0 0.7578125 0.451171875 0.775390625 0.365234375 0.724609375 0.35546875 0.70703125 0.439453125
0 0.888671875 0.1953125 0.84375 0.33984375 1 0.38671875 1 0.228515625
0 0.861328125 0.345703125 0.83984375 0.416015625 1 0.46484375 1 0.38671875
0 0.84765625 0.419921875 0.837890625 0.451171875 1 0.5 1 0.46484375
0 0.783203125 0.63671875 0.771484375 0.67578125 1 0.744140625 1 0.701171875
0 0.828125 0.470703125 0.77734375 0.634765625 1 0.701171875 1 0.5234375
0 0.93359375 0.865234375 0.955078125 0.80859375 0.9140625 0.79296875 0.892578125 0.849609375 0.93359375 0.865234375
0 0.720703125 0.50390625 0.736328125 0.4609375 0.673828125 0.435546875 0.65625 0.478515625 0.720703125 0.50390625