0 0.703125 0.537109375 0.6875 0.5625 0.7421875 0.59765625 0.7578125 0.57421875 0.751953125 0.5703125
0 0.73828125 0.486328125 0.71484375 0.470703125 0.69921875 0.494140625 0.72265625 0.509765625
0 0.72265625 0.509765625 0.703125 0.537109375 0.751953125 0.5703125 0.771484375 0.54296875 0.76171875 0.53515625
0 0.740234375 0.482421875 0.72265625 0.509765625 0.76171875 0.53515625 0.779296875 0.5078125
0 0.62890625 0.462890625 0.646484375 0.439453125 0.611328125 0.412109375 0.591796875 0.435546875
0 0.61328125 0.35546875 0.630859375 0.3671875 0.650390625 0.33984375 0.634765625 0.328125
0 0.607421875 0.400390625 0.6328125 0.416015625 0.640625 0.40234375 0.615234375 0.38671875
0 0.92578125 0.720703125 1 0.76953125 1 0.7109375 0.955078125 0.6796875
0 0.8359375 0.658203125 0.857421875 0.625 0.826171875 0.603515625 0.8046875 0.634765625
0 0.87890625 0.568359375 0.91015625 0.591796875 0.9375 0.552734375 0.908203125 0.529296875
0 0.697265625 0.4921875 0.71484375 0.46484375 0.669921875 0.435546875 0.65234375 0.46484375 0.697265625 0.4921875