0 0.841796875 0.916015625 0.82421875 0.876953125 0.60546875 0.97265625 0.6171875 1 0.6484375 1
0 0.89453125 0.890625 0.787109375 0.66796875 0.74609375 0.6875 0.85546875 0.91015625 0.884765625 0.896484375
0 0.751953125 0.865234375 0.6171875 0.923828125 0.6328125 0.9609375 0.767578125 0.90234375
0 0.583984375 0.935546875 0.546875 0.947265625 0.5625 1 0.6015625 1
0 0.513671875 0.78515625 0.54296875 0.89453125 0.57421875 0.88671875 0.544921875 0.775390625
0 0.625 0.734375 0.55859375 0.765625 0.58984375 0.830078125 0.65625 0.796875 0.638671875 0.759765625
0 0.76171875 0.74609375 0.744140625 0.70703125 0.638671875 0.759765625 0.65625 0.796875
0 0.75390625 0.412109375 1 0.341796875 1 0.27734375 0.736328125 0.349609375
0 0.455078125 0.498046875 0.71484375 0.43359375 0.701171875 0.375 0.44140625 0.439453125
0 0.662109375 0.251953125 0.646484375 0.197265625 0.40234375 0.263671875 0.416015625 0.318359375 0.498046875 0.296875
0 0.919921875 0.119140625 0.921875 0.1328125 0.896484375 0.138671875 0.89453125 0.125 0.85546875 0.1328125 0.859375 0.1484375 0.837890625 0.15234375 0.8359375 0.138671875 0.791015625 0.1484375 0.79296875 0.16015625 0.78125 0.1640625 0.779296875 0.150390625 0.71484375 0.1640625 0.728515625 0.224609375 1 0.1640625 1 0.099609375
0 0.728515625 0.0078125 0.724609375 0 0.697265625 0 0.6640625 0.0078125 0.67578125 0.060546875 0.9296875 0.00390625 0.927734375 0 0.763671875 0
0 0.623046875 0.080078125 0.609375 0.021484375 0.34765625 0.0859375 0.36328125 0.14453125 0.44921875 0.123046875
0 0.455078125 0 0.326171875 0 0.33984375 0.046875 0.447265625 0.017578125
0 0.44921875 0.123046875 0.36328125 0.14453125 0.44140625 0.439453125 0.533203125 0.41796875 0.498046875 0.296875 0.416015625 0.318359375 0.40234375 0.263671875 0.482421875 0.2421875
0 0.37109375 0.529296875 0.30078125 0.240234375 0.15625 0.27734375 0.228515625 0.564453125 0.30078125 0.546875
0 0.251953125 0.55859375 0.255859375 0.572265625 0.3046875 0.560546875 0.30078125 0.546875
0 0.15234375 0.158203125 0.12890625 0.1640625 0.15625 0.27734375 0.181640625 0.271484375
0 0.248046875 0.080078125 0.08984375 0.12109375 0.1015625 0.169921875 0.26171875 0.130859375
0 0.873046875 0.9140625 0.658203125 1 0.875 1 0.904296875 0.98828125
0 0.908203125 1 0.94921875 1 0.92578125 0.9375 0.888671875 0.953125 0.904296875 0.98828125
0 0.8828125 0.939453125 0.91796875 0.92578125 0.908203125 0.8984375 0.873046875 0.9140625
0 0.919921875 0.78515625 0.984375 0.75 0.896484375 0.59375 0.83203125 0.630859375
0 0.9296875 0.841796875 1 0.9765625 1 0.900390625 0.9609375 0.826171875
0 0.95703125 0.603515625 1 0.697265625 1 0.58203125
0 0.208984375 0.041015625 0.197265625 0 0.154296875 0 0.16796875 0.05078125