0 0.001953125 0.55859375 0.046875 0.498046875 0.072265625 0.5234375 0.025390625 0.5859375
0 0.029296875 0.64453125 0.10546875 0.572265625 0.150390625 0.61328125 0.07421875 0.685546875
0 0.688733552631579 0.8794202302631579 0.950452302631579 0.7427014802631579 0.975842927631579 0.7934827302631579 0.712171052631579 0.9302014802631579
0 0.251953125 0.234375 0.390625 0.2109375 0.3984375 0.2578125 0.26171875 0.27734375
0 0.05859375 0.33203125 0.181640625 0.267578125 0.201171875 0.298828125 0.08203125 0.365234375
0 0.1015625 0.72265625 0.201171875 0.640625 0.2421875 0.6796875 0.142578125 0.76171875
0 0.1640625 0.8203125 0.275390625 0.736328125 0.302734375 0.767578125 0.19140625 0.849609375
0 0.751953125 0.955078125 0.98046875 0.837890625 1 0.880859375 0.9302014802631577 0.9718338815789472 0.7734375 0.998046875
0 0.435546875 0.4140625 0.529296875 0.4140625 0.529296875 0.466796875 0.435546875 0.466796875
0 0.62890625 0.41796875 0.767578125 0.41796875 0.767578125 0.48046875 0.62890625 0.48046875
0 0.599609375 0.07935855263157894 0.744140625 0.07935855263157894 0.744140625 0.14576480263157893 0.599609375 0.14576480263157893
0 0.08984375 0.447265625 0.15625 0.404296875 0.1796875 0.44140625 0.11328125 0.484375
0 0.4921875 0.310546875 0.5859375 0.310546875 0.5859375 0.361328125 0.4921875 0.361328125
0 0.505859375 0.529296875 0.568359375 0.529296875 0.568359375 0.58203125 0.505859375 0.58203125
0 0.26953125 0.623046875 0.32421875 0.58203125 0.341796875 0.6171875 0.287109375 0.658203125
0 0.205078125 0.53515625 0.26953125 0.48828125 0.294921875 0.52734375 0.23046875 0.57421875
0 0.349609375 0.455078125 0.412109375 0.4375 0.419921875 0.48046875 0.357421875 0.498046875
0 0.314453125 0.7265625 0.37109375 0.677734375 0.392578125 0.712890625 0.3359375 0.7578125
0 0.80859375 0.228515625 1 0.228515625 1 0.296875 0.80859375 0.296875
0 0.80078125 0.362047697368421 1 0.362047697368421 1 0.424547697368421 0.80078125 0.424547697368421
0 0.521484375 0.689453125 0.57421875 0.654296875 0.591796875 0.697265625 0.5390625 0.73046875
0 0.697265625 0.525390625 0.79296875 0.525390625 0.79296875 0.580078125 0.697265625 0.580078125
0 0.40625 0.556640625 0.47265625 0.5390625 0.482421875 0.59765625 0.41796875 0.615234375
0 0.390625 0.369140625 0.390625 0.31640625 0.478515625 0.31640625 0.478515625 0.369140625
0 0.609375 0.525390625 0.6796875 0.525390625 0.6796875 0.580078125 0.609375 0.580078125
0 0.845703125 0.07637746710526315 0.9921875 0.07637746710526315 0.9921875 0.14668996710526314 0.845703125 0.14668996710526314
0 0.6015625 0.904296875 0.666015625 0.875 0.720703125 0.970703125 0.654296875 0.998046875
0 0.24609375 0.07637746710526315 0.5 0.07637746710526315 0.5 0.15059621710526314 0.24609375 0.15059621710526314
0 0.416015625 0.259765625 0.416015625 0.20703125 0.560546875 0.20703125 0.560546875 0.259765625
0 0.609375 0.205078125 0.7578125 0.205078125 0.7578125 0.263671875 0.609375 0.263671875
0 0.625 0.310546875 0.755859375 0.310546875 0.755859375 0.361328125 0.625 0.361328125
0 0.751953125 0.693359375 0.90234375 0.62109375 0.92578125 0.666015625 0.775390625 0.73828125
0 0.845703125 0.5035978618421052 1 0.5035978618421052 1 0.5778166118421052 0.845703125 0.5778166118421052
0 0.302734375 0.33984375 0.3671875 0.326171875 0.37890625 0.388671875 0.314453125 0.40234375
0 0.185546875 0.390625 0.248046875 0.35546875 0.271484375 0.408203125 0.208984375 0.44140625
0 0.130859375 0.9375 0.1171875 0.88671875 0 0.919921875 0.00390625 0.970703125 0.130859375 0.9375
0 0.052734375 0.814453125 0.05078125 0.75390625 0 0.75390625 0 0.814453125 0.052734375 0.814453125
0 0.033203125 0.275390625 0.033203125 0.19140625 0 0.189453125 0 0.275390625 0.033203125 0.275390625
0 0.234375 1 0.234375 0.95703125 0.12109375 0.955078125 0.12109375 0.998046875 0.234375 1
0 1 0.021484375 1 0 0.859375 0 0.859375 0.01953125 1 0.021484375
0 0.775390625 0.021484375 0.775390625 0 0.6171875 0 0.6171875 0.021484375 0.775390625 0.021484375