0 0.35546875 0.763671875 0.53515625 0.755859375 0.533203125 0.708984375 0.3515625 0.71875
0 0.453125 0.13671875 0.513671875 0.1328125 0.509765625 0.072265625 0.451171875 0.076171875
0 0.154296875 1 0.228515625 1 0.2265625 0.955078125 0.15234375 0.958984375
0 0.076171875 0.875 0.064453125 0.693359375 0 0.697265625 0 0.92578125 0.048828125 0.923828125 0.046875 0.876953125
0 0.5703125 0.984375 0.26171875 1 0.5703125 1
0 0.58203125 0.84765625 0.578125 0.80078125 0.201171875 0.822265625 0.203125 0.8671875 0.376953125 0.857421875
0 0.79296875 0.01171875 0.791015625 0 0.482421875 0 0.484375 0.02734375 0.73046875 0.015625
0 0.875 0.66796875 0.873046875 0.615234375 0.59765625 0.630859375 0.6015625 0.681640625 0.865234375 0.66796875
0 0.62109375 0.501953125 0.875 0.48828125 0.87109375 0.4375 0.6171875 0.451171875
0 0.275390625 0.701171875 0.568359375 0.685546875 0.56640625 0.63671875 0.2265625 0.654296875 0.232421875 0.7734375 0.27734375 0.771484375
0 0.2734375 0.318359375 0.3046875 0.232421875 0.275390625 0.22265625 0.24609375 0.306640625
0 0.173828125 0.09375 0.150390625 0.1640625 0.17578125 0.173828125 0.154296875 0.234375 0.18359375 0.244140625 0.16015625 0.3125 0.18359375 0.322265625 0.16015625 0.39453125 0.181640625 0.40234375 0.162109375 0.4609375 0.2109375 0.478515625 0.23046875 0.41796875 0.201171875 0.408203125 0.22265625 0.34375 0.201171875 0.3359375 0.22265625 0.271484375 0.1953125 0.26171875 0.22265625 0.18359375 0.193359375 0.173828125 0.205078125 0.13671875 0.3203125 0.13671875 0.3203125 0.095703125
0 0.3046875 0.064453125 0.302734375 0.02734375 0.154296875 0.03125 0.154296875 0.0703125
0 0.302734375 0.4921875 0.248046875 0.494140625 0.25 0.529296875 0.3046875 0.525390625
0 0.564453125 0.462890625 0.30078125 0.4765625 0.3046875 0.525390625 0.568359375 0.51171875
0 0.30859375 0.998046875 0.3046875 0.94140625 0.259765625 0.943359375 0.26171875 1
0 0.810546875 0.994140625 0.806640625 0.94921875 0.728515625 0.953125 0.73046875 0.9765625 0.634765625 0.98046875 0.634765625 1 0.73046875 1 0.73046875 0.998046875 0.751953125 0.99609375
0 0.767578125 0.818359375 0.8515625 0.814453125 0.84765625 0.7578125 0.763671875 0.76171875 0.765625 0.787109375 0.619140625 0.794921875 0.62109375 0.84765625 0.767578125 0.83984375
0 0.751953125 1 0.81640625 1 0.8203125 0.9921875 0.833984375 0.9921875 0.828125 0.8515625 0.875 0.84765625 0.865234375 0.66796875 0.818359375 0.669921875 0.822265625 0.759765625 0.84765625 0.7578125 0.8515625 0.814453125 0.767578125 0.818359375 0.767578125 0.83984375 0.759765625 0.83984375 0.765625 0.951171875 0.806640625 0.94921875 0.810546875 0.994140625 0.751953125 0.99609375
0 0.048828125 1 0.0859375 1 0.130859375 0.916015625 0.099609375 0.900390625 0.046875 0.998046875
0 0.8203125 0.169921875 0.818359375 0.115234375 0.54296875 0.12890625 0.546875 0.185546875 0.748046875 0.173828125
0 0.546875 0.28515625 0.546875 0.27734375 0.388671875 0.28515625 0.390625 0.3359375 0.55078125 0.328125 0.55078125 0.34375 0.857421875 0.326171875 0.853515625 0.267578125
0 0.81640625 0.091796875 0.81640625 0.068359375 0.74609375 0.072265625 0.74609375 0.083984375 0.75 0.1171875 0.818359375 0.115234375
0 0.826171875 0.26953125 0.8203125 0.169921875 0.75390625 0.173828125 0.763671875 0.2734375 0.7734375 0.2734375
0 0.837890625 0.328125 0.767578125 0.33203125 0.775390625 0.419921875 0.845703125 0.4140625
0 0.810546875 0.068359375 0.80859375 0.021484375 0.697265625 0.02734375 0.69921875 0.07421875 0.732421875 0.072265625
0 0.060546875 0.52734375 0.052734375 0.458984375 0 0.46484375 0 0.533203125 0.060546875 0.52734375
0 0.052734375 0.34765625 0.05078125 0.263671875 0 0.263671875 0 0.349609375 0.052734375 0.34765625
0 0.041015625 0.14453125 0.04296875 0 0 0 0 0.14453125 0.041015625 0.14453125
0 0.0234375 0.220703125 0.0234375 0.142578125 0 0.14453125 0 0.220703125 0.0234375 0.220703125
0 0.322265625 0.01953125 0.322265625 0 0.1171875 0 0.1171875 0.021484375 0.322265625 0.01953125
0 0.162109375 0.7421875 0.16015625 0.697265625 0.126953125 0.69921875 0.12890625 0.744140625 0.162109375 0.7421875