0 0.806640625 0.974609375 0.89453125 0.974609375 0.89453125 0.83984375 0.806640625 0.83984375
0 0.93359375 0.96875 1 0.96875 1 0.845703125 0.9375 0.84375
0 0.810546875 0.802734375 0.8984375 0.80078125 0.89453125 0.6796875 0.806640625 0.68359375
0 0.921875 0.77734375 1 0.77734375 1 0.68359375 0.921875 0.68359375
0 0.896484375 0.5703125 0.974609375 0.576171875 0.9765625 0.55078125 0.8984375 0.544921875
0 0.8984375 0.60546875 0.9765625 0.609375 0.9765625 0.583984375 0.900390625 0.58203125
0 0.8984375 0.630859375 0.9765625 0.6328125 0.9765625 0.609375 0.8984375 0.60546875
0 0.13671875 0.033203125 0.248046875 0.03125 0.248046875 0.001953125 0.263671875 0.001953125 0.263671875 0 0.13671875 0
0 0.15234375 0.091796875 0.15234375 0.140625 0.25 0.140625 0.248046875 0.107421875 0.265625 0.107421875 0.265625 0.103515625 0.259765625 0.103515625 0.259765625 0.095703125 0.248046875 0.095703125 0.248046875 0.091796875
0 0.26171875 0.0703125 0.13671875 0.0703125 0.13671875 0.091796875 0.248046875 0.091796875 0.248046875 0.095703125 0.26171875 0.095703125 0.26171875 0.091796875
0 0.2109375 0.24609375 0.1484375 0.248046875 0.1484375 0.291015625 0.2109375 0.291015625 0.2109375 0.263671875
0 0.263671875 0.263671875 0.2109375 0.263671875 0.212890625 0.3046875 0.263671875 0.3046875 0.263671875 0.28125
0 0.263671875 0.322265625 0.322265625 0.322265625 0.3203125 0.279296875 0.263671875 0.28125 0.263671875 0.3046875
0 0.2734375 0.3828125 0.216796875 0.384765625 0.21875 0.423828125 0.2734375 0.421875 0.2734375 0.3984375
0 0.216796875 0.369140625 0.15234375 0.369140625 0.15234375 0.408203125 0.21875 0.408203125
0 0.2734375 0.44140625 0.330078125 0.44140625 0.328125 0.3984375 0.2734375 0.3984375 0.2734375 0.421875
0 0.17578125 0.63671875 0.17578125 0.669921875 0.1484375 0.669921875 0.1484375 0.73828125 0.17578125 0.73828125 0.17578125 0.771484375 0.234375 0.771484375 0.236328125 0.73828125 0.263671875 0.73828125 0.263671875 0.669921875 0.236328125 0.669921875 0.236328125 0.638671875
0 0.18359375 0.501953125 0.18359375 0.52734375 0.15234375 0.52734375 0.150390625 0.59765625 0.185546875 0.59765625 0.185546875 0.62890625 0.2421875 0.62890625 0.2421875 0.59765625 0.2734375 0.59765625 0.2734375 0.529296875 0.24609375 0.52734375 0.24609375 0.501953125
0 0.375 0.498046875 0.375 0.52734375 0.345703125 0.52734375 0.345703125 0.595703125 0.375 0.595703125 0.375 0.623046875 0.4375 0.623046875 0.4375 0.595703125 0.4609375 0.595703125 0.4609375 0.52734375 0.431640625 0.52734375 0.431640625 0.49609375
0 0.33203125 0.765625 0.33203125 0.771484375 0.31640625 0.771484375 0.31640625 0.802734375 0.333984375 0.802734375 0.333984375 0.810546875 0.369140625 0.810546875 0.369140625 0.802734375 0.388671875 0.802734375 0.388671875 0.76953125 0.373046875 0.76953125 0.373046875 0.765625
0 0.416015625 0.78515625 0.41796875 0.794921875 0.388671875 0.794921875 0.388671875 0.82421875 0.41015625 0.82421875 0.41015625 0.83203125 0.466796875 0.83203125 0.466796875 0.822265625 0.48828125 0.822265625 0.48828125 0.794921875 0.462890625 0.794921875 0.462890625 0.78515625
0 0.3984375 0.6796875 0.3984375 0.685546875 0.3671875 0.685546875 0.3671875 0.716796875 0.390625 0.716796875 0.390625 0.724609375 0.443359375 0.724609375 0.443359375 0.71484375 0.470703125 0.71484375 0.470703125 0.685546875 0.4453125 0.685546875 0.443359375 0.6796875
0 0 0.318359375 0 0.400390625 0.033203125 0.400390625 0.033203125 0.37890625 0.0390625 0.37890625 0.0390625 0.361328125 0.029296875 0.361328125 0.029296875 0.349609375 0.0390625 0.349609375 0.0390625 0.345703125 0.044921875 0.345703125 0.044921875 0.3359375 0.048828125 0.3359375 0.048828125 0.3203125
0 0 0.57421875 0 0.65625 0.044921875 0.65625 0.044921875 0.634765625 0.05078125 0.634765625 0.05078125 0.6171875 0.04296875 0.6171875 0.04296875 0.60546875 0.052734375 0.60546875 0.052734375 0.6015625 0.05859375 0.6015625 0.05859375 0.591796875 0.0625 0.591796875 0.0625 0.576171875
0 0.435546875 0.259765625 0.443359375 0.259765625 0.443359375 0.2109375 0.3828125 0.2109375 0.3828125 0.2734375 0.435546875 0.2734375
0 0.142578125 0.806640625 0.14453125 0.849609375 0.193359375 0.849609375 0.193359375 0.8046875
0 0.1953125 0.8046875 0.1953125 0.775390625 0.130859375 0.775390625 0.130859375 0.806640625 0.193359375 0.8046875
0 0.076171875 0.02734375 0.103515625 0.02734375 0.103515625 0 0.076171875 0
0 0.076171875 0.048828125 0.099609375 0.05078125 0.1015625 0.02734375 0.076171875 0.02734375