0 0.13671875 0.076171875 0.09765625 0.052734375 0.0703125 0.09765625 0.0859375 0.107421875 0.07421875 0.126953125 0.103515625 0.14453125 0.20703125 0.20703125 0.212890625 0.212890625 0.21875 0.205078125 0.244140625 0.220703125 0.25390625 0.205078125 0.275390625 0.21875 0.298828125 0.17578125 0.267578125 0.15625 0.251953125 0.1796875 0.22265625 0.16015625 0.2265625 0.154296875 0.20703125 0.140625 0.216796875 0.125 0.16796875 0.095703125 0.154296875 0.119140625 0.123046875 0.099609375
0 0.103515625 0.14453125 0.046875 0.23828125 0.080078125 0.2578125 0.078125 0.271484375 0.087890625 0.28515625 0.1015625 0.2890625 0.1171875 0.28125 0.150390625 0.30078125 0.20703125 0.20703125
0 0.615234375 0.806640625 0.65625 0.83203125 0.736328125 0.697265625 0.6953125 0.671875
0 0.828125 0.548828125 0.814453125 0.57421875 0.7890625 0.560546875 0.765625 0.603515625 0.81640625 0.630859375 0.85546875 0.5625
0 1 0.5234375 1 0.517578125 0.91796875 0.470703125 0.791015625 0.685546875 0.810546875 0.697265625 0.80078125 0.71484375 0.849609375 0.744140625 0.880859375 0.69140625 0.896484375 0.701171875 0.99609375 0.53125
0 0.888671875 0.46484375 0.912109375 0.48046875 0.91796875 0.470703125 1 0.517578125 1 0.46484375 0.916015625 0.416015625
0 0.955078125 0.650390625 0.91796875 0.708984375 0.953125 0.732421875 0.990234375 0.673828125
0 0.990234375 0.673828125 0.9375 0.755859375 0.98828125 0.7890625 1 0.76953125 1 0.6796875
0 0.88671875 0.83203125 0.912109375 0.78515625 0.8671875 0.76171875 0.841796875 0.80859375 0.88671875 0.83203125
0 0.3984375 0.25390625 0.4140625 0.23046875 0.37109375 0.203125 0.35546875 0.224609375 0.3984375 0.25390625
0 0.396484375 0.490234375 0.431640625 0.431640625 0.361328125 0.390625 0.326171875 0.447265625 0.396484375 0.490234375
0 0.44921875 0.421875 0.498046875 0.328125 0.466796875 0.3125 0.41796875 0.40625 0.44921875 0.421875
0 0.998046875 0.9375 1 0.857421875 0.96875 0.857421875 0.96875 0.9375 0.998046875 0.9375