0 0.369140625 0.2734375 0.46484375 0.283203125 0.46484375 0.28125 0.669921875 0.244140625 0.658203125 0.185546875 0.447265625 0.224609375 0.373046875 0.21875 0.37109375 0.2421875
0 0.400390625 0.009765625 0.39453125 0.068359375 0.669921875 0.08984375 0.673828125 0.033203125 0.453125 0.015625
0 0.716796875 0.22265625 1 0.171875 1 0.115234375 0.70703125 0.16796875
0 0.365234375 0.2421875 0.37109375 0.2421875 0.373046875 0.21875 0.435546875 0.224609375 0.447265625 0.072265625 0.39453125 0.068359375 0.400390625 0.009765625 0.453125 0.015625 0.453125 0 0.384765625 0
0 1 0.90234375 0.9921875 0.86328125 0.865234375 0.88671875 0.873046875 0.927734375
0 0.841796875 0.93359375 0.853515625 1 1 1 1 0.90234375
0 0.759765625 0.763671875 0.677734375 0.779296875 0.71875 1 0.8046875 1
0 0.814453125 0.796875 0.91796875 0.77734375 0.91015625 0.734375 0.759765625 0.763671875 0.783203125 0.890625 0.830078125 0.880859375
0 0.984375 0.337890625 0.91015625 0.3515625 0.951171875 0.564453125 1 0.552734375 1 0.421875
0 0.908203125 0.498046875 0.857421875 0.5078125 0.86328125 0.544921875 0.755859375 0.56640625 0.763671875 0.599609375 0.921875 0.568359375
0 1 0.716796875 1 0.646484375 0.6640625 0.7109375 0.677734375 0.779296875 0.91015625 0.734375
0 0.64453125 0.638671875 0.685546875 0.630859375 0.640625 0.3984375 0.599609375 0.40625
0 0.6953125 0.61328125 0.712890625 0.701171875 1 0.64453125 1 0.5546875
0 0.685546875 0.4453125 0.7578125 0.4296875 0.748046875 0.37890625 0.67578125 0.392578125
0 0.67578125 0.392578125 0.640625 0.3984375 0.685546875 0.630859375 0.64453125 0.638671875 0.658203125 0.712890625 0.712890625 0.701171875 0.6953125 0.61328125 0.7421875 0.603515625 0.73828125 0.576171875 0.7109375 0.58203125 0.685546875 0.4453125
0 0.5390625 0.421875 0.333984375 0.4609375 0.341796875 0.5 0.546875 0.4609375
0 0.587890625 0.412109375 0.5390625 0.421875 0.576171875 0.62109375 0.625 0.611328125
0 0.419921875 0.56640625 0.349609375 0.580078125 0.365234375 0.662109375 0.435546875 0.6484375
0 0.625 0.611328125 0.333984375 0.66796875 0.349609375 0.748046875 0.640625 0.69140625
0 0.345703125 0.55859375 0.314453125 0.564453125 0.310546875 0.671875 0.365234375 0.662109375 0.349609375 0.580078125
0 0.603515625 0.71484375 0.568359375 0.716796875 0.5703125 0.744140625 0.396484375 0.75390625 0.396484375 0.767578125 0.314453125 0.771484375 0.31640625 0.8203125 0.607421875 0.8046875 0.603515625 0.7265625
0 0.33203125 0.908203125 0.32421875 1 0.658203125 1 0.6640625 0.9296875 0.552734375 0.921875
0 0.66015625 0.724609375 0.646484375 0.724609375 0.603515625 0.7265625 0.609375 0.8203125 0.546875 0.82421875 0.552734375 0.921875 0.646484375 0.927734375 0.65625 0.927734375
0 0 0.068359375 0 0.115234375 0.11328125 0.125 0.1171875 0.076171875
0 0 0.251953125 0 0.33203125 0.095703125 0.33984375 0.1015625 0.259765625
0 0.1328125 0.048828125 0.134765625 0 0 0 0 0.0390625
0 0.091796875 0.6015625 0.08984375 0.509765625 0 0.509765625 0 0.6015625 0.091796875 0.6015625
0 0.056640625 0.95703125 0.05859375 0.8828125 0 0.8828125 0 0.95703125 0.056640625 0.95703125
0 0.080078125 0.84375 0.08203125 0.787109375 0.048828125 0.78515625 0.044921875 0.841796875 0.080078125 0.84375
0 0.083984375 0.712890625 0.083984375 0.658203125 0.05078125 0.658203125 0.05078125 0.712890625 0.083984375 0.712890625