0 0.751953125 0.61328125 0.5859375 0.57421875 0.576171875 0.62109375 0.740234375 0.66015625
0 0.576171875 0.62109375 0.564453125 0.66796875 0.732421875 0.70703125 0.7421875 0.66015625 0.740234375 0.66015625
0 0.564453125 0.66796875 0.546875 0.736328125 0.712890625 0.77734375 0.73046875 0.70703125
0 0.501953125 0.7265625 0.4921875 0.763671875 0.705078125 0.814453125 0.712890625 0.77734375 0.546875 0.736328125
0 0.634765625 0.796875 0.603515625 0.9296875 0.67578125 0.947265625 0.70703125 0.814453125 0.705078125 0.814453125
0 0.4609375 0.89453125 0.447265625 0.951171875 0.65625 1 0.669921875 0.9453125 0.603515625 0.9296875
0 0.556640625 0.9765625 0.55078125 1 0.654296875 1
0 0.462890625 0.9921875 0.494140625 1 0.5390625 1 0.544921875 0.974609375 0.470703125 0.95703125
0 0.06640625 0.669921875 0.03125 0.806640625 0.08203125 0.818359375 0.115234375 0.68359375
0 0.0859375 0.595703125 0.06640625 0.669921875 0.130859375 0.6875 0.1484375 0.611328125
0 0.12109375 0.4453125 0.083984375 0.595703125 0.1484375 0.611328125 0.1875 0.4609375
0 0.103515625 0.79296875 0.1328125 0.80078125 0.216796875 0.46875 0.1875 0.4609375 0.130859375 0.6875
0 0.392578125 0.009765625 0.427734375 0.015625 0.431640625 0.001953125 0.521484375 0.01953125 0.525390625 0 0.39453125 0
0 0.37109375 0.005859375 0.37109375 0 0.3203125 0
0 0.0703125 0.890625 0.078125 0.85546875 0.021484375 0.841796875 0.013671875 0.876953125 0.0703125 0.890625
0 0.35546875 1 0.369140625 0.94140625 0.298828125 0.92578125 0.283203125 0.984375 0.35546875 1
0 0.146484375 0.923828125 0.16015625 0.869140625 0.08203125 0.849609375 0.068359375 0.904296875 0.146484375 0.923828125
0 0.572265625 0.564453125 0.583984375 0.494140625 0.50390625 0.478515625 0.4921875 0.55078125 0.572265625 0.564453125
0 0.498046875 0.49609375 0.501953125 0.462890625 0.44921875 0.453125 0.443359375 0.486328125 0.498046875 0.49609375
0 0.9609375 0.62890625 0.97265625 0.58984375 0.943359375 0.58203125 0.931640625 0.62109375 0.9609375 0.62890625
0 0.814453125 0.6875 0.826171875 0.642578125 0.796875 0.634765625 0.78515625 0.6796875 0.814453125 0.6875
0 0.236328125 0.5859375 0.25390625 0.513671875 0.2265625 0.5078125 0.208984375 0.580078125 0.236328125 0.5859375
0 0.5625 0.6640625 0.58203125 0.58984375 0.546875 0.580078125 0.52734375 0.654296875 0.5625 0.6640625