0 0.7481496710526316 0.7590460526315789 0.7693256578947368 0.7127878289473684 0.9969161184210525 0.7749794407894737 0.9656661184210527 0.8277138157894737
0 0.21484375 0.658203125 0.478515625 0.658203125 0.478515625 0.728515625 0.21484375 0.728515625
0 0.48046875 0.716796875 0.48828125 0.6640625 0.728515625 0.703125 0.720703125 0.7578125
0 0 0.9149876644736843 0.01171875 0.8505345394736843 0.15234374999999994 0.8817845394736843 0.13867187499999994 0.9462376644736843
0 0.69140625 0.931640625 0.943359375 0.931640625 0.943359375 0.998046875 0.69140625 0.998046875
0 0.22265625 0.86328125 0.23828125 0.814453125 0.609375 0.91015625 0.595703125 0.962890625
0 0.24609375 0.99609375 0.24609375 0.978515625 0.310546875 0.978515625 0.310546875 0.99609375
0 0.798828125 0.02734375 0.814453125 0.001953125 0.9851973684210525 0 0.984375 0.03125 0.970703125 0.05859375
0 0.462890625 0 0.50390625 0 0.50390625 0.03515625 0.462890625 0.03515625
0 0.8158922697368421 0.11564555921052633 0.8237047697368421 0.08439555921052633 0.9389391447368421 0.13517680921052633 0.9311266447368421 0.16837993421052633
0 0.5088404605263158 0.04317434210526316 0.5244654605263158 0.004111842105263157 0.6982935855263158 0.05098684210526316 0.6846217105263158 0.09200246710526316
0 0.943359375 0.185546875 0.955078125 0.125 1 0.140625 0.990234375 0.19921875
0 0.03556743421052633 0.28895970394736853 0.04337993421052633 0.22255345394736847 0.17228618421052633 0.23622532894736847 0.16642680921052633 0.30263157894736853
0 0.1640625 0.755859375 0.171875 0.703125 0 0.671875 0 0.72265625 0.1640625 0.755859375
0 0.19921875 0.666015625 0.205078125 0.630859375 0 0.59375 0 0.62890625 0.19921875 0.666015625