0 0.6015625 0.849609375 0.56640625 0.8515625 0.56640625 0.853515625 0.515625 0.857421875 0.525390625 1 0.611328125 1
0 0.55859375 0.751953125 0.505859375 0.755859375 0.513671875 0.857421875 0.56640625 0.853515625 0.56640625 0.8515625
0 0.73046875 0.857421875 0.8046875 0.8515625 0.80078125 0.80078125 0.7265625 0.806640625 0.728515625 0.84765625
0 0.724609375 0.791015625 0.634765625 0.796875 0.638671875 0.85546875 0.728515625 0.84765625 0.7265625 0.806640625
0 0.62890625 0.765625 0.630859375 0.748046875 0.55859375 0.751953125 0.56640625 0.8515625 0.638671875 0.84765625 0.6328125 0.765625
0 0.779296875 0.70703125 0.6328125 0.697265625 0.62890625 0.765625 0.7734375 0.7734375 0.77734375 0.724609375
0 0.77734375 0.724609375 0.7734375 0.78515625 0.896484375 0.794921875 0.900390625 0.732421875
0 0.900390625 0.732421875 0.89453125 0.796875 0.99609375 0.8046875 1 0.748046875 1 0.73828125
0 0.72265625 0.904296875 0.65234375 0.904296875 0.65234375 1 0.72265625 1
0 0.794921875 0.994140625 0.888671875 0.994140625 0.888671875 0.8984375 0.79296875 0.8984375
0 0.79296875 0.8984375 0.72265625 0.900390625 0.724609375 0.99609375 0.794921875 0.994140625
0 1 0.92578125 1 0.884765625 0.904296875 0.890625 0.90625 0.931640625
0 0.90625 0.931640625 0.908203125 1 0.947265625 1 1 0.99609375 1 0.92578125
0 0.951171875 0.6328125 0.955078125 0.705078125 1 0.703125 1 0.630859375
0 0.94921875 0.54296875 0.951171875 0.6328125 1 0.630859375 1 0.541015625
0 0.935546875 0.67578125 0.93359375 0.619140625 0.84375 0.623046875 0.845703125 0.6796875 0.84765625 0.6796875
0 0.951171875 0.619140625 0.94921875 0.560546875 0.841796875 0.564453125 0.84375 0.623046875 0.93359375 0.619140625
0 0.748046875 0.626953125 0.751953125 0.685546875 0.84765625 0.6796875 0.845703125 0.6796875 0.84375 0.623046875
0 0.751953125 0.46484375 0.736328125 0.466796875 0.74609375 0.55078125 0.763671875 0.548828125 0.7578125 0.50390625
0 0.77734375 0.462890625 0.751953125 0.46484375 0.7578125 0.50390625 0.78125 0.5 0.779296875 0.486328125
0 0.873046875 0.556640625 0.8671875 0.509765625 0.783203125 0.51953125 0.7890625 0.568359375
0 0.841796875 0.564453125 0.74609375 0.5703125 0.748046875 0.626953125 0.84375 0.623046875
0 0.927734375 0.501953125 0.923828125 0.466796875 0.779296875 0.486328125 0.783203125 0.51953125 0.8671875 0.509765625
0 0.904296875 0.416015625 0.765625 0.43359375 0.76953125 0.462890625 0.908203125 0.447265625
0 0.89453125 0.322265625 0.75390625 0.337890625 0.759765625 0.392578125 0.900390625 0.376953125
0 0.900390625 0.376953125 0.759765625 0.392578125 0.765625 0.43359375 0.904296875 0.416015625
0 0.736328125 0.466796875 0.66796875 0.4765625 0.671875 0.509765625 0.740234375 0.501953125
0 0.76953125 0.462890625 0.763671875 0.416015625 0.662109375 0.427734375 0.66796875 0.4765625 0.736328125 0.466796875
0 0.66796875 0.4765625 0.615234375 0.482421875 0.6171875 0.505859375 0.63671875 0.662109375 0.689453125 0.654296875 0.671875 0.509765625
0 0.873046875 0.1484375 0.5859375 0.181640625 0.599609375 0.291015625 0.88671875 0.259765625
0 0.978515625 0.3046875 0.984375 0.404296875 1 0.404296875 1 0.302734375
0 0.9609375 0.494140625 0.9609375 0.509765625 0.990234375 0.5078125 0.98828125 0.4921875
0 0.984375 0.404296875 0.9921875 0.54296875 1 0.541015625 1 0.404296875
0 0.919921875 0.20703125 0.927734375 0.263671875 1 0.25390625 1 0.197265625
0 0.76171875 0 0.677734375 0 0.677734375 0.115234375 0.76171875 0.11328125 0.76171875 0.056640625
0 0.87890625 0 0.76171875 0 0.76171875 0.056640625 0.880859375 0.052734375
0 0.603515625 0.294921875 0.548828125 0.298828125 0.552734375 0.35546875 0.607421875 0.3515625
0 0.607421875 0.3515625 0.552734375 0.35546875 0.5625 0.5078125 0.6171875 0.505859375 0.615234375 0.482421875
0 0.546875 0 0.451171875 0 0.453125 0.021484375 0.548828125 0.017578125
0 0.55078125 0.091796875 0.44140625 0.099609375 0.443359375 0.130859375 0.552734375 0.12109375
0 0.462890625 0.20703125 0.544921875 0.203125 0.54296875 0.16015625 0.4609375 0.162109375
0 0.271484375 0.2421875 0.2109375 0.2734375 0.234375 0.3203125 0.294921875 0.2890625
0 0.244140625 0.45703125 0.23046875 0.642578125 0.28125 0.646484375 0.294921875 0.4609375
0 0.25 0.36328125 0.244140625 0.45703125 0.294921875 0.4609375 0.302734375 0.3671875
0 0.388671875 0.5546875 0.384765625 0.734375 0.443359375 0.736328125 0.447265625 0.556640625
0 0.392578125 0.375 0.388671875 0.5546875 0.447265625 0.556640625 0.451171875 0.376953125
0 0.48828125 0.23046875 0.455078125 0.228515625 0.443359375 0.736328125 0.4765625 0.736328125 0.478515625 0.689453125
0 0.607421875 0.708984375 0.609375 0.61328125 0.560546875 0.61328125 0.55859375 0.70703125
0 0.55859375 0.69140625 0.478515625 0.689453125 0.4765625 0.736328125 0.55859375 0.73828125 0.55859375 0.70703125
0 0.31640625 0.791015625 0.419921875 0.79296875 0.419921875 0.751953125 0.318359375 0.748046875
0 0.201171875 0.87890625 0.259765625 0.8828125 0.265625 0.728515625 0.208984375 0.724609375
0 0.201171875 0.90625 0.193359375 1 0.236328125 1 0.2421875 0.908203125
0 0.091796875 0.900390625 0.056640625 0.8984375 0.048828125 1 0.083984375 1
0 0.07421875 0.6875 0.07421875 0.71484375 0.126953125 0.716796875 0.126953125 0.6875 0.083984375 0.6875
0 0.07421875 0.71484375 0.05859375 0.87109375 0.109375 0.875 0.125 0.716796875
0 0.0859375 0.640625 0.083984375 0.6875 0.126953125 0.6875 0.12890625 0.642578125
0 0.98828125 0 0.935546875 0 0.958984375 0.201171875 1 0.1953125 1 0.09375
0 1 0.8515625 1 0.810546875 0.892578125 0.80859375 0.892578125 0.849609375 1 0.8515625
0 0.607421875 0.158203125 0.603515625 0.078125 0.564453125 0.080078125 0.568359375 0.16015625 0.607421875 0.158203125
0 0.6484375 0.078125 0.646484375 0.01171875 0.564453125 0.015625 0.56640625 0.08203125 0.6484375 0.078125
0 0.435546875 0.2109375 0.4140625 0.109375 0.38671875 0.115234375 0.408203125 0.216796875 0.435546875 0.2109375
0 0.4453125 0.02734375 0.443359375 0 0.404296875 0 0.40625 0.03125 0.4453125 0.02734375
0 0.6640625 0.33203125 0.662109375 0.302734375 0.62109375 0.3046875 0.623046875 0.333984375 0.6640625 0.33203125