0 0.076171875 0.07421875 0.078125 0.046875 0 0.04296875 0 0.0703125
0 0.283203125 0.087890625 0.3515625 0.08984375 0.353515625 0.05859375 0.283203125 0.056640625
0 0 0.201171875 0 0.259765625 0.185546875 0.265625 0.185546875 0.20703125
0 0.2265625 0.21484375 0.2265625 0.234375 0.19921875 0.234375 0.19921875 0.255859375 0.224609375 0.255859375 0.224609375 0.2890625 0.251953125 0.2890625 0.25390625 0.21484375
0 0.11328125 0.365234375 0.11328125 0.376953125 0.015625 0.373046875 0.015625 0.380859375 0 0.37890625 0 0.443359375 0.013671875 0.4453125 0.013671875 0.4375 0.111328125 0.439453125 0.111328125 0.427734375 0.212890625 0.4296875 0.21484375 0.369140625
0 0.203125 0.6015625 0.205078125 0.5390625 0 0.533203125 0 0.595703125
0 0.240234375 0.57421875 0.361328125 0.578125 0.36328125 0.509765625 0.2421875 0.505859375
0 0.81640625 0.29296875 0.81640625 0.234375 0.408203125 0.22265625 0.40625 0.28125
0 0.400390625 0.439453125 0.81640625 0.451171875 0.818359375 0.384765625 0.40234375 0.373046875
0 0.44140625 0.607421875 0.751953125 0.615234375 0.75390625 0.55078125 0.443359375 0.541015625
0 0.21875 0.720703125 0.21875 0.728515625 0.0234375 0.72265625 0.021484375 0.794921875 0.216796875 0.80078125 0.216796875 0.787109375 0.42578125 0.79296875 0.42578125 0.7265625
0 0.013671875 0.935546875 0.318359375 0.9453125 0.3203125 0.880859375 0.015625 0.87109375
0 0.466796875 0.962890625 0.57421875 0.966796875 0.576171875 0.89453125 0.46875 0.892578125
0 0.59375 0.84765625 0.70703125 0.8515625 0.708984375 0.783203125 0.595703125 0.779296875
0 0.646484375 0.75 0.75390625 0.75390625 0.755859375 0.7109375 0.6484375 0.70703125
0 0.94921875 0.27734375 0.951171875 0.26171875 0.90234375 0.26171875 0.900390625 0.322265625 1 0.32421875 1 0.27734375
0 0.90234375 0.66796875 0.994140625 0.59765625 0.890625 0.4921875 0.845703125 0.53125 0.841796875 0.587890625
0 0.3046875 0.236328125 0.302734375 0.29296875 0.40625 0.296875 0.408203125 0.240234375
0 0.755859375 0.052734375 0.755859375 0 0.3828125 0 0.3828125 0.052734375 0.755859375 0.052734375
0 1 0.09765625 0.998046875 0.0546875 0.935546875 0.0546875 0.9375 0.09765625 1 0.09765625