0 0.861328125 0.931640625 0.861328125 0.9453125 0.853515625 0.9453125 0.853515625 0.962890625 0.861328125 0.962890625 0.861328125 0.986328125 1 0.986328125 1 0.931640625
0 0.603515625 0.982421875 0.802734375 0.982421875 0.802734375 0.93359375 0.603515625 0.93359375
0 0.60546875 0.794921875 0.796875 0.794921875 0.796875 0.744140625 0.60546875 0.744140625
0 0.861328125 0.7421875 0.861328125 0.755859375 0.853515625 0.755859375 0.853515625 0.7734375 0.861328125 0.7734375 0.861328125 0.796875 1 0.796875 1 0.7421875
0 0.375 0.806640625 0.375 0.81640625 0.416015625 0.81640625 0.416015625 0.806640625 0.470703125 0.806640625 0.470703125 0.81640625 0.509765625 0.81640625 0.509765625 0.806640625 0.533203125 0.806640625 0.533203125 0.759765625 0.4921875 0.759765625 0.4921875 0.748046875 0.47265625 0.748046875 0.47265625 0.759765625 0.41796875 0.759765625 0.41796875 0.748046875 0.3984375 0.748046875 0.3984375 0.759765625 0.361328125 0.759765625 0.361328125 0.806640625 0.369140625 0.806640625
0 0.369140625 0.759765625 0.369140625 0.724609375 0.2890625 0.724609375 0.2890625 0.822265625 0.3125 0.822265625 0.3125 1 0.369140625 1 0.369140625 0.806640625 0.361328125 0.806640625 0.361328125 0.759765625
0 0.6875 0.359375 0.6875 0.37109375 0.568359375 0.37109375 0.568359375 0.359375 0.533203125 0.359375 0.533203125 0.439453125 0.716796875 0.439453125 0.716796875 0.359375
0 0.634765625 0.671875 0.7265625 0.671875 0.7265625 0.6015625 0.634765625 0.6015625
0 0.42578125 0.595703125 0.443359375 0.595703125 0.443359375 0.611328125 0.525390625 0.611328125 0.525390625 0.37890625 0.443359375 0.37890625 0.443359375 0.4140625 0.42578125 0.4140625 0.42578125 0.5703125
0 0.42578125 0.46484375 0.376953125 0.46484375 0.376953125 0.5703125 0.42578125 0.5703125
0 0.314453125 0.67578125 0.3515625 0.67578125 0.3515625 0.640625 0.314453125 0.640625
0 0.318359375 0.37109375 0.275390625 0.37109375 0.275390625 0.443359375 0.318359375 0.443359375
0 0.421875 0.37109375 0.421875 0.33203125 0.3046875 0.33203125 0.3046875 0.37109375 0.318359375 0.37109375
0 0.171875 0.57421875 0.22265625 0.57421875 0.22265625 0.4375 0.171875 0.4375
0 0.20703125 0.40625 0.20703125 0.32421875 0.171875 0.32421875 0.171875 0.40625
0 0.51953125 0.142578125 0.51953125 0.041015625 0.349609375 0.041015625 0.349609375 0.142578125 0.51171875 0.142578125
0 0.8984375 0.451171875 0.8984375 0.462890625 0.853515625 0.462890625 0.853515625 0.451171875 0.796875 0.451171875 0.796875 0.462890625 0.7890625 0.462890625 0.7890625 0.490234375 0.796875 0.490234375 0.796875 0.5078125 0.8125 0.5078125 0.8125 0.517578125 0.8515625 0.517578125 0.8515625 0.5078125 0.900390625 0.5078125 0.900390625 0.517578125 0.94140625 0.517578125 0.94140625 0.5078125 0.95703125 0.5078125 0.95703125 0.5 0.96484375 0.5 0.96484375 0.470703125 0.95703125 0.470703125 0.95703125 0.451171875
0 1 0.421875 1 0.38671875 0.93359375 0.38671875 0.93359375 0.421875
0 0.84765625 0.3828125 0.84765625 0.4140625 0.92578125 0.4140625 0.92578125 0.3828125
0 0.501953125 0 0.349609375 0 0.349609375 0.041015625 0.501953125 0.041015625
0 0.349609375 0.142578125 0.349609375 0.29296875 0.51171875 0.29296875 0.51171875 0.142578125