0 0 0.05832741477272728 0.16796875 0 0.21484375 0.140625 0 0.2281161221590909
0 0.2202690972222222 0.9483506944444444 0.2886284722222222 0.9249131944444444 0.3081597222222222 0.9678819444444444 0.2417534722222222 0.9893663194444444
0 0.2894965277777778 0.9220920138888888 0.41536458333333337 0.868923611111111 0.44466145833333337 0.9134114583333333 0.30685763888888895 0.96875
0 0 0.81640625 0.020089285714285726 0.8046875 0.0546875 0.8091517857142857 0.0904017857142857 0.8962053571428572 0.0011160714285714246 0.9341517857142857
0 0.2780539772727273 0 0.3791725852272727 0 0.4026100852272727 0.05078125 0.3108132102272727 0.07421875
0 0.2706473214285714 0.2912946428571429 0.4352678571428571 0.23660714285714285 0.4587053571428571 0.29910714285714285 0.2979910714285714 0.3498883928571429
0 0.18638392857142855 0.3549107142857143 0.28962053571428575 0.318359375 0.33649553571428575 0.4609375 0.24079241071428575 0.5058593749999998
0 0 0.6116071428571429 0.06831498579545459 0.5843268060064936 0.0859375 0.6322671469155845 0 0.6786538656655845
0 0.08371803977272729 0.5795010653409092 0.2625177556818182 0.5188654119318182 0.28138316761363635 0.5787908380681819 0.09494850852272729 0.6364968039772727
0 0 0.3716517857142857 0.1060267857142857 0.33258928571428575 0.125 0.4017857142857143 0.0234375 0.43973214285714285
0 0 0.45479910714285715 0.18191964285714285 0.37946428571428575 0.2310267857142857 0.4933035714285714 0 0.5881696428571429
0 0.298983134920635 0.3532676091269841 0.39583333333333337 0.3133680555555556 0.4175347222222222 0.3784722222222222 0.32096354166666663 0.4077690972222222
0 0.333984375 0.40206473214285715 0.474609375 0.35518973214285715 0.5 0.42745535714285715 0.359375 0.47042410714285715
0 0.066041216988319 0.7061300747524124 0.5458275139664805 0.5316428072625698 0.5643767458100559 0.6080219972067038 0.09519029329608941 0.7858763966480447
0 0 0.998046875 0.1640625 0.9397321428571429 0.189453125 1
0 0.4408428485576923 0.8018892728365384 0.5733736478365385 0.7714843749999999 0.6624474158653847 0.998046875 0.5089205228365385 0.998046875
0 0.76171875 0.99609375 0.7421875 0.9375 0.708984375 0.94921875 0.728515625 1 0.76171875 0.99609375
0 0.89453125 0.068359375 0.87109375 0.015625 0.83203125 0.03125 0.85546875 0.083984375 0.89453125 0.068359375
0 0.6328125 0.7578125 0.61328125 0.724609375 0.564453125 0.75390625 0.583984375 0.787109375 0.6328125 0.7578125