0 0.009765625 0.03515625 0 0.056640625 0 0.095703125 0.05859375 0.12109375 0.08203125 0.064453125
0 0.12109375 0.078125 0.130859375 0.056640625 0.091796875 0.041015625 0.060546875 0.115234375 0.21484375 0.181640625 0.21875 0.169921875 0.24609375 0.1796875 0.263671875 0.138671875
0 0.591796875 0.708984375 0.294921875 0.716796875 0.296875 0.7890625 0.59375 0.78125
0 0.623046875 0.796875 0.619140625 0.70703125 0.591796875 0.708984375 0.59375 0.78125 0.296875 0.7890625 0.298828125 0.8046875 0.59375 0.796875
0 0.67578125 0.80859375 0.978515625 0.80078125 0.9765625 0.73828125 0.673828125 0.74609375
0 0.673828125 0.74609375 0.9765625 0.73828125 0.9765625 0.712890625 0.66015625 0.72265625 0.6640625 0.80859375 0.67578125 0.80859375
0 0.265625 0.759765625 0.203125 0.76171875 0.140625 1 0.271484375 1
0 0.630859375 0.25 0.751953125 0.318359375 0.78515625 0.26171875 0.72265625 0.2265625 0.708984375 0.25 0.650390625 0.216796875
0 0 0.380859375 0 0.4296875 0.021484375 0.4375 0.03515625 0.39453125
0 0.005859375 0.2734375 0 0.291015625 0 0.31640625 0.0546875 0.333984375 0.068359375 0.29296875
0 0.07421875 0.275390625 0.021484375 0.4375 0.0703125 0.453125 0.123046875 0.291015625
0 0.025390625 0.49609375 0.037109375 0.455078125 0 0.4453125 0 0.48828125
0 0.66015625 0.44140625 0.6015625 0.4453125 0.603515625 0.490234375 0.435546875 0.49609375 0.408203125 0.486328125 0.388671875 0.546875 0.42578125 0.55859375 0.60546875 0.5546875 0.611328125 0.669921875 0.669921875 0.66796875 0.6640625 0.552734375 0.85546875 0.546875 0.859375 0.6328125 0.9140625 0.62890625 0.91015625 0.546875 1 0.54296875 1 0.48046875 0.90625 0.482421875 0.900390625 0.3515625 0.9140625 0.33984375 0.880859375 0.296875 0.830078125 0.3359375 0.55859375 0.349609375 0.47265625 0.30859375 0.44921875 0.35546875 0.5390625 0.3984375 0.59765625 0.396484375 0.6015625 0.443359375
0 0.970703125 0.05078125 0.97265625 0 0.888671875 0 0.88671875 0.046875 0.970703125 0.05078125