0 0.513671875 0 0.34375 0 0.228515625 0.205078125 0.357421875 0.27734375 0.404296875 0.1953125
0 0.509765625 0.326171875 0.541015625 0.271484375 0.404296875 0.1953125 0.373046875 0.248046875
0 0.771484375 0 0.7109375 0 0.544921875 0.294921875 0.591796875 0.322265625 0.689453125 0.1484375 0.69140625 0.1484375 0.775390625 0.001953125
0 0.376953125 0.634765625 0.341796875 0.6953125 0.408203125 0.732421875 0.44140625 0.673828125 0.431640625 0.66796875
0 0.341796875 0.6953125 0.30859375 0.755859375 0.36328125 0.787109375 0.3984375 0.7265625
0 0.498046875 0.419921875 0.376953125 0.634765625 0.431640625 0.66796875 0.552734375 0.451171875
0 0.16015625 0.318359375 0.1875 0.271484375 0 0.1640625 0 0.2265625
0 0.26171875 0.49609375 0.267578125 0.484375 0.140625 0.412109375 0.115234375 0.458984375 0.2421875 0.53125 0.232421875 0.546875 0.337890625 0.60546875 0.3671875 0.556640625
0 0 0.3359375 0 0.400390625 0.08984375 0.451171875 0.1171875 0.40234375
0 0 0.5234375 0 0.58203125 0.005859375 0.5859375 0.03125 0.54296875
0 0.19140625 0.349609375 0.419921875 0.478515625 0.453125 0.421875 0.224609375 0.29296875
0 0 0.74609375 0 0.8125 0.029296875 0.830078125 0.05859375 0.779296875
0 0.1796875 0.87109375 0.15234375 0.919921875 0.177734375 0.93359375 0.169921875 0.947265625 0.205078125 0.966796875 0.212890625 0.953125 0.232421875 0.96484375 0.259765625 0.916015625 0.181640625 0.87109375
0 0.76953125 0.892578125 0.880859375 0.955078125 0.916015625 0.896484375 0.802734375 0.83203125
0 0.6640625 0.60546875 0.818359375 0.693359375 0.84765625 0.642578125 0.69140625 0.5546875
0 0.84765625 0.73046875 0.96875 0.798828125 1 0.7421875 0.87890625 0.67578125
0 0.611328125 0.82421875 0.681640625 0.697265625 0.62109375 0.6640625 0.5234375 0.8359375 0.67578125 0.921875 0.701171875 0.875
0 0.728515625 0.8203125 0.748046875 0.83203125 0.80078125 0.740234375 0.78125 0.728515625
0 0.537109375 0.98046875 0.474609375 0.9453125 0.443359375 1 0.525390625 1
0 0.908203125 0.279296875 0.873046875 0.341796875 0.9765625 0.3984375 1 0.357421875 1 0.330078125 0.951171875 0.302734375
0 0.955078125 0.53515625 1 0.55859375 1 0.474609375 0.9921875 0.470703125 0.962890625 0.51953125
0 0.900390625 0.25390625 0.794921875 0.439453125 0.85546875 0.47265625 0.859375 0.466796875 0.8984375 0.48828125 0.90234375 0.484375 0.962890625 0.51953125 1 0.455078125 1 0.44140625 0.904296875 0.38671875 0.916015625 0.365234375 0.873046875 0.341796875 0.908203125 0.279296875 0.951171875 0.302734375 0.9609375 0.287109375
0 0.15234375 0.681640625 0.2578125 0.7421875 0.283203125 0.69921875 0.177734375 0.638671875 0.16796875 0.654296875
0 0.197265625 0.6015625 0.0703125 0.529296875 0.041015625 0.58203125 0.16796875 0.654296875 0.177734375 0.638671875
0 0.298828125 0.85546875 0.216796875 0.810546875 0.181640625 0.87109375 0.259765625 0.916015625 0.232421875 0.96484375 0.212890625 0.953125 0.205078125 0.966796875 0.169921875 0.947265625 0.177734375 0.93359375 0.154296875 0.919921875 0.107421875 1 0.216796875 1
0 0.703125 0.26953125 0.748046875 0.193359375 0.69140625 0.16015625 0.646484375 0.23828125 0.703125 0.26953125