0 0.080078125 0.591796875 0.080078125 0.552734375 0 0.552734375 0 0.634765625 0.0625 0.634765625 0.0625 0.591796875
0 0.080078125 0.82421875 0.080078125 0.78125 0 0.78125 0 0.875 0.06640625 0.875 0.06640625 0.82421875
0 0.1171875 0.861328125 0.287109375 0.861328125 0.287109375 0.787109375 0.1171875 0.787109375
0 0.162109375 0.771484375 0.177734375 0.771484375 0.177734375 0.740234375 0.162109375 0.740234375
0 0.291015625 0.685546875 0.291015625 0.576171875 0.125 0.576171875 0.125 0.685546875 0.1640625 0.685546875
0 0.56640625 0.751953125 0.388671875 0.751953125 0.388671875 0.861328125 0.56640625 0.861328125
0 0.490234375 0.62890625 0.490234375 0.751953125 0.56640625 0.751953125 0.56640625 0.66796875 0.537109375 0.66796875 0.537109375 0.62890625
0 0.0390625 0.26171875 0.03515625 0.251953125 0.005859375 0.263671875 0 0.263671875 0 0.3515625 0.044921875 0.3515625 0.044921875 0.3203125 0.021484375 0.3203125 0.01953125 0.3203125 0.01953125 0.302734375 0.044921875 0.294921875 0.033203125 0.263671875
0 0.140625 0.255859375 0.138671875 0.26953125 0.1484375 0.2734375 0.142578125 0.30078125 0.166015625 0.306640625 0.166015625 0.32421875 0.146484375 0.32421875 0.146484375 0.361328125 0.296875 0.361328125 0.296875 0.32421875 0.27734375 0.32421875 0.27734375 0.30859375 0.310546875 0.30078125 0.30078125 0.255859375 0.259765625 0.265625 0.224609375 0.267578125 0.173828125 0.263671875
0 0.509765625 0.201171875 0.509765625 0.2421875 0.49609375 0.234375 0.5 0.224609375 0.466796875 0.20703125 0.427734375 0.28125 0.4609375 0.298828125 0.46484375 0.29296875 0.47265625 0.296875 0.439453125 0.318359375 0.466796875 0.361328125 0.5234375 0.32421875 0.5546875 0.265625 0.5546875 0.203125
0 0.28515625 0.0546875 0.28515625 0.06640625 0.2734375 0.06640625 0.2734375 0.1015625 0.294921875 0.1015625 0.294921875 0.125 0.2734375 0.125 0.2734375 0.15234375 0.294921875 0.15234375 0.294921875 0.16015625 0.3671875 0.16015625 0.3671875 0.150390625 0.396484375 0.150390625 0.396484375 0.080078125 0.380859375 0.080078125 0.380859375 0.0625 0.3671875 0.0625 0.3671875 0.0546875
0 0.44140625 0.02734375 0.478515625 0.005859375 0.482421875 0.037109375 0.515625 0.03515625 0.51171875 0 0.423828125 0
0 0.7265625 0.720703125 0.7265625 0.654296875 0.68359375 0.654296875 0.68359375 0.720703125 0.7265625 0.720703125
0 0.18359375 0.171875 0.17578125 0.041015625 0 0.05078125 0 0.181640625 0.18359375 0.171875
0 0.720703125 0.775390625 0.720703125 0.720703125 0.689453125 0.720703125 0.6875 0.775390625 0.720703125 0.775390625
0 0.998046875 0.982421875 0.998046875 0.9453125 0.962890625 0.9453125 0.962890625 0.982421875 0.998046875 0.982421875