0 0.021484375 0.890625 0 0.896484375 0 0.955078125 0.037109375 0.9453125
0 0.171875 0.81640625 0.1796875 0.841796875 0.150390625 0.8515625 0.142578125 0.82421875 0.115234375 0.83203125 0.123046875 0.859375 0.095703125 0.8671875 0.109375 0.912109375 0.228515625 0.876953125 0.21484375 0.83203125 0.1953125 0.837890625 0.1875 0.810546875
0 0.025390625 0.611328125 0 0.6171875 0 0.625 0.017578125 0.6796875 0.04296875 0.671875 0.029296875 0.626953125
0 0.103515625 0.576171875 0.111328125 0.6015625 0.083984375 0.611328125 0.076171875 0.583984375 0.046875 0.59375 0.0546875 0.619140625 0.029296875 0.626953125 0.04296875 0.671875 0.162109375 0.63671875 0.1484375 0.591796875 0.12890625 0.59765625 0.119140625 0.5703125
0 0.087890625 0.33984375 0.09765625 0.373046875 0.060546875 0.384765625 0.05078125 0.3515625 0.01171875 0.36328125 0.017578125 0.38671875 0 0.390625 0 0.427734375 0.00390625 0.44140625 0.154296875 0.396484375 0.140625 0.349609375 0.123046875 0.35546875 0.115234375 0.33203125
0 0.892578125 0.2265625 0.716796875 0.27734375 0.73828125 0.345703125 0.9140625 0.294921875
0 0.986328125 0.197265625 0.927734375 0 0.544921875 0 0.634765625 0.302734375 0.716796875 0.27734375
0 0.962890625 0.533203125 0.6484375 0.626953125 0.658203125 0.66015625 0.6875 0.65234375 0.697265625 0.6875 0.984375 0.6015625
0 0.876953125 0.369140625 0.884765625 0.396484375 0.869140625 0.400390625 0.880859375 0.435546875 0.89453125 0.431640625 0.90234375 0.455078125 0.99609375 0.427734375 0.978515625 0.3671875 0.931640625 0.380859375 0.923828125 0.35546875
0 0.830078125 0.4453125 0.8671875 0.4375 0.8515625 0.3671875 0.814453125 0.376953125
0 0.255859375 0.19140625 0.236328125 0.125 0.091796875 0.16796875 0.111328125 0.234375 0.212890625 0.205078125
0 0.451171875 0.060546875 0.236328125 0.125 0.255859375 0.19140625 0.47265625 0.12890625
0 0.546875 0.955078125 0.5390625 0.921875 0.45703125 0.943359375 0.46484375 0.974609375
0 0.45703125 0.943359375 0.396484375 0.958984375 0.404296875 0.990234375 0.46484375 0.974609375
0 0.5390625 0.921875 0.533203125 0.900390625 0.419921875 0.927734375 0.42578125 0.951171875 0.45703125 0.943359375
0 0.458984375 0.875 0.5625 0.84375 0.556640625 0.82421875 0.453125 0.85546875
0 0.314453125 1 0.330078125 1 0.3359375 0.97265625 0.3203125 0.970703125
0 0.564453125 0.9296875 0.63671875 0.947265625 0.6484375 0.89453125 0.578125 0.876953125
0 0.564453125 1 0.59765625 1 0.609375 0.95703125 0.580078125 0.94921875
0 0.517578125 1 0.533203125 1 0.5390625 0.9765625 0.5234375 0.974609375
0 0.380859375 0.40625 0.365234375 0.337890625 0.32421875 0.34765625 0.341796875 0.416015625 0.380859375 0.40625
0 0.587890625 0.80078125 0.580078125 0.7734375 0.546875 0.783203125 0.5546875 0.810546875 0.587890625 0.80078125