0 0.515625 0.0234375 0.380859375 0.009765625 0.373046875 0.083984375 0.5078125 0.09765625 0.509765625 0.091796875
0 0.515625 0.0234375 0.509765625 0.091796875 0.5546875 0.095703125 0.560546875 0.02734375
0 0.375 0.10546875 0.3671875 0.166015625 0.455078125 0.177734375 0.46484375 0.1171875
0 0.46484375 0.103515625 0.462890625 0.1171875 0.46484375 0.1171875 0.455078125 0.177734375 0.544921875 0.189453125 0.5546875 0.115234375
0 0.625 0.125 0.5625 0.119140625 0.55859375 0.1484375 0.62109375 0.154296875
0 0.568359375 0.1484375 0.564453125 0.193359375 0.623046875 0.19921875 0.62890625 0.154296875 0.62109375 0.154296875
0 0.634765625 0.140625 0.62890625 0.1953125 0.703125 0.203125 0.708984375 0.1484375
0 0.724609375 0.19921875 0.73046875 0.150390625 0.708984375 0.1484375 0.705078125 0.197265625
0 0.755859375 0.189453125 0.802734375 0.181640625 0.798828125 0.140625 0.751953125 0.146484375
0 0.583984375 0.224609375 0.615234375 0.224609375 0.615234375 0.2109375 0.583984375 0.2109375
0 0.654296875 0.23046875 0.681640625 0.23046875 0.6796875 0.216796875 0.654296875 0.21875
0 0.474609375 0.361328125 0.5078125 0.34765625 0.482421875 0.28515625 0.44921875 0.298828125
0 0.5078125 0.3515625 0.560546875 0.357421875 0.5625 0.33203125 0.51171875 0.326171875
0 0.43359375 0.3046875 0.458984375 0.3671875 0.474609375 0.361328125 0.44921875 0.298828125
0 0.578125 0.359375 0.609375 0.359375 0.609375 0.33984375 0.578125 0.33984375
0 0.59375 0.421875 0.62890625 0.41796875 0.623046875 0.36328125 0.587890625 0.3671875
0 0.5703125 0.47265625 0.580078125 0.53515625 0.59765625 0.533203125 0.59765625 0.537109375 0.634765625 0.533203125 0.625 0.46484375
0 0.544921875 0.572265625 0.5234375 0.580078125 0.509765625 0.611328125 0.556640625 0.630859375 0.576171875 0.583984375
0 0.716796875 0.41015625 0.80859375 0.4296875 0.8125 0.408203125 0.720703125 0.388671875
0 0.787109375 0.390625 0.82421875 0.3984375 0.83203125 0.359375 0.79296875 0.353515625
0 0.849609375 0.349609375 0.83984375 0.390625 0.85546875 0.39453125 0.853515625 0.404296875 0.875 0.41015625 0.888671875 0.359375
0 0.87890625 0.416015625 0.83203125 0.400390625 0.81640625 0.4453125 0.86328125 0.4609375 0.876953125 0.421875
0 0.869140625 0.447265625 0.90625 0.4609375 0.916015625 0.435546875 0.876953125 0.421875
0 0.697265625 0.482421875 0.7421875 0.490234375 0.75 0.44921875 0.705078125 0.44140625
0 0.7578125 0.455078125 0.75 0.4921875 0.78515625 0.5 0.7890625 0.462890625
0 0.916015625 0.458984375 0.90234375 0.50390625 0.9296875 0.513671875 0.931640625 0.50390625 0.94921875 0.5078125 0.9609375 0.474609375
0 0.830078125 0.478515625 0.818359375 0.517578125 0.841796875 0.5234375 0.845703125 0.515625 0.853515625 0.486328125
0 0.857421875 0.51953125 0.88671875 0.52734375 0.896484375 0.498046875 0.853515625 0.486328125 0.845703125 0.513671875
0 0.859375 0.61328125 0.892578125 0.64453125 0.91015625 0.625 0.876953125 0.59375
0 0.6796875 0.021484375 0.71484375 0.02734375 0.716796875 0 0.681640625 0
0 0.681640625 0 0.650390625 0 0.650390625 0.017578125 0.6796875 0.021484375
0 0.609375 0.001953125 0.634765625 0.005859375 0.64453125 0.005859375 0.64453125 0 0.609375 0
0 0.71484375 0.0390625 0.740234375 0.04296875 0.744140625 0 0.716796875 0 0.71484375 0.02734375
0 0.75 0.087890625 0.791015625 0.09765625 0.80859375 0.017578125 0.765625 0.009765625
0 0.69921875 0.115234375 0.736328125 0.12109375 0.74609375 0.052734375 0.708984375 0.046875
0 0.857421875 0.51953125 0.837890625 0.576171875 0.876953125 0.587890625 0.892578125 0.529296875
0 0.435546875 0.75 0.400390625 0.712890625 0.373046875 0.73828125 0.408203125 0.775390625 0.435546875 0.75
0 0.38671875 0.85546875 0.4296875 0.80859375 0.396484375 0.77734375 0.3515625 0.82421875 0.38671875 0.85546875
0 0.369140625 0.294921875 0.375 0.255859375 0.31640625 0.248046875 0.310546875 0.287109375 0.369140625 0.294921875
0 0.654296875 0.6328125 0.66796875 0.599609375 0.619140625 0.580078125 0.60546875 0.615234375 0.654296875 0.6328125
0 0.767578125 0.34765625 0.78125 0.2890625 0.736328125 0.27734375 0.72265625 0.3359375 0.767578125 0.34765625
0 0.4609375 0.673828125 0.435546875 0.64453125 0.40234375 0.673828125 0.427734375 0.703125 0.4609375 0.673828125