0 0.30859375 0.994140625 0.646484375 0.89453125 0.62890625 0.837890625 0.291015625 0.9375
0 0.71875 0.951171875 0.72265625 0.96484375 0.7109375 0.96875 0.70703125 0.955078125 0.6640625 0.966796875 0.66796875 0.978515625 0.654296875 0.982421875 0.650390625 0.97265625 0.60546875 0.984375 0.609375 0.99609375 0.595703125 1 0.7890625 1 0.771484375 0.943359375 0.748046875 0.951171875 0.74609375 0.943359375
0 0.2265625 0.92578125 0.28125 0.91015625 0.240234375 0.771484375 0.185546875 0.787109375
0 0.337890625 0.673828125 0.22265625 0.70703125 0.23828125 0.75390625 0.265625 0.74609375 0.2734375 0.771484375 0.296875 0.763671875 0.30078125 0.783203125 0.365234375 0.763671875 0.3515625 0.720703125
0 0.123046875 0.49609375 0.427734375 0.40625 0.41015625 0.345703125 0.10546875 0.435546875
0 0.453125 0 0.439453125 0 0.064453125 0.111328125 0.08203125 0.16796875 0.470703125 0.052734375
0 0.419921875 0.234375 0.84375 0.109375 0.826171875 0.048828125 0.40234375 0.173828125
0 0.47265625 0.587890625 0.455078125 0.529296875 0.150390625 0.619140625 0.16796875 0.677734375
0 0.734375 0.521484375 0.716796875 0.4609375 0.4921875 0.52734375 0.509765625 0.587890625
0 0.685546875 0.716796875 0.669921875 0.666015625 0.400390625 0.74609375 0.416015625 0.796875
0 0.505859375 0.041015625 0.642578125 0 0.494140625 0
0 0.46484375 0.400390625 0.78125 0.306640625 0.765625 0.25390625 0.44921875 0.34765625
0 0.0859375 0.326171875 0.375 0.240234375 0.359375 0.185546875 0.0703125 0.271484375
0 0.490234375 0.51171875 0.615234375 0.47265625 0.59765625 0.412109375 0.470703125 0.44921875
0 0.33203125 0.498046875 0.1328125 0.556640625 0.142578125 0.58984375 0.341796875 0.53125
0 0.42578125 0.46484375 0.330078125 0.4921875 0.34375 0.5390625 0.439453125 0.51171875
0 0.0546875 0.203125 0.478515625 0.080078125 0.470703125 0.052734375 0.08203125 0.16796875 0.068359375 0.12109375 0.0625 0.123046875 0.044921875 0.169921875
0 0.513671875 0.068359375 0.7421875 0 0.642578125 0 0.505859375 0.041015625
0 1 0.455078125 1 0.392578125 0.84765625 0.353515625 0.83203125 0.412109375
0 1 0.65234375 1 0.59765625 0.798828125 0.546875 0.78515625 0.599609375
0 1 0.048828125 1 0 0.93359375 0 0.927734375 0.03125
0 1 0.22265625 1 0.1640625 0.896484375 0.138671875 0.8828125 0.193359375
0 0.736328125 0.78125 1 0.84765625 1 0.783203125 0.751953125 0.720703125
0 0.85546875 0.2734375 1 0.30859375 1 0.263671875 0.8671875 0.23046875
0 0.927734375 0.701171875 0.90234375 0.6953125 0.890625 0.740234375 1 0.767578125 1 0.701171875 0.93359375 0.685546875
0 0.90234375 0.943359375 0.916015625 1 1 1 1 0.9921875 0.994140625 0.994140625 0.990234375 0.974609375 0.974609375 0.978515625 0.9609375 0.927734375
0 0.998046875 0.13671875 1 0.099609375 0.94140625 0.08984375 0.935546875 0.126953125 0.998046875 0.13671875