0 0.255859375 0 0.197265625 0 0.21484375 0.046875 0.265625 0.029296875 0.2578125 0.00390625
0 0.271484375 0.044921875 0.400390625 0 0.267578125 0 0.2578125 0.00390625 0.265625 0.029296875
0 0.94921875 0 0.91796875 0 0.896484375 0.025390625 1 0.115234375 1 0.04296875
0 0.833984375 0.095703125 0.787109375 0.146484375 0.982421875 0.322265625 1 0.30078125 1 0.24609375 0.974609375 0.22265625
0 0.712890625 0.310546875 0.673828125 0.35546875 0.826171875 0.4921875 0.8671875 0.447265625 0.814453125 0.400390625
0 0.64453125 0.28515625 0.609375 0.326171875 0.66015625 0.37109375 0.6953125 0.330078125
0 0.91796875 0.388671875 0.865234375 0.341796875 0.814453125 0.400390625 0.8671875 0.447265625
0 0.029296875 0.087890625 0 0.12109375 0 0.18359375 0.060546875 0.115234375 0.044921875 0.1015625
0 0.146484375 0.203125 0.181640625 0.162109375 0.125 0.11328125 0.08984375 0.15234375 0.12890625 0.189453125 0 0.33203125 0 0.37890625 0.01953125 0.396484375 0.171875 0.2265625
0 0.26171875 0.322265625 0.294921875 0.283203125 0.236328125 0.23046875 0.201171875 0.271484375 0.248046875 0.310546875 0.193359375 0.375 0.22265625 0.400390625 0.27734375 0.333984375
0 0.46875 0.390625 0.376953125 0.3125 0.333984375 0.36328125 0.42578125 0.44140625
0 0.150390625 0.677734375 0.2421875 0.673828125 0.240234375 0.6171875 0.1484375 0.62109375
0 0.140625 0.68359375 0.138671875 0.619140625 0 0.623046875 0 0.6875
0 0.34765625 0.478515625 0.09375 0.48828125 0.095703125 0.544921875 0.349609375 0.53515625
0 0.0234375 0.548828125 0.0234375 0.494140625 0 0.4921875 0 0.548828125
0 0.080078125 0.806640625 0 0.806640625 0 0.859375 0.08203125 0.859375
0 0.37890625 0.40234375 0.294921875 0.48046875 0.34765625 0.478515625 0.349609375 0.53515625 0.42578125 0.44140625
0 0.865234375 0.998046875 0.994140625 0.84375 0.8828125 0.75 0.75390625 0.904296875
0 0.982421875 0.892578125 0.927734375 0.99609375 0.93359375 1 1 1 1 0.900390625
0 1 0.841796875 1 0.646484375 0.998046875 0.646484375 0.984375 0.6484375 0.970703125 0.65234375 0.95703125 0.658203125 0.9453125 0.666015625 0.8828125 0.75 0.994140625 0.84375
0 0.080078125 0.060546875 0.017578125 0.005859375 0 0.0234375 0 0.0625 0.044921875 0.1015625
0 0.544921875 0.263671875 0.779296875 0 0.703125 0 0.501953125 0.2265625
0 0.5078125 0.0078125 0.40234375 0.130859375 0.443359375 0.1640625 0.548828125 0.041015625
0 0.583984375 0 0.505859375 0 0.50390625 0.00390625 0.548828125 0.041015625