0 0.177734375 0.734375 0.181640625 0.6953125 0.126953125 0.69140625 0.123046875 0.728515625
0 0.126953125 0.689453125 0 0.6796875 0 0.7265625 0.123046875 0.73828125 0.123046875 0.728515625
0 0.173828125 0.103515625 0.234375 0.02734375 0.197265625 0 0.185546875 0 0.130859375 0.0703125
0 0.126953125 0 0.041015625 0 0.130859375 0.0703125 0.1640625 0.029296875
0 0.08203125 0.21875 0.142578125 0.142578125 0.099609375 0.109375 0.0390625 0.185546875
0 0 0.08984375 0 0.154296875 0.0390625 0.185546875 0.0703125 0.146484375
0 0.125 0.39453125 0.087890625 0.36328125 0.029296875 0.43359375 0.06640625 0.46484375 0.072265625 0.45703125 0.193359375 0.55859375 0.189453125 0.5625 0.328125 0.677734375 0.359375 0.640625 0.099609375 0.42578125
0 0.22265625 0.2734375 0.1875 0.2421875 0.119140625 0.31640625 0.15625 0.34765625 0.162109375 0.341796875 0.416015625 0.56640625 0.458984375 0.517578125 0.30078125 0.37890625 0.29296875 0.388671875 0.1953125 0.302734375
0 0.302734375 0.1796875 0.33203125 0.14453125 0.2890625 0.111328125 0.220703125 0.193359375 0.337890625 0.291015625 0.34375 0.283203125 0.52734375 0.435546875 0.560546875 0.39453125 0.376953125 0.2421875
0 0.357421875 0.025390625 0.322265625 0.072265625 0.474609375 0.19140625 0.47265625 0.193359375 0.626953125 0.314453125 0.6640625 0.265625
0 0.6484375 0.064453125 0.5703125 0 0.529296875 0 0.517578125 0.015625 0.62109375 0.09765625 0.64453125 0.0703125
0 0.671875 0.16015625 0.6328125 0.208984375 0.681640625 0.248046875 0.720703125 0.19921875
0 0.75390625 0.16015625 0.64453125 0.0703125 0.611328125 0.111328125 0.720703125 0.19921875
0 0.87890625 0.068359375 0.80078125 0.091796875 0.830078125 0.1875 0.908203125 0.1640625
0 0.62890625 0.419921875 0.7734375 0.384765625 0.7578125 0.322265625 0.615234375 0.357421875
0 0.4921875 0.55078125 0.63671875 0.5078125 0.6171875 0.439453125 0.47265625 0.482421875
0 0.70703125 0.64453125 0.78515625 0.623046875 0.759765625 0.53515625 0.68359375 0.556640625
0 0.521484375 0.7421875 0.7109375 0.689453125 0.685546875 0.599609375 0.49609375 0.65234375 0.50390625 0.685546875
0 0.478515625 0.591796875 0.40234375 0.61328125 0.427734375 0.70703125 0.50390625 0.685546875
0 0.921875 0.587890625 1 0.564453125 1 0.525390625 0.984375 0.470703125 0.89453125 0.49609375
0 0.923828125 0.595703125 0.943359375 0.64453125 1 0.625 1 0.568359375
0 0.759765625 0.298828125 0.779296875 0.365234375 0.833984375 0.349609375 0.849609375 0.400390625 0.958984375 0.369140625 0.923828125 0.25 0.845703125 0.2734375
0 0.9609375 0.236328125 1 0.22265625 1 0.158203125 0.943359375 0.17578125
0 0.8515625 0.052734375 0.8515625 0 0.7265625 0 0.7265625 0.052734375 0.8515625 0.052734375
0 0.041015625 0.3125 0.04296875 0.21484375 0 0.21484375 0 0.3125 0.041015625 0.3125