0 0.072265625 0.169921875 0.044921875 0.169921875 0.044921875 0.19921875 0.013671875 0.19921875 0.013671875 0.25390625 0.138671875 0.25390625 0.138671875 0.19921875 0.12109375 0.19921875 0.12109375 0.169921875 0.09765625 0.169921875 0.09765625 0.1875 0.072265625 0.1875
0 0.04296875 0.404296875 0.04296875 0.431640625 0.017578125 0.431640625 0.017578125 0.4921875 0.13671875 0.4921875 0.13671875 0.431640625 0.1171875 0.431640625 0.1171875 0.404296875 0.09375 0.404296875 0.09375 0.431640625 0.072265625 0.431640625 0.072265625 0.404296875
0 0.109375 0.01953125 0.109375 0 0 0 0 0.017578125
0 0.0703125 0.38671875 0.126953125 0.38671875 0.126953125 0.294921875 0.0703125 0.29296875
0 0.083984375 0.115234375 0.083984375 0.1875 0.09765625 0.1875 0.09765625 0.169921875 0.12109375 0.169921875 0.12109375 0.19921875 0.138671875 0.19921875 0.138671875 0.115234375
0 0.06640625 0.53125 0.064453125 0.560546875 0.05078125 0.560546875 0.05078125 0.744140625 0.123046875 0.744140625 0.123046875 0.53125
0 0.12109375 0.802734375 0.05078125 0.802734375 0.05078125 0.98046875 0.03125 0.98046875 0.03125 1 0.115234375 1 0.12109375 0.9921875
0 0.677734375 0.017578125 0.677734375 0.04296875 0.64453125 0.041015625 0.64453125 0.109375 0.783203125 0.109375 0.783203125 0.04296875 0.75 0.04296875 0.75 0.017578125
0 0.96484375 0.00390625 0.96484375 0.025390625 0.94140625 0.025390625 0.94140625 0.044921875 0.931640625 0.044921875 0.931640625 0.103515625 1 0.103515625 1 0.00390625
0 0.85546875 0.9609375 0.85546875 0.970703125 0.83984375 0.970703125 0.83984375 0.98828125 0.810546875 0.98828125 0.810546875 1 1 1 1 0.962890625 0.982421875 0.962890625 0.982421875 0.97265625 0.962890625 0.97265625 0.962890625 0.98828125 0.921875 0.98828125 0.921875 0.970703125 0.89453125 0.970703125 0.89453125 0.9609375
0 0.83984375 0.93359375 0.83984375 0.970703125 0.85546875 0.970703125 0.85546875 0.9609375 0.89453125 0.9609375 0.89453125 0.970703125 0.921875 0.970703125 0.921875 0.98828125 0.962890625 0.98828125 0.962890625 0.97265625 0.982421875 0.97265625 0.982421875 0.962890625 1 0.962890625 1 0.93359375
0 0.505859375 0.734375 0.458984375 0.734375 0.458984375 0.833984375 0.625 0.833984375 0.625 0.859375 0.755859375 0.859375 0.755859375 0.734375 0.625 0.734375 0.625 0.748046875 0.505859375 0.748046875
0 0.78515625 0.767578125 0.822265625 0.767578125 0.822265625 0.62890625 0.78515625 0.62890625
0 0.537109375 0.712890625 0.537109375 0.44921875 0.46875 0.44921875 0.466796875 0.712890625
0 0.59375 0.486328125 0.59375 0.498046875 0.576171875 0.498046875 0.576171875 0.513671875 0.55078125 0.513671875 0.55078125 0.576171875 0.80078125 0.578125 0.80078125 0.513671875 0.7734375 0.513671875 0.7734375 0.5 0.75 0.5 0.75 0.48828125 0.712890625 0.48828125 0.712890625 0.5 0.69140625 0.5 0.69140625 0.513671875 0.65234375 0.513671875 0.65234375 0.498046875 0.6328125 0.498046875 0.6328125 0.486328125
0 0.96875 0.47265625 0.96875 0.482421875 0.953125 0.482421875 0.953125 0.4921875 0.921875 0.4921875 0.921875 0.556640625 0.94921875 0.556640625 0.94921875 0.572265625 0.978515625 0.572265625 0.978515625 0.556640625 1 0.556640625 1 0.47265625
0 0.7890625 0.345703125 0.87890625 0.345703125 0.87890625 0.30859375 0.7890625 0.30859375
0 1 0.8515625 1 0.7109375 0.861328125 0.70703125 0.859375 0.84765625 1 0.8515625
0 0.0234375 0.830078125 0.0234375 0.7578125 0 0.7578125 0 0.828125 0.0234375 0.830078125