0 0.14453125 0.859375 0.10546875 0.9375 0.115234375 0.94140625 0.09375 0.982421875 0.126953125 1 0.173828125 1 0.18359375 0.982421875 0.193359375 0.98828125 0.208984375 0.9609375 0.21875 0.966796875 0.24609375 0.912109375
0 0.0546875 0.861328125 0.0625 0.845703125 0 0.810546875 0 0.8828125 0.048828125 0.91015625 0.0703125 0.869140625
0 0.314453125 0.56640625 0.34375 0.51171875 0 0.3203125 0 0.390625
0 0 0.51953125 0 0.583984375 0.326171875 0.771484375 0.353515625 0.72265625 0.31640625 0.701171875
0 0.361328125 0.728515625 0.439453125 0.59375 0.392578125 0.568359375 0.31640625 0.701171875 0.353515625 0.72265625
0 0.212890625 0.154296875 0.240234375 0.103515625 0.08203125 0.015625 0.0546875 0.06640625
0 0.080078125 0.01953125 0.046875 0 0.033203125 0 0 0.05859375 0 0.162109375
0 0 0.16015625 0 0.216796875 0.189453125 0.32421875 0.216796875 0.27734375 0.001953125 0.158203125
0 0.51953125 0.349609375 0.470703125 0.431640625 0.515625 0.458984375 0.564453125 0.376953125
0 0.59375 0.328125 0.3984375 0.2109375 0.369140625 0.2578125 0.564453125 0.376953125
0 0.263671875 0.306640625 0.234375 0.353515625 0.486328125 0.505859375 0.515625 0.458984375
0 0.662109375 0 0.55859375 0 0.673828125 0.068359375 0.623046875 0.154296875 0.47265625 0.06640625 0.4375 0.123046875 0.630859375 0.236328125 0.7421875 0.046875
0 0.828125 0.15234375 1 0.25390625 1 0.19921875 0.853515625 0.111328125
0 0.84375 0.27734375 0.880859375 0.21875 0.8203125 0.1796875 0.783203125 0.240234375 0.806640625 0.255859375 0.779296875 0.30078125 0.9296875 0.396484375 0.958984375 0.3515625
0 0.740234375 0.408203125 0.779296875 0.34765625 0.736328125 0.3203125 0.697265625 0.3828125 0.716796875 0.39453125 0.693359375 0.43359375 0.85546875 0.537109375 0.880859375 0.498046875
0 0.55859375 0.75 0.501953125 0.71875 0.462890625 0.78515625 0.521484375 0.818359375
0 0.484375 0.796875 0.458984375 0.841796875 0.609375 0.927734375 0.634765625 0.8828125
0 0.6484375 0.541015625 0.6875 0.478515625 0.65234375 0.45703125 0.61328125 0.51953125 0.634765625 0.533203125 0.607421875 0.578125 0.76953125 0.6796875 0.798828125 0.634765625
0 0.59375 0.5703125 0.55078125 0.640625 0.568359375 0.65234375 0.537109375 0.703125 0.703125 0.8046875 0.734375 0.755859375 0.60546875 0.67578125 0.6484375 0.60546875 0.607421875 0.578125
0 0.9140625 0.931640625 0.873046875 0.91015625 0.82421875 1 0.876953125 1
0 0.708984375 0.904296875 0.68359375 0.953125 0.76953125 1 0.82421875 1 0.837890625 0.974609375
0 0.75 0.83203125 0.91015625 0.9296875 0.939453125 0.87890625 0.779296875 0.783203125
0 0.96484375 0.900390625 0.939453125 0.947265625 1 0.978515625 1 0.91796875
0 0.84375 0.654296875 0.818359375 0.69921875 0.978515625 0.794921875 1 0.755859375 1 0.74609375
0 0.998046875 0.65234375 0.95703125 0.720703125 1 0.74609375 1 0.65234375
0 0.923828125 0.513671875 0.896484375 0.560546875 1 0.619140625 1 0.556640625
0 0.935546875 0 0.91796875 0 0.89453125 0.0390625 1 0.1015625 1 0.03515625
0 0.998046875 0.46875 1 0.3828125 0.962890625 0.3828125 0.962890625 0.46875 0.998046875 0.46875
0 0.302734375 0.029296875 0.302734375 0 0.18359375 0 0.18359375 0.029296875 0.302734375 0.029296875
0 0.806640625 0.615234375 0.8359375 0.56640625 0.7734375 0.53125 0.74609375 0.58203125 0.806640625 0.615234375