0 0.345703125 0.09765625 0.400390625 0 0.17578125 0
0 0.12109375 0.966796875 0.099609375 1 0.166015625 1 0.169921875 0.994140625
0 0.048828125 0.154296875 0.06640625 0.1640625 0.060546875 0.173828125 0.125 0.2109375 0.130859375 0.19921875 0.162109375 0.21875 0.154296875 0.228515625 0.220703125 0.265625 0.2265625 0.255859375 0.25 0.26953125 0.2734375 0.2265625 0.07421875 0.111328125
0 0.537109375 0.369140625 0.326171875 0.248046875 0.30078125 0.291015625 0.328125 0.3046875 0.322265625 0.314453125 0.384765625 0.349609375 0.388671875 0.33984375 0.43359375 0.365234375 0.427734375 0.375 0.494140625 0.4140625 0.5 0.404296875 0.51171875 0.412109375
0 0.0078125 0.1484375 0.04296875 0.0859375 0 0.060546875 0 0.142578125
0 0.15625 0.40234375 0.181640625 0.357421875 0 0.251953125 0 0.310546875
0 0.23828125 0.3828125 0.208984375 0.43359375 0.419921875 0.5546875 0.44921875 0.50390625 0.384765625 0.466796875
0 0.021484375 0.517578125 0.046875 0.470703125 0 0.443359375 0 0.50390625
0 0.166015625 0.529296875 0.138671875 0.576171875 0.3515625 0.697265625 0.37890625 0.65234375 0.32421875 0.62109375
0 0.5 0.404296875 0.494140625 0.4140625 0.435546875 0.37890625 0.384765625 0.466796875 0.45703125 0.5078125 0.51171875 0.412109375
0 0.005859375 0.70703125 0.03515625 0.65625 0 0.634765625 0 0.703125
0 0.080078125 0.671875 0.052734375 0.720703125 0.267578125 0.84375 0.294921875 0.794921875 0.2421875 0.763671875
0 0.3359375 0.6015625 0.32421875 0.62109375 0.37890625 0.65234375 0.3515625 0.697265625 0.296875 0.66796875 0.2421875 0.763671875 0.294921875 0.794921875 0.267578125 0.84375 0.212890625 0.8125 0.201171875 0.8359375 0.259765625 0.869140625 0.39453125 0.634765625
0 0.025390625 0.5390625 0.080078125 0.572265625 0.146484375 0.458984375 0.08984375 0.42578125
0 0.408203125 0.8828125 0.380859375 0.931640625 0.390625 0.9375 0.3828125 0.947265625 0.4453125 0.984375 0.451171875 0.97265625 0.46484375 0.98046875 0.494140625 0.931640625
0 0.66015625 0.435546875 0.63671875 0.4765625 0.654296875 0.48828125 0.6484375 0.5 0.6953125 0.52734375 0.703125 0.515625 0.724609375 0.52734375 0.75 0.486328125
0 0.6484375 0.5 0.654296875 0.48828125 0.63671875 0.4765625 0.53515625 0.65234375 0.615234375 0.697265625 0.646484375 0.642578125 0.625 0.630859375 0.6875 0.521484375
0 0.533203125 0.650390625 0.50390625 0.69921875 0.5234375 0.708984375 0.517578125 0.720703125 0.5703125 0.751953125 0.576171875 0.740234375 0.587890625 0.74609375 0.615234375 0.697265625 0.53515625 0.65234375
0 0.556640625 0.765625 0.494140625 0.73046875 0.408203125 0.8828125 0.494140625 0.931640625 0.486328125 0.890625
0 0.572265625 0.849609375 0.837890625 1 0.84765625 1 0.875 0.951171875 0.603515625 0.794921875
0 0.673828125 0.703125 0.943359375 0.857421875 0.97265625 0.806640625 0.703125 0.65234375
0 0.541015625 0.953125 0.51171875 1 0.62109375 1
0 0.498046875 0.984375 0.517578125 0.994140625 0.541015625 0.953125 0.62109375 1 0.650390625 1 0.529296875 0.9296875
0 0.8046875 0.515625 0.775390625 0.56640625 0.994140625 0.693359375 1 0.68359375 1 0.62890625
0 0.771484375 0.5 0.74609375 0.54296875 0.77734375 0.5625 0.802734375 0.517578125
0 0.994140625 0.29296875 0.990234375 0.302734375 0.958984375 0.28515625 0.92578125 0.34375 1 0.38671875 1 0.294921875
0 0.943359375 0.353515625 0.916015625 0.40234375 0.974609375 0.435546875 1 0.390625 1 0.38671875
0 0.431640625 0.064453125 0.46875 0 0.400390625 0 0.34765625 0.095703125 0.546875 0.208984375 0.580078125 0.150390625
0 0.607421875 0.1171875 0.568359375 0.1875 0.626953125 0.220703125 0.666015625 0.15234375
0 0.53515625 0.076171875 0.513671875 0.111328125 0.5859375 0.154296875 0.607421875 0.1171875
0 0.818359375 0.224609375 0.947265625 0 0.875 0 0.748046875 0.22265625 0.81640625 0.26171875 0.833984375 0.232421875
0 0.865234375 0.232421875 0.9296875 0.271484375 1 0.1484375 1 0.01171875 0.994140625 0.009765625
0 0.849609375 0.337890625 0.876953125 0.291015625 0.845703125 0.271484375 0.818359375 0.3203125
0 0.74609375 0.255859375 0.71484375 0.310546875 0.796875 0.357421875 0.828125 0.302734375