0 0.044921875 0.595703125 0.01953125 0.55859375 0 0.564453125 0 0.802734375 0.060546875 0.798828125
0 0.974609375 0.4609375 0.96875 0.568359375 1 0.568359375 1 0.4609375
0 0.892578125 0.28515625 0.91015625 0.33984375 1 0.3125 1 0.251953125
0 0.8515625 0.322265625 0.681640625 0.380859375 0.69140625 0.408203125 0.861328125 0.3515625
0 0.869140625 0.349609375 0.69140625 0.408203125 0.7109375 0.46484375 0.88671875 0.404296875
0 0.26171875 0.521484375 0.076171875 0.578125 0.08203125 0.599609375 0.267578125 0.54296875
0 0.267578125 0.54296875 0.08203125 0.599609375 0.1015625 0.66015625 0.287109375 0.603515625
0 0.64453125 0.40234375 0.283203125 0.51171875 0.291015625 0.537109375 0.650390625 0.42578125
0 0.650390625 0.42578125 0.291015625 0.537109375 0.30859375 0.59375 0.669921875 0.484375
0 0.142578125 0.796875 0.41796875 0.71875 0.40234375 0.6640625 0.126953125 0.7421875
0 0.763671875 0.73828125 0.83203125 0.7421875 0.8359375 0.69140625 0.767578125 0.685546875
0 0.4765625 0.673828125 0.705078125 0.677734375 0.705078125 0.619140625 0.478515625 0.615234375
0 0.908203125 0.94921875 0.908203125 0.962890625 0.88671875 0.962890625 0.88671875 0.9921875 0.8984375 0.9921875 0.8984375 1 0.982421875 1 0.982421875 0.9921875 0.99609375 0.9921875 0.99609375 0.962890625 0.96875 0.962890625 0.96875 0.94921875
0 0.083984375 0.8359375 0.0859375 0.861328125 0.029296875 0.865234375 0.02734375 0.83984375 0 0.83984375 0 0.869140625 0 0.9375 0.125 0.9296875 0.119140625 0.859375 0.111328125 0.859375 0.109375 0.833984375
0 0.419921875 0.91796875 0.416015625 0.978515625 0.513671875 0.986328125 0.517578125 0.923828125
0 0.236328125 0.90625 0.232421875 0.966796875 0.35546875 0.974609375 0.359375 0.9140625
0 0.728515625 0.9375 0.728515625 0.951171875 0.69921875 0.951171875 0.69921875 0.9765625 0.71484375 0.9765625 0.71484375 0.99609375 0.791015625 0.998046875 0.791015625 0.978515625 0.810546875 0.978515625 0.810546875 0.951171875 0.77734375 0.951171875 0.77734375 0.9375
0 0.578125 0.9296875 0.578125 0.94140625 0.55078125 0.94140625 0.55078125 0.966796875 0.560546875 0.966796875 0.560546875 0.9921875 0.640625 0.9921875 0.640625 0.96875 0.654296875 0.96875 0.654296875 0.94140625 0.626953125 0.94140625 0.626953125 0.9296875
0 0.986328125 0.705078125 0.984375 0.755859375 1 0.755859375 1 0.705078125
0 0.0859375 1 0.0859375 0.970703125 0.0078125 0.970703125 0.0078125 1 0.0859375 1
0 0.87890625 0.6953125 0.8828125 0.630859375 0.8515625 0.62890625 0.84765625 0.693359375 0.87890625 0.6953125
0 0.826171875 0.125 0.81640625 0.091796875 0.76953125 0.10546875 0.78125 0.140625 0.826171875 0.125