0 0.064453125 0.044921875 0.21484375 0.03515625 0.212890625 0 0.060546875 0
0 0.21875 0.125 0.06640625 0.11328125 0.0625 0.169921875 0.162109375 0.177734375 0.158203125 0.236328125 0.130859375 0.234375 0.126953125 0.291015625 0.205078125 0.296875 0.212890625 0.181640625
0 0.13671875 0.3671875 0.07421875 0.33203125 0.08984375 0.302734375 0.025390625 0.267578125 0 0.3125 0 0.392578125 0.1171875 0.455078125 0.185546875 0.458984375 0.189453125 0.369140625
0 0.55078125 0.3203125 0.548828125 0.337890625 0.49609375 0.333984375 0.4921875 0.392578125 0.65234375 0.404296875 0.65625 0.345703125 0.6328125 0.34375 0.634765625 0.326171875 0.607421875 0.32421875 0.60546875 0.341796875 0.572265625 0.33984375 0.57421875 0.322265625
0 0.564453125 0.04296875 0.564453125 0.0625 0.5234375 0.060546875 0.51953125 0.115234375 0.67578125 0.126953125 0.6796875 0.072265625 0.654296875 0.0703125 0.65625 0.048828125 0.6328125 0.046875 0.630859375 0.076171875 0.595703125 0.07421875 0.59765625 0.044921875
0 0.52734375 0.15234375 0.517578125 0.287109375 0.5859375 0.29296875 0.59375 0.193359375 0.6484375 0.197265625 0.650390625 0.162109375
0 0.740234375 0.25 0.9453125 0.265625 0.94921875 0.2109375 0.744140625 0.1953125
0 0.74609375 0.078125 0.94921875 0.09375 0.953125 0.04296875 0.75 0.02734375
0 0.73046875 0.41796875 0.931640625 0.431640625 0.935546875 0.3828125 0.734375 0.3671875
0 0.546875 0.5703125 0.6953125 0.580078125 0.69921875 0.52734375 0.55078125 0.515625
0 0.724609375 0.587890625 0.931640625 0.603515625 0.935546875 0.548828125 0.728515625 0.53515625
0 0.826171875 0.70703125 0.826171875 0.69921875 0.845703125 0.69921875 0.849609375 0.63671875 0.552734375 0.615234375 0.548828125 0.646484375 0.76953125 0.703125
0 0.978515625 0.341796875 0.966796875 0.6015625 1 0.6015625 1 0.341796875
0 0.978515625 0.341796875 1 0.341796875 1 0 0.994140625 0