0 0.0625 0.51953125 0.177734375 0.51171875 0.17578125 0.462890625 0.060546875 0.46875
0 0.0703125 0.73828125 0.1875 0.734375 0.185546875 0.6875 0.068359375 0.69140625
0 0.078125 0.98828125 0.201171875 0.98046875 0.197265625 0.93359375 0.076171875 0.94140625
0 0.033203125 0.314453125 0.1640625 0.30859375 0.162109375 0.259765625 0.03125 0.267578125
0 0.01953125 0.052734375 0.15625 0.04296875 0.154296875 0 0.04296875 0 0.015625 0.001953125
0 0.90234375 0.25390625 0.953125 0.251953125 0.939453125 0.05078125 0.890625 0.052734375
0 0.353515625 0.34375 0.4765625 0.337890625 0.47265625 0.26953125 0.3515625 0.2734375
0 0.37890625 0.64453125 0.4921875 0.63671875 0.484375 0.53515625 0.37109375 0.54296875
0 0.61328125 0.6171875 0.751953125 0.607421875 0.74609375 0.53125 0.609375 0.541015625
0 0.380859375 0.912109375 0.533203125 0.90625 0.53125 0.83203125 0.37890625 0.837890625
0 0.626953125 0.89453125 0.787109375 0.884765625 0.783203125 0.810546875 0.623046875 0.8203125
0 0.90625 0.5234375 1 0.513671875 1 0.443359375 0.900390625 0.453125
0 0.916015625 0.80859375 0.9453125 0.806640625 0.9296875 0.568359375 0.900390625 0.5703125
0 0.54296875 0.359375 0.697265625 0.3515625 0.693359375 0.294921875 0.5390625 0.302734375
0 0.728515625 0.349609375 0.9453125 0.341796875 0.943359375 0.283203125 0.7265625 0.291015625
0 0.150390625 0.189453125 0.14453125 0.0546875 0.0703125 0.056640625 0.076171875 0.19140625 0.150390625 0.189453125