0 0.470703125 0 0.330078125 0 0.341796875 0.037109375
0 0.310546875 0.05078125 0.29296875 0 0.271484375 0 0.115234375 0.044921875 0.1328125 0.1015625
0 0.08984375 0.11328125 0.07421875 0.060546875 0 0.080078125 0 0.138671875
0 0.22265625 0.2734375 0.20703125 0.21875 0 0.27734375 0 0.3359375
0 0.623046875 0.65625 0.609375 0.607421875 0.427734375 0.66015625 0.44140625 0.708984375
0 0.48828125 0.197265625 0.47265625 0.14453125 0.23046875 0.212890625 0.24609375 0.265625
0 0.33203125 0.923828125 0.314453125 0.8671875 0.146484375 0.916015625 0.162109375 0.97265625
0 0.3671875 0.74609375 0.349609375 0.6875 0.078125 0.765625 0.095703125 0.82421875
0 0.79296875 0.78125 0.77734375 0.724609375 0.556640625 0.787109375 0.572265625 0.845703125
0 0.572265625 0.509765625 0.556640625 0.453125 0.3046875 0.525390625 0.3203125 0.58203125
0 0.24609375 0.439453125 0.228515625 0.384765625 0 0.44921875 0 0.48828125 0.005859375 0.509765625
0 0.5390625 0.8671875 0.521484375 0.8046875 0.345703125 0.85546875 0.36328125 0.91796875
0 0.287109375 0.6015625 0.271484375 0.544921875 0.029296875 0.615234375 0.046875 0.669921875
0 0.533203125 0.35546875 0.515625 0.294921875 0.255859375 0.369140625 0.2734375 0.4296875
0 0.669921875 0.17578125 0.638671875 0.185546875 0.64453125 0.205078125 0.607421875 0.216796875 0.6015625 0.1953125 0.5703125 0.205078125 0.576171875 0.2265625 0.55078125 0.232421875 0.5625 0.27734375 0.689453125 0.2421875 0.6796875 0.2109375
0 0.96484375 0.6015625 0.970703125 0.623046875 0.927734375 0.634765625 0.921875 0.61328125 0.8984375 0.62109375 0.904296875 0.642578125 0.86328125 0.654296875 0.876953125 0.701171875 1 0.666015625 1 0.61328125 0.99609375 0.615234375 0.98828125 0.59375
0 0.7109375 0.44921875 0.71484375 0.46484375 0.6875 0.47265625 0.68359375 0.45703125 0.64453125 0.466796875 0.650390625 0.484375 0.623046875 0.4921875 0.638671875 0.546875 0.771484375 0.509765625 0.75390625 0.453125 0.744140625 0.45703125 0.73828125 0.439453125
0 0.869140625 0.123046875 0.83984375 0.017578125 0.76171875 0.041015625 0.771484375 0.078125 0.7578125 0.078125 0.76171875 0.25 0.80859375 0.412109375 0.8828125 0.46875 0.916015625 0.583984375 1 0.55859375 1 0.54296875 0.955078125 0.38671875 0.931640625 0.392578125 0.90234375 0.2890625 0.873046875 0.296875 0.853515625 0.224609375 0.849609375 0.224609375 0.845703125 0.12890625
0 1 0.26171875 0.998046875 0 0.9140625 0 0.9140625 0.26171875 1 0.26171875
0 0.6484375 0.048828125 0.64453125 0 0.59375 0 0.59765625 0.052734375 0.6484375 0.048828125