0 0.185546875 0 0.173828125 0 0.140625 0.005859375 0.14453125 0.033203125 0.189453125 0.02734375
0 0.19140625 0.0546875 0.19140625 0.078125 0.228515625 0.076171875 0.228515625 0.052734375
0 0.228515625 0.052734375 0.2265625 0.033203125 0.1875 0.03515625 0.189453125 0.0546875 0.19140625 0.0546875
0 0.2890625 0.009765625 0.2265625 0.013671875 0.228515625 0.076171875 0.29296875 0.072265625
0 0.185546875 0.00390625 0.1875 0.017578125 0.28125 0.005859375 0.279296875 0 0.275390625 0 0.21484375 0
0 0.47265625 0 0.431640625 0 0.431640625 0.0234375 0.474609375 0.0234375
0 0.4765625 0.087890625 0.474609375 0.0234375 0.4375 0.0234375 0.439453125 0.08984375 0.447265625 0.08984375
0 0.453125 0.15234375 0.478515625 0.150390625 0.4765625 0.126953125 0.453125 0.126953125
0 0.482421875 0.126953125 0.48046875 0.087890625 0.447265625 0.08984375 0.447265625 0.126953125 0.4765625 0.126953125
0 0.361328125 0.203125 0.26171875 0.19921875 0.26171875 0.234375 0.359375 0.23828125 0.361328125 0.2109375
0 0.494140625 0.1875 0.45703125 0.19140625 0.4609375 0.24609375 0.462890625 0.24609375 0.462890625 0.26953125 0.462890625 0.271484375 0.5 0.267578125
0 0.361328125 0.2109375 0.359375 0.2421875 0.439453125 0.24609375 0.439453125 0.212890625
0 0.359375 0.23828125 0.265625 0.234375 0.263671875 0.271484375 0.359375 0.275390625 0.359375 0.2421875
0 0.3515625 0.279296875 0.349609375 0.298828125 0.384765625 0.30078125 0.38671875 0.28125 0.359375 0.279296875
0 0.359375 0.2421875 0.359375 0.279296875 0.38671875 0.28125 0.4609375 0.283203125 0.462890625 0.24609375 0.439453125 0.24609375
0 0.400390625 0.28125 0.3984375 0.3046875 0.451171875 0.306640625 0.453125 0.283203125
0 0.025390625 0.30859375 0 0.30859375 0 0.41796875 0.025390625 0.41796875
0 0.2578125 0.3125 0.025390625 0.3125 0.025390625 0.41796875 0.2578125 0.41796875
0 0.46875 0.3125 0.2578125 0.3125 0.2578125 0.41796875 0.408203125 0.41796875 0.408203125 0.431640625 0.47265625 0.431640625 0.46875 0.328125
0 0.259765625 0.271484375 0.2578125 0.3125 0.341796875 0.3125 0.34375 0.275390625 0.263671875 0.271484375
0 0.56640625 0.43359375 0.533203125 0.326171875 0.46875 0.328125 0.474609375 0.4453125 0.568359375 0.44140625
0 0.447265625 0.744140625 0.447265625 0.505859375 0.228515625 0.505859375 0.228515625 0.744140625
0 0.0078125 0.517578125 0.0078125 0.7421875 0.228515625 0.744140625 0.228515625 0.517578125
0 0.033203125 0.810546875 0 0.810546875 0 1 0.033203125 1
0 0.341796875 1 0.341796875 0.9453125 0.115234375 0.9453125 0.115234375 1 0.2421875 1
0 0.427734375 0.9453125 0.427734375 0.83203125 0.115234375 0.83203125 0.115234375 0.9453125 0.341796875 0.9453125
0 0.115234375 0.83203125 0.05078125 0.83203125 0.05078125 1 0.115234375 1
0 0.41015625 1 0.53125 1 0.53125 0.986328125 0.41015625 0.986328125
0 0.94921875 0.6328125 0.94921875 0.6015625 0.9296875 0.6015625 0.9296875 0.6328125 0.939453125 0.6328125
0 0.990234375 0.6015625 0.94921875 0.6015625 0.94921875 0.6328125 0.990234375 0.6328125
0 0.939453125 0.640625 0.92578125 0.640625 0.92578125 0.662109375 0.939453125 0.662109375 0.939453125 0.64453125
0 1 0.6328125 0.939453125 0.6328125 0.939453125 0.64453125 1 0.64453125
0 0.84375 0.4453125 0.876953125 0.443359375 0.875 0.42578125 0.841796875 0.427734375
0 0.892578125 0.44140625 0.890625 0.4140625 0.875 0.4140625 0.876953125 0.443359375
0 0.7421875 0.427734375 0.78125 0.42578125 0.779296875 0.375 0.740234375 0.376953125
0 0.810546875 0.36328125 0.794921875 0.36328125 0.794921875 0.392578125 0.810546875 0.392578125 0.810546875 0.37109375
0 0.810546875 0.37109375 0.80859375 0.41015625 0.837890625 0.41015625 0.83984375 0.373046875
0 0.873046875 0.349609375 0.90234375 0.3515625 0.90234375 0.3359375 0.875 0.3359375
0 0.775390625 0.3515625 0.775390625 0.361328125 0.818359375 0.36328125 0.8203125 0.353515625 0.8046875 0.353515625
0 0.8203125 0.337890625 0.8203125 0.357421875 0.828125 0.357421875 0.830078125 0.337890625
0 0.8046875 0.337890625 0.8046875 0.353515625 0.8203125 0.353515625 0.8203125 0.337890625
0 0.92578125 0.830078125 0.947265625 0.828125 0.9453125 0.802734375 0.921875 0.8046875
0 0.84375 0.798828125 0.859375 0.794921875 0.85546875 0.767578125 0.83984375 0.76953125
0 0.86328125 0.83984375 0.880859375 0.8359375 0.875 0.802734375 0.857421875 0.8046875
0 0.94140625 0.759765625 0.9453125 0.763671875 0.966796875 0.75 0.962890625 0.744140625
0 0.08203125 0.06640625 0.05078125 0.06640625 0.048828125 0.3046875 0.08203125 0.3046875 0.08203125 0.2578125
0 0.134765625 0.271484375 0.134765625 0.2578125 0.08203125 0.2578125 0.08203125 0.3046875 0.181640625 0.3046875 0.181640625 0.271484375
0 0.751953125 0.03125 0.7578125 0 0.724609375 0 0.71875 0.02734375 0.751953125 0.03125