0 0.26171875 0.72265625 0.26171875 0.736328125 0.208984375 0.734375 0.208984375 0.78125 0.25 0.78125 0.25 0.796875 0.302734375 0.796875 0.302734375 0.78125 0.34375 0.783203125 0.34375 0.736328125 0.302734375 0.736328125 0.302734375 0.724609375
0 0.474609375 0.724609375 0.47265625 0.74609375 0.435546875 0.74609375 0.435546875 0.78125 0.47265625 0.783203125 0.47265625 0.798828125 0.529296875 0.80078125 0.529296875 0.783203125 0.576171875 0.783203125 0.576171875 0.748046875 0.529296875 0.74609375 0.529296875 0.724609375
0 0.26171875 0.46484375 0.26171875 0.4765625 0.208984375 0.4765625 0.208984375 0.521484375 0.25 0.521484375 0.25 0.537109375 0.302734375 0.5390625 0.302734375 0.5234375 0.34375 0.5234375 0.34375 0.478515625 0.3046875 0.4765625 0.3046875 0.46484375
0 0.4921875 0.466796875 0.4921875 0.478515625 0.4375 0.478515625 0.4375 0.5234375 0.478515625 0.5234375 0.478515625 0.5390625 0.533203125 0.5390625 0.533203125 0.525390625 0.59375 0.525390625 0.595703125 0.48046875 0.533203125 0.478515625 0.533203125 0.466796875
0 0.291015625 0.943359375 0.2890625 1 0.34375 1 0.34375 0.99609375 0.41015625 0.99609375 0.41015625 1 0.4453125 1 0.4453125 0.99609375 0.515625 0.99609375 0.515625 1 0.580078125 1 0.580078125 0.9453125
0 0.91015625 0.419921875 0.6875 0.41796875 0.681640625 0.95703125 0.958984375 0.9609375 0.96484375 0.482421875
0 0.2265625 0.013671875 0.2421875 0.013671875 0.2421875 0.033203125 0.48046875 0.03515625 0.48046875 0.017578125 0.501953125 0.017578125 0.501953125 0 0.2265625 0
0 0.1796875 0.046875 0.1796875 0.02734375 0.19921875 0.02734375 0.19921875 0 0 0 0 0.04296875
0 0 0.10546875 0 0.16015625 0.068359375 0.162109375 0.0703125 0.107421875
0 0.0703125 0.107421875 0.068359375 0.162109375 0.5078125 0.166015625 0.5078125 0.11328125
0 0.7890625 0.029296875 0.947265625 0.03125 0.947265625 0 0.7890625 0
0 0.02734375 0.515625 0.02734375 0.525390625 0.0625 0.525390625 0.0625 0.515625 0.11328125 0.515625 0.11328125 0.525390625 0.146484375 0.52734375 0.146484375 0.515625 0.162109375 0.515625 0.162109375 0.484375 0.15234375 0.484375 0.15234375 0.466796875 0.142578125 0.466796875 0.142578125 0.453125 0.11328125 0.453125 0.11328125 0.466796875 0.064453125 0.466796875 0.06640625 0.453125 0.029296875 0.453125 0.029296875 0.466796875 0 0.466796875 0 0.513671875
0 0 0.431640625 0 0.466796875 0.029296875 0.466796875 0.029296875 0.453125 0.06640625 0.453125 0.064453125 0.466796875 0.11328125 0.466796875 0.11328125 0.453125 0.142578125 0.453125 0.142578125 0.466796875 0.15234375 0.466796875 0.15234375 0.484375 0.162109375 0.484375 0.162109375 0.43359375
0 0.13671875 0.9375 0.13671875 0.888671875 0 0.88671875 0 0.935546875
0 0.134765625 0.732421875 0.13671875 0.677734375 0 0.67578125 0 0.73046875
0 0.533203125 0.466796875 0.533203125 0.478515625 0.595703125 0.48046875 0.595703125 0.46875
0 0.3046875 0.46484375 0.3046875 0.4765625 0.34375 0.478515625 0.34375 0.5234375 0.4375 0.5234375 0.4375 0.478515625 0.4921875 0.478515625 0.4921875 0.466796875
0 0.208984375 0.462890625 0.208984375 0.4765625 0.26171875 0.4765625 0.26171875 0.46484375