0 0.5969366776315789 0.8908305921052632 0.6262335526315789 0.8380962171052632 0.8137335526315789 0.9240337171052632 0.7844366776315789 0.976768092105263
0 0.755859375 0.8622532894736842 0.826171875 0.7509251644736842 0.9999999999999999 0.8212376644736842 0.9296875 0.9306126644736842
0 0.256578947368421 0.8427220394736842 0.442125822368421 0.7763157894736842 0.6171875 0.807360197368421 0.524671052631579 0.919407894736842 0.317125822368421 0.9013157894736842
0 0.025699013157894746 0.8420024671052633 0.20291940789473686 0.6624177631578947 0.466077302631579 0.7549342105263157 0.36328125 0.7898848684210525 0.28207236842105265 0.919407894736842
0 0.533203125 0.71484375 0.576171875 0.642578125 0.634765625 0.66796875 0.59375 0.740234375
0 0.6994243421052632 0.7158717105263157 0.6963404605263158 0.6141036184210525 0.8659539473684209 0.5904605263157895 0.9142680921052632 0.6469983552631579 0.8875411184210527 0.7271792763157894
0 0.13404605263157895 0.5720600328947368 0.23170230263157893 0.42166940789473684 0.42495888157894735 0.4434621710526316 0.3838404605263158 0.6634457236842105
0 0.5318667763157895 0.6110197368421052 0.37356085526315796 0.5267269736842105 0.4278371710526315 0.4449013157894737 0.8165090460526315 0.5288856907894737 0.670641447368421 0.6428865131578947
0 0.875 0.0703125 0.890625 0.01953125 1 0.046875 0.982421875 0.09765625
0 0.669921875 0.162109375 0.697265625 0.083984375 0.8125 0.119140625 0.78125 0.1953125
0 0.80859375 0.25390625 0.833984375 0.177734375 1 0.23046875 0.970703125 0.3066406250000001
0 0.61328125 0.296875 0.650390625 0.15625 0.763671875 0.1875 0.724609375 0.328125
0 0.49979440789473684 0.056640625 0.5154194078947368 0 0.6912006578947368 0.052734375 0.6736225328947368 0.111328125
0 0.7734374999999999 0.4604235197368421 0.8027343749999999 0.3549547697368421 0.9999999999999998 0.4076891447368421 0.9707031249999999 0.5112047697368424
0 0.37870065789473684 0.25020559210526316 0.4619654605263158 0.10115131578947371 0.572985197368421 0.09703947368421056 0.6612870065789473 0.14175575657894737 0.5675370065789473 0.3058182565789477
0 0 0.78125 0.017578125 0.748046875 0.041015625 0.755859375 0.0234375 0.7890625
0 0.024671052631578955 0.6828741776315789 0.061780427631578955 0.5109991776315789 0.13404605263157895 0.5598273026315789 0.09693667763157895 0.7297491776315789
0 0 0 0.08203125 0 0.08203125 0.064453125 0 0.064453125
0 0.099609375 0.158203125 0.177734375 0 0.314453125 0 0.236328125 0.208984375
0 0.011718750000000028 0.47738486842105265 0 0.3363486842105263 0.18667763157894735 0.40234375 0.14566200657894735 0.494140625
0 0.09272203947368421 0.36297286184210525 0.09858141447368421 0.29851973684210525 0.1786595394736842 0.30633223684210525 0.1728001644736842 0.37078536184210525
0 0.828125 0.02734375 0.828125 0 0.71875 0 0.71875 0.029296875 0.828125 0.02734375