0 0.389391447368421 0.3879523026315789 0.459703947368421 0.3879523026315789 0.459703947368421 0.4406866776315789 0.389391447368421 0.4406866776315789
0 0.4846833881578948 0.38116776315789475 0.6018708881578948 0.36749588815789475 0.6116365131578948 0.39679276315789475 0.4944490131578948 0.41241776315789475
0 0.77734375 0.771998355263158 0.783203125 0.723170230263158 0.830078125 0.725123355263158 0.82421875 0.773951480263158
0 0.6527549342105262 0.3640008223684211 0.7513363486842105 0.3725328947368421 0.8343955592105262 0.2878289473684211 0.8633840460526315 0.29132401315789475 0.8715049342105262 0.3542351973684211 0.8202097039473684 0.42804276315789475 0.6918174342105262 0.43040707236842074
0 0.297594572368421 0.43359375000000006 0.297594572368421 0.38671875000000006 0.360094572368421 0.38671875000000006 0.360094572368421 0.43359375000000006
0 0.638671875 0.26192434210526316 0.8046875 0.26192434210526316 0.8046875 0.30489309210526316 0.638671875 0.30489309210526316
0 0.7252261513157894 0.17999588815789472 0.7310855263157894 0.09601151315789475 0.8736636513157894 0.10577713815789475 0.8678042763157894 0.18976151315789472
0 0.06548108552631579 0.4220805921052631 0.07134046052631579 0.3888774671052631 0.1787623355263158 0.4025493421052631 0.1729029605263158 0.4357524671052631
0 0.015008223684210509 0.5482113486842105 0.2650082236842105 0.5482113486842105 0.2650082236842105 0.6204769736842105 0.015008223684210509 0.6204769736842105
0 0.5695929276315789 0.6194490131578947 0.5334087171052632 0.6079358552631579 0.5416324013157894 0.5493421052631579 0.5891241776315789 0.5569490131578947 0.728721217105263 0.5606496710526315 0.8332648026315789 0.6057771381578947 0.8156866776315789 0.6663240131578947
0 0.2843338815789474 0.5524259868421053 0.5265213815789478 0.5524259868421053 0.5265213815789478 0.6266447368421053 0.2843338815789474 0.6266447368421053
0 0.017269736842105254 0.7716899671052632 0.09446957236842109 0.7271792763157894 0.16766036184210525 0.7521587171052632 0.17937911184210525 0.8009868421052632 0.030941611842105254 0.8185649671052632
0 0.189453125 0.748046875 0.4850945723684211 0.758018092105263 0.48201069078947373 0.8063322368421052 0.193359375 0.80859375
0 0.357421875 0.8898026315789473 0.587890625 0.8898026315789473 0.587890625 0.9562088815789473 0.357421875 0.9562088815789473
0 0.09765625 0.958984375 0.24043996710526316 0.9224917763157894 0.32062088815789475 0.9317434210526315 0.31640625 0.978515625 0.24249588815789475 0.998046875 0.11328125 1
0 0.005962171052631582 0.9375 0.050884046052631596 0.9375 0.050884046052631596 0.9999999999999999 0.005962171052631582 0.9999999999999999
0 0 0.2947162828947369 0.21576891447368424 0.3026315789473684 0.21885279605263164 0.3468338815789474 0.00390625 0.3552631578947369
0 0 0.11893503289473686 0.21576891447368424 0.1268503289473684 0.21885279605263164 0.17105263157894735 0.00390625 0.17948190789473684
0 0.317639802631579 0.015111019736842125 0.626953125 0.014802631578947402 0.6320929276315789 0.07545230263157898 0.321546052631579 0.07565789473684215
0 0.38229851973684215 0.18852796052631582 0.612561677631579 0.18544407894736845 0.6177014802631579 0.24609375000000006 0.38435444078947373 0.2378700657894737
0 0.033819901315789505 0.38692434210526316 0.02559621710526319 0.4311266447368421 0 0.4321111146255061 0 0.3807565789473684
0 0.8828125 0.06640625 0.8828125 0 0.728515625 0 0.728515625 0.06640625 0.8828125 0.06640625