0 0.919921875 0.62109375 0.919921875 0.716796875 1 0.716796875 1 0.66015625 0.96875 0.66015625 0.96875 0.62109375
0 0.9765625 0.48046875 0.990234375 0.48046875 0.990234375 0.333984375 0.935546875 0.333984375 0.935546875 0.48046875 0.92578125 0.48046875 0.92578125 0.607421875 0.9765625 0.607421875
0 0.927734375 0.18359375 0.93359375 0.28515625 1 0.28125 1 0.236328125 0.984375 0.23828125 0.982421875 0.181640625
0 0.19921875 0.1640625 0.51171875 0.12890625 0.50390625 0.060546875 0.193359375 0.095703125
0 0.234375 0.3359375 0.533203125 0.298828125 0.525390625 0.2265625 0.224609375 0.263671875
0 0.255859375 0.49609375 0.533203125 0.470703125 0.52734375 0.40625 0.25 0.431640625
0 0.599609375 0.705078125 0.59375 0.626953125 0.48828125 0.63671875 0.49609375 0.712890625
0 0.490234375 0.642578125 0.26953125 0.66015625 0.2734375 0.708984375 0.494140625 0.69140625
0 0.064453125 0.62109375 0 0.626953125 0 0.6875 0.072265625 0.6796875
0 0.103515625 0.650390625 0.14453125 0.591796875 0.16796875 0.58984375 0.16015625 0.5078125 0.1015625 0.513671875 0.107421875 0.564453125 0.068359375 0.619140625 0.064453125 0.62109375 0.0703125 0.671875 0.10546875 0.66796875
0 0.759765625 1 0.791015625 1 0.791015625 0.958984375 0.759765625 0.958984375
0 0.80859375 0.87890625 0.8828125 0.876953125 0.880859375 0.822265625 0.806640625 0.82421875
0 0.828125 1 0.912109375 1 0.91015625 0.912109375 0.826171875 0.9140625
0 0.294921875 0.935546875 0.2890625 0.87109375 0 0.900390625 0.001953125 0.96484375
0 0.140625 0.072265625 0.138671875 0 0 0 0 0.072265625
0 0.158203125 0.490234375 0.150390625 0.423828125 0 0.439453125 0 0.505859375
0 0.162109375 0.314453125 0.158203125 0.228515625 0 0.236328125 0 0.32421875
0 0.806640625 0.947265625 0.798828125 0.830078125 0.755859375 0.83203125 0.76171875 0.94921875
0 0.77734375 0.05859375 0.77734375 0 0.666015625 0 0.666015625 0.05859375
0 0.4921875 1 0.4921875 0.97265625 0.318359375 0.97265625 0.318359375 1
0 0.757388565891473 0.5745669815891472 0.7793422965116281 0.5427719234496124 0.7740431201550388 0.5140049660852712 0.7990249515503878 0.5094628149224807 0.746184593023256 0.06952519379844958 0.668059593023256 0.07720142926356588 0.7240794573643412 0.5836512839147285