0 0.361328125 1 0.458984375 1 0.34375 0.931640625 0.318359375 0.974609375
0 0.259765625 0.984375 0.220703125 0.962890625 0.197265625 1 0.25 1
0 0.291015625 0.92578125 0.314453125 0.884765625 0.158203125 0.79296875 0.134765625 0.833984375
0 0.14453125 0.78125 0.03125 0.716796875 0.0078125 0.7578125 0.119140625 0.82421875
0 0.09765625 0.88671875 0.060546875 0.947265625 0.048828125 0.939453125 0.013671875 1 0.154296875 1 0.134765625 0.990234375 0.169921875 0.9296875
0 0.921875 0.90625 0.865234375 1 0.916015625 1 0.958984375 0.927734375
0 0.796875 0.916015625 0.908203125 0.7265625 0.853515625 0.693359375 0.7421875 0.884765625
0 0.93359375 0.70703125 0.96875 0.6484375 0.900390625 0.609375 0.865234375 0.66796875
0 0.728515625 0.482421875 0.625 0.515625 0.47265625 0.779296875 0.490234375 0.7890625 0.474609375 0.818359375 0.51953125 0.84375 0.552734375 0.787109375 0.544921875 0.78125 0.6796875 0.548828125 0.703125 0.541015625 0.85546875 0.62890625 0.88671875 0.57421875 0.7890625 0.515625
0 0.75 0.087890625 0.78515625 0.02734375 0.736328125 0 0.595703125 0
0 0.671875 0.203125 0.70703125 0.140625 0.537109375 0.041015625 0.501953125 0.103515625
0 0.47265625 0 0.35546875 0 0.466796875 0.064453125 0.49609375 0.013671875
0 0.353515625 0.126953125 0.306640625 0.099609375 0.291015625 0.123046875 0.306640625 0.1328125 0.296875 0.150390625 0.330078125 0.16796875 0.33984375 0.15234375
0 0.365234375 0.107421875 0.330078125 0.16796875 0.57421875 0.310546875 0.58203125 0.296875 0.623046875 0.3203125 0.66796875 0.2421875 0.62890625 0.21875 0.609375 0.25 0.390625 0.123046875
0 0.943359375 0.849609375 0.98046875 0.87109375 1 0.8359375 1 0.75
0 0.455078125 0.806640625 0.443359375 0.82421875 0.509765625 0.861328125 0.51953125 0.84375 0.474609375 0.818359375
0 0.783203125 0.998046875 0.818359375 0.94140625 0.552734375 0.787109375 0.51953125 0.84375
0 0.712890625 0.47265625 0.609375 0.505859375 0.45703125 0.76953125 0.47265625 0.779296875 0.625 0.515625 0.728515625 0.482421875
0 0.35546875 0.349609375 0.33203125 0.33984375 0.314453125 0.32421875 0.298828125 0.294921875 0.296875 0.2734375 0.30078125 0.251953125 0.30859375 0.23828125 0.251953125 0.20703125 0.2421875 0.2265625 0.236328125 0.240234375 0.232421875 0.26953125 0.232421875 0.294921875 0.240234375 0.32421875 0.2578125 0.357421875 0.283203125 0.3828125 0.310546875 0.3984375 0.337890625 0.40625 0.375 0.41015625 0.412109375 0.400390625 0.43359375 0.390625 0.455078125 0.373046875 0.470703125 0.35546875 0.4765625 0.34765625 0.482421875 0.337890625 0.43359375 0.310546875 0.4296875 0.318359375 0.42578125 0.32421875 0.404296875 0.341796875 0.380859375 0.349609375 0.361328125 0.349609375
0 0.49609375 0.318359375 0.482421875 0.337890625 0.4765625 0.34765625 0.470703125 0.35546875 0.4609375 0.3671875 0.49609375 0.38671875 0.5625 0.357421875
0 0.42578125 0.32421875 0.4296875 0.318359375 0.43359375 0.310546875 0.30859375 0.23828125 0.30078125 0.251953125 0.296875 0.2734375 0.298828125 0.294921875 0.314453125 0.32421875 0.33203125 0.33984375 0.35546875 0.349609375 0.380859375 0.349609375 0.404296875 0.341796875
0 0.26953125 0.4375 0.255859375 0.41015625 0.28125 0.380859375 0.2578125 0.357421875 0.240234375 0.32421875 0.232421875 0.294921875 0.232421875 0.26953125 0.236328125 0.240234375 0.2421875 0.2265625 0.251953125 0.20703125 0.24609375 0.203125 0.111328125 0.44140625 0.1328125 0.470703125 0.15234375 0.466796875
0 0.103515625 0.1328125 0.033203125 0.251953125 0.076171875 0.27734375 0.146484375 0.158203125
0 0.0703125 0.306640625 0.025390625 0.279296875 0 0.322265625 0 0.427734375 0.0625 0.3203125
0 0.080078125 0.041015625 0.095703125 0.05078125 0.125 0 0.06640625 0 0 0 0 0.1796875
0 0.296875 0.150390625 0.287109375 0.16796875 0.359375 0.2109375 0.37109375 0.19140625
0 0.34375 0.033203125 0.306640625 0.099609375 0.353515625 0.126953125 0.365234375 0.107421875 0.390625 0.123046875 0.41796875 0.07421875
0 0.21484375 0.0390625 0.171875 0.013671875 0.103515625 0.1328125 0.146484375 0.158203125
0 0.9609375 0.490234375 0.943359375 0.521484375 0.994140625 0.55078125 1 0.541015625 1 0.474609375
0 0.99609375 0.375 0.98828125 0.388671875 0.96484375 0.375 0.947265625 0.404296875 0.92578125 0.392578125 0.916015625 0.412109375 0.880859375 0.390625 0.859375 0.427734375 0.8359375 0.4140625 0.814453125 0.44921875 0.861328125 0.4765625 0.873046875 0.45703125 0.900390625 0.47265625 0.916015625 0.4453125 0.9375 0.45703125 0.951171875 0.431640625 0.978515625 0.447265625 0.9921875 0.421875 1 0.42578125 1 0.376953125
0 0.357421875 0.552734375 0.341796875 0.58203125 0.33203125 0.578125 0.265625 0.69140625 0.302734375 0.712890625 0.38671875 0.5703125
0 0.30859375 0.609375 0.294921875 0.5625 0.18359375 0.595703125 0.146484375 0.662109375 0.185546875 0.685546875 0.21484375 0.63671875
0 0.921875 0.46875 0.900390625 0.505859375 0.939453125 0.529296875 0.9609375 0.490234375
0 0.962890625 0.169921875 0.96484375 0.1015625 0.8671875 0.099609375 0.865234375 0.16796875
0 0.982421875 0.16015625 0.978515625 0.220703125 1 0.220703125 1 0.16015625
0 0.904296875 0.28515625 0.904296875 0.19921875 0.84375 0.19921875 0.841796875 0.28515625
0 0.84375 0.224609375 0.78515625 0.224609375 0.783203125 0.298828125 0.841796875 0.298828125 0.841796875 0.28515625
0 0.0625 0.892578125 0.078125 0.845703125 0.00390625 0.822265625 0 0.869140625 0.0625 0.892578125