0 0.728515625 0.056640625 0.810546875 0.037109375 0.80078125 0 0.720703125 0 0.71484375 0.001953125
0 0.865234375 0.078125 0.9453125 0.05859375 0.93359375 0.005859375 0.8515625 0.025390625
0 0.984375 0.041015625 1 0.03515625 1 0 0.97265625 0
0 0.7734375 0.169921875 0.765625 0.13671875 0.685546875 0.15625 0.6953125 0.189453125
0 0.78515625 0.166015625 0.6953125 0.189453125 0.708984375 0.244140625 0.80078125 0.220703125
0 0.77734375 0.359375 0.87890625 0.333984375 0.8671875 0.28125 0.765625 0.306640625
0 0.529296875 0.44921875 0.697265625 0.40625 0.685546875 0.357421875 0.517578125 0.400390625
0 0.77734375 0.505859375 0.8671875 0.482421875 0.85546875 0.435546875 0.765625 0.458984375
0 0.544921875 0.578125 0.666015625 0.546875 0.65234375 0.494140625 0.53125 0.5234375
0 0.708984375 0.654296875 0.796875 0.630859375 0.78515625 0.578125 0.6953125 0.6015625
0 0.6640625 0.771484375 0.740234375 0.751953125 0.724609375 0.69140625 0.6484375 0.7109375
0 0.607421875 0.912109375 0.69140625 0.890625 0.677734375 0.83203125 0.591796875 0.853515625
0 0.482421875 0.845703125 0.568359375 0.82421875 0.552734375 0.7578125 0.466796875 0.779296875
0 0.3984375 0.7109375 0.51953125 0.6796875 0.505859375 0.626953125 0.384765625 0.65625
0 0.49609375 0.5546875 0.48046875 0.49609375 0.3125 0.5390625 0.3203125 0.568359375 0.310546875 0.5703125 0.318359375 0.599609375 0.328125 0.59765625
0 0.271484375 0.47265625 0.44140625 0.4296875 0.42578125 0.373046875 0.255859375 0.416015625
0 0.216796875 0.34765625 0.408203125 0.298828125 0.39453125 0.248046875 0.203125 0.294921875
0 0.5 0.326171875 0.67578125 0.283203125 0.6640625 0.232421875 0.48828125 0.27734375
0 0.548828125 0.19140625 0.64453125 0.16796875 0.630859375 0.11328125 0.53515625 0.13671875
0 0.4453125 0.1328125 0.529296875 0.111328125 0.513671875 0.05078125 0.4296875 0.072265625
0 0.267578125 0.19921875 0.392578125 0.166015625 0.376953125 0.111328125 0.25390625 0.142578125
0 0.111328125 0.23828125 0.240234375 0.205078125 0.228515625 0.158203125 0.099609375 0.189453125
0 0.060546875 0.1171875 0.1953125 0.083984375 0.18359375 0.033203125 0.048828125 0.068359375
0 0.224609375 0.07421875 0.349609375 0.04296875 0.337890625 0 0.306640625 0 0.212890625 0.0234375
0 0.025390625 0.29296875 0.013671875 0.244140625 0 0.24609375 0 0.298828125
0 0.095703125 0.4140625 0.083984375 0.361328125 0 0.380859375 0 0.4375
0 0.052734375 0.5703125 0.1796875 0.537109375 0.166015625 0.486328125 0.0390625 0.51953125
0 0.087890625 0.6875 0.21484375 0.654296875 0.201171875 0.603515625 0.07421875 0.63671875
0 0.158203125 0.80078125 0.298828125 0.765625 0.28515625 0.716796875 0.109375 0.76171875 0.125 0.830078125 0.1640625 0.8203125
0 0.16796875 0.931640625 0.341796875 0.888671875 0.330078125 0.83984375 0.15625 0.8828125
0 0.279296875 0.978515625 0.19140625 1 0.28515625 1
0 0.32421875 1 0.423828125 1 0.447265625 0.994140625 0.43359375 0.94140625 0.318359375 0.970703125
0 0.068359375 0.919921875 0.0546875 0.869140625 0 0.8828125 0 0.9375
0 0.04296875 0.796875 0.02734375 0.732421875 0 0.73828125 0 0.806640625
0 0.98828125 0.4296875 0.943359375 0.525390625 0.98828125 0.546875 1 0.521484375 1 0.43359375
0 0.94140625 0.546875 0.912109375 0.611328125 1 0.65234375 1 0.57421875
0 0.904296875 0.7265625 0.861328125 0.70703125 0.84765625 0.740234375 0.8984375 0.763671875 0.900390625 0.755859375 1 0.80078125 1 0.72265625 0.990234375 0.71875 0.98828125 0.7265625 0.91796875 0.693359375
0 0.818359375 0.796875 0.86328125 0.818359375 0.880859375 0.783203125 0.833984375 0.76171875
0 0.787109375 0.876953125 0.91796875 0.9375 0.943359375 0.880859375 0.8125 0.8203125
0 0.66796875 0.02734375 0.66796875 0 0.5859375 0 0.5859375 0.02734375 0.66796875 0.02734375
0 0.60546875 0.681640625 0.603515625 0.64453125 0.552734375 0.6484375 0.5546875 0.68359375 0.60546875 0.681640625