0 0.4296875 0.109375 0.42578125 0.158203125 0.55078125 0.169921875 0.5546875 0.12109375 0.490234375 0.115234375
0 0.408203125 0.345703125 0.404296875 0.400390625 0.5390625 0.412109375 0.54296875 0.357421875 0.462890625 0.3515625
0 0.4921875 0.58203125 0.4921875 0.595703125 0.439453125 0.591796875 0.435546875 0.642578125 0.5703125 0.654296875 0.57421875 0.603515625 0.52734375 0.599609375 0.529296875 0.5859375
0 0.404296875 0.275390625 0.388671875 0.4609375 0.400390625 0.462890625 0.39453125 0.52734375 0.447265625 0.533203125 0.458984375 0.404296875 0.404296875 0.400390625 0.408203125 0.345703125 0.462890625 0.3515625 0.470703125 0.28125
0 0.591796875 0.5 0.9140625 0.529296875 0.919921875 0.466796875 0.59765625 0.439453125
0 0.931640625 0.716796875 1 0.72265625 1 0.6640625 0.935546875 0.658203125
0 0.671875 0.25390625 0.935546875 0.27734375 0.939453125 0.220703125 0.67578125 0.197265625
0 0.615234375 0.685546875 0.888671875 0.7109375 0.89453125 0.654296875 0.62109375 0.630859375
0 0.9609375 0.533203125 1 0.53515625 1 0.47265625 0.966796875 0.470703125
0 0.76171875 0.90234375 1 0.921875 1 0.859375 0.767578125 0.83984375
0 0.453125 0.80859375 0.396484375 0.8125 0.404296875 1 0.4609375 1 0.453125 0.8125
0 0.453125 0.8125 0.455078125 0.873046875 0.736328125 0.8984375 0.740234375 0.837890625
0 0.119140625 0.3046875 0.119140625 0.287109375 0.103515625 0.287109375 0.103515625 0.279296875 0.0859375 0.279296875 0.087890625 0.287109375 0.078125 0.287109375 0.078125 0.279296875 0.056640625 0.279296875 0.056640625 0.287109375 0.048828125 0.287109375 0.048828125 0.3046875 0.0390625 0.3046875 0.041015625 0.322265625 0.048828125 0.322265625 0.048828125 0.33984375 0.076171875 0.33984375 0.076171875 0.349609375 0.091796875 0.349609375 0.091796875 0.33984375 0.119140625 0.33984375 0.119140625 0.322265625 0.126953125 0.322265625 0.126953125 0.3046875 0.125 0.3046875
0 0.1171875 0.443359375 0.1171875 0.42578125 0.1015625 0.42578125 0.1015625 0.41796875 0.083984375 0.41796875 0.083984375 0.42578125 0.076171875 0.42578125 0.076171875 0.41796875 0.0546875 0.41796875 0.0546875 0.42578125 0.046875 0.42578125 0.046875 0.443359375 0.037109375 0.443359375 0.037109375 0.462890625 0.046875 0.462890625 0.046875 0.478515625 0.07421875 0.478515625 0.07421875 0.48828125 0.08984375 0.48828125 0.08984375 0.478515625 0.1171875 0.478515625 0.1171875 0.4609375 0.125 0.4609375 0.125 0.443359375 0.123046875 0.443359375
0 0.1015625 0.150390625 0.1015625 0.15625 0.09375 0.15625 0.09375 0.1484375 0.072265625 0.1484375 0.072265625 0.15625 0.0625 0.154296875 0.0625 0.171875 0.0546875 0.171875 0.052734375 0.19140625 0.0625 0.19140625 0.060546875 0.20703125 0.087890625 0.208984375 0.087890625 0.21875 0.103515625 0.220703125 0.103515625 0.208984375 0.1328125 0.2109375 0.1328125 0.193359375 0.138671875 0.1953125 0.140625 0.17578125 0.1328125 0.17578125 0.134765625 0.158203125 0.119140625 0.158203125 0.119140625 0.150390625
0 0.123046875 0.59765625 0.12890625 0.59765625 0.12890625 0.578125 0.123046875 0.578125 0.123046875 0.560546875 0.107421875 0.560546875 0.107421875 0.5546875 0.08984375 0.5546875 0.08984375 0.560546875 0.08203125 0.560546875 0.08203125 0.5546875 0.060546875 0.5546875 0.060546875 0.560546875 0.052734375 0.560546875 0.052734375 0.578125 0.04296875 0.578125 0.04296875 0.59765625 0.052734375 0.59765625 0.052734375 0.61328125 0.080078125 0.61328125 0.080078125 0.625 0.095703125 0.625 0.095703125 0.61328125 0.123046875 0.61328125 0.123046875 0.607421875
0 0.08984375 0.015625 0.080078125 0.013671875 0.080078125 0.03125 0.0703125 0.03125 0.0703125 0.05078125 0.080078125 0.05078125 0.078125 0.06640625 0.10546875 0.068359375 0.10546875 0.078125 0.12109375 0.080078125 0.12109375 0.068359375 0.1484375 0.0703125 0.150390625 0.052734375 0.15625 0.0546875 0.158203125 0.03515625 0.150390625 0.03515625 0.15234375 0.017578125 0.13671875 0.017578125 0.13671875 0.009765625 0.119140625 0.009765625 0.119140625 0.017578125 0.109375 0.015625 0.111328125 0.0078125 0.08984375 0.0078125
0 0.1171875 0.4609375 0.1171875 0.478515625 0.08984375 0.478515625 0.08984375 0.48828125 0.07421875 0.48828125 0.07421875 0.478515625 0.046875 0.478515625 0.05078125 0.51953125 0.052734375 0.560546875 0.060546875 0.560546875 0.060546875 0.5546875 0.08203125 0.5546875 0.08203125 0.560546875 0.08984375 0.560546875 0.08984375 0.5546875 0.107421875 0.5546875 0.107421875 0.560546875 0.123046875 0.560546875 0.123046875 0.578125 0.12890625 0.578125 0.12890625 0.59765625 0.123046875 0.59765625 0.123046875 0.607421875 0.134765625 0.607421875 0.12890625 0.55859375 0.126953125 0.509765625 0.125 0.4609375
0 0.119140625 0.322265625 0.119140625 0.33984375 0.091796875 0.33984375 0.091796875 0.349609375 0.076171875 0.349609375 0.076171875 0.33984375 0.048828125 0.33984375 0.048828125 0.322265625 0.046875 0.322265625 0.046875 0.369140625 0.046875 0.416015625 0.046875 0.42578125 0.0546875 0.42578125 0.0546875 0.41796875 0.076171875 0.41796875 0.076171875 0.42578125 0.083984375 0.42578125 0.083984375 0.41796875 0.1015625 0.41796875 0.1015625 0.42578125 0.1171875 0.42578125 0.1171875 0.443359375 0.123046875 0.443359375 0.123046875 0.3828125 0.125 0.322265625
0 0.087890625 0.208984375 0.060546875 0.20703125 0.0625 0.19140625 0.05859375 0.19140625 0.052734375 0.232421875 0.05078125 0.275390625 0.052734375 0.27734375 0.05078125 0.287109375 0.056640625 0.287109375 0.056640625 0.279296875 0.078125 0.279296875 0.078125 0.287109375 0.087890625 0.287109375 0.0859375 0.279296875 0.103515625 0.279296875 0.103515625 0.287109375 0.119140625 0.287109375 0.119140625 0.3046875 0.125 0.3046875 0.12890625 0.2578125 0.1328125 0.2109375 0.103515625 0.208984375 0.103515625 0.220703125 0.087890625 0.21875
0 0.091796875 0 0.08984375 0.0078125 0.111328125 0.0078125 0.109375 0.015625 0.119140625 0.017578125 0.119140625 0.009765625 0.13671875 0.009765625 0.13671875 0.017578125 0.15234375 0.017578125 0.150390625 0.03515625 0.15625 0.03515625 0.162109375 0.01171875 0.130859375 0.005859375
0 0.021484375 0.447265625 0.021484375 0.44140625 0 0.4375 0 0.49609375 0.013671875 0.5 0.01953125 0.4609375
0 0 0.52734375 0 0.619140625 0.02734375 0.62109375 0.033203125 0.53125 0.00390625 0.529296875
0 0.009765625 0.654296875 0.009765625 0.701171875 0.103515625 0.701171875 0.103515625 0.65625
0 0.0546875 0.7421875 0.052734375 0.833984375 0.09375 0.833984375 0.09375 0.7421875
0 0.103515625 0.65625 0.103515625 0.7421875 0.09375 0.7421875 0.09375 0.798828125 0.150390625 0.80078125 0.15234375 0.65625
0 0.09375 0.80078125 0.09375 0.833984375 0.08203125 0.833984375 0.08203125 0.875 0.138671875 0.875 0.138671875 0.80078125
0 0.103515625 0.947265625 0.15234375 0.947265625 0.15234375 0.896484375 0.10546875 0.896484375 0.10546875 0.92578125
0 0.06640625 0.89453125 0.06640625 0.87890625 0.037109375 0.87890625 0.037109375 0.841796875 0 0.841796875 0 0.919921875 0.06640625 0.919921875 0.06640625 0.92578125 0.10546875 0.92578125 0.10546875 0.896484375
0 0 0.654296875 0 0.685546875 0.009765625 0.6875 0.009765625 0.654296875
0 0.958984375 0.09375 0.96484375 0.015625 0.640625 0 0.634765625 0.068359375 0.958984375 0.09375
0 0.02734375 0.197265625 0.029296875 0.1328125 0 0.130859375 0 0.197265625 0.02734375 0.197265625
0 0.697265625 1 0.697265625 0.9765625 0.478515625 0.9765625 0.478515625 1 0.697265625 1
0 0.056640625 0.0234375 0.056640625 0 0 0 0 0.0234375 0.056640625 0.0234375
0 0.025390625 0.375 0.025390625 0.306640625 0 0.306640625 0 0.375 0.025390625 0.375
0 0.04296875 0.830078125 0.044921875 0.748046875 0 0.74609375 0 0.830078125 0.04296875 0.830078125
0 0.609375 0.291015625 0.615234375 0.203125 0.578125 0.19921875 0.572265625 0.2890625 0.609375 0.291015625