0 0.193359375 0.146484375 0.126953125 0.138671875 0.119140625 0.220703125 0.171875 0.2265625 0.171875 0.216796875 0.201171875 0.220703125 0.201171875 0.23046875 0.255859375 0.236328125 0.263671875 0.15625 0.220703125 0.150390625 0.21875 0.162109375 0.19140625 0.16015625
0 0.310546875 0.001953125 0.4375 0.017578125 0.439453125 0 0.310546875 0
0 0.439453125 0.1953125 0.38671875 0.189453125 0.37890625 0.265625 0.51171875 0.28125 0.521484375 0.205078125 0.478515625 0.19921875 0.478515625 0.208984375 0.439453125 0.205078125
0 0.26171875 0.18359375 0.255859375 0.236328125 0.201171875 0.23046875 0.201171875 0.220703125 0.171875 0.216796875 0.171875 0.2265625 0.119140625 0.220703125 0.1171875 0.236328125 0.37890625 0.265625 0.38671875 0.19921875
0 0.76171875 1 0.966796875 1 0.96875 0.947265625 0.76171875 0.9453125
0 0.056640625 0.599609375 0.05859375 0.580078125 0.064453125 0.580078125 0.068359375 0.55078125 0.05859375 0.548828125 0.060546875 0.529296875 0.0234375 0.525390625 0.021484375 0.537109375 0 0.533203125 0 0.591796875
0 0.560546875 0.88671875 0.51171875 0.880859375 0.509765625 0.900390625 0.498046875 0.900390625 0.494140625 0.9296875 0.5 0.9296875 0.498046875 0.94921875 0.65625 0.966796875 0.658203125 0.947265625 0.6640625 0.947265625 0.66796875 0.91796875 0.65625 0.916015625 0.658203125 0.896484375 0.623046875 0.892578125 0.62109375 0.904296875 0.560546875 0.8984375
0 0.533203125 0.6171875 0.484375 0.61328125 0.482421875 0.6328125 0.46875 0.630859375 0.466796875 0.66015625 0.47265625 0.662109375 0.470703125 0.681640625 0.626953125 0.697265625 0.630859375 0.677734375 0.63671875 0.6796875 0.638671875 0.6484375 0.62890625 0.6484375 0.630859375 0.62890625 0.59375 0.625 0.59375 0.63671875 0.533203125 0.62890625
0 0.28125 0.84765625 0.232421875 0.841796875 0.23046875 0.861328125 0.216796875 0.859375 0.212890625 0.890625 0.21875 0.890625 0.216796875 0.91015625 0.375 0.927734375 0.376953125 0.90625 0.3828125 0.908203125 0.38671875 0.876953125 0.376953125 0.876953125 0.37890625 0.857421875 0.341796875 0.853515625 0.33984375 0.865234375 0.279296875 0.857421875
0 0.005859375 0.802734375 0 0.80078125 0 0.869140625 0.099609375 0.880859375 0.1015625 0.861328125 0.107421875 0.86328125 0.111328125 0.83203125 0.1015625 0.83203125 0.103515625 0.8125 0.06640625 0.80859375 0.064453125 0.8203125 0.00390625 0.8125
0 0.830078125 0.646484375 0.76953125 0.646484375 0.767578125 0.701171875 0.7890625 0.701171875 0.7890625 0.716796875 0.921875 0.720703125 0.921875 0.705078125 0.931640625 0.705078125 0.93359375 0.650390625 0.875 0.6484375 0.873046875 0.67578125 0.830078125 0.67578125
0 0.25390625 0.568359375 0.203125 0.5625 0.201171875 0.58203125 0.189453125 0.580078125 0.185546875 0.611328125 0.19140625 0.611328125 0.189453125 0.630859375 0.34765625 0.646484375 0.349609375 0.626953125 0.35546875 0.62890625 0.359375 0.59765625 0.349609375 0.59765625 0.3515625 0.578125 0.314453125 0.57421875 0.3125 0.5859375 0.251953125 0.578125
0 0.189453125 0.630859375 0.19140625 0.611328125 0.185546875 0.611328125 0.189453125 0.580078125 0.201171875 0.58203125 0.203125 0.5625 0.05859375 0.546875 0.05859375 0.548828125 0.068359375 0.55078125 0.064453125 0.580078125 0.05859375 0.580078125 0.056640625 0.599609375 0 0.591796875 0 0.609375
0 0.25390625 0.568359375 0.251953125 0.578125 0.3125 0.5859375 0.314453125 0.57421875
0 0.646484375 0.34765625 0.6796875 0.359375 0.6953125 0.314453125 0.66015625 0.302734375
0 0.794921875 0.240234375 0.783203125 0.26171875 0.83203125 0.291015625 0.84375 0.267578125 0.8125 0.248046875
0 0.841796875 0.265625 0.85546875 0.23828125 0.826171875 0.22265625 0.8125 0.248046875
0 0.798828125 0.232421875 0.767578125 0.21484375 0.75 0.244140625 0.783203125 0.26171875 0.794921875 0.240234375
0 0.75390625 0.3046875 0.794921875 0.32421875 0.806640625 0.296875 0.763671875 0.279296875