0 0.064453125 0.099609375 0.095703125 0.099609375 0.095703125 0.048828125 0.001953125 0.048828125 0.001953125 0.123046875 0.064453125 0.123046875
0 0.181640625 0.15625 0.337890625 0.15625 0.337890625 0.107421875 0.181640625 0.107421875
0 0.390625 0.18359375 0.43359375 0.18359375 0.43359375 0.091796875 0.390625 0.091796875
0 0.578125 0.0234375 0.77734375 0.0234375 0.77734375 0 0.578125 0
0 0.619140625 0.0859375 0.71875 0.0859375 0.71875 0.056640625 0.619140625 0.056640625
0 0.58984375 0.22265625 0.666015625 0.244140625 0.67578125 0.203125 0.6015625 0.181640625
0 0.5234375 0.560546875 0.56640625 0.564453125 0.572265625 0.498046875 0.529296875 0.494140625
0 0.2890625 0.66015625 0.357421875 0.6640625 0.361328125 0.625 0.29296875 0.619140625
0 0.259765625 0.6015625 0.2578125 0.623046875 0.287109375 0.62890625 0.291015625 0.607421875
0 0.25 0.626953125 0.197265625 0.626953125 0.197265625 0.646484375 0.25 0.646484375
0 0.28515625 0.681640625 0.28515625 0.650390625 0.25 0.650390625 0.25 0.681640625
0 0.1328125 0.65625 0.1328125 0.6796875 0.177734375 0.6796875 0.177734375 0.65625
0 0.25 0.646484375 0.177734375 0.646484375 0.177734375 0.681640625 0.25 0.681640625 0.25 0.650390625
0 0.16796875 0.916015625 0.203125 0.916015625 0.203125 0.880859375 0.16796875 0.880859375
0 0.2578125 0.912109375 0.3046875 0.912109375 0.3046875 0.880859375 0.2578125 0.880859375
0 0.224609375 0.90625 0.25 0.90625 0.25 0.87890625 0.224609375 0.87890625
0 0.146484375 0.193359375 0.080078125 0.572265625 0.21484375 0.595703125 0.21484375 0.59375 0.359375 0.6171875 0.42578125 0.2421875
0 0.021484375 0.70703125 0.021484375 0.751953125 0.09375 0.751953125 0.09375 0.70703125
0 0.02734375 0.779296875 0.02734375 0.81640625 0.095703125 0.818359375 0.09765625 0.783203125
0 0.064453125 0.771484375 0.08984375 0.771484375 0.08984375 0.751953125 0.064453125 0.751953125
0 0.037109375 0.876953125 0.083984375 0.87890625 0.0859375 0.818359375 0.0390625 0.81640625
0 0.150390625 0.71875 0.150390625 0.775390625 0.345703125 0.775390625 0.345703125 0.71875 0.23046875 0.71875
0 0.455078125 0.03125 0.455078125 0 0.19140625 0 0.19140625 0.03125 0.455078125 0.03125
0 0.5625 0.486328125 0.580078125 0.337890625 0.53515625 0.33203125 0.517578125 0.48046875 0.5625 0.486328125
0 0.06640625 0.33984375 0.068359375 0.23828125 0 0.23828125 0 0.33984375 0.06640625 0.33984375
0 0.109375 0.02734375 0.109375 0 0 0 0 0.025390625 0.109375 0.02734375
0 0.02734375 0.37109375 0.02734375 0.337890625 0 0.3359375 0 0.37109375 0.02734375 0.37109375