0 0.6796875 0.353515625 0.814453125 0.33203125 0.8046875 0.279296875 0.671875 0.30078125
0 0.16015625 0.7890625 0.09765625 0.8046875 0.1171875 0.880859375 0.158203125 0.869140625 0.162109375 0.884765625 0.185546875 0.87890625
0 0.1953125 0.876953125 0.162109375 0.884765625 0.1875 0.9765625 0.21875 0.96875
0 0.228515625 0.8359375 0.203125 0.75 0.1796875 0.755859375 0.20703125 0.84375
0 0.125 0.65234375 0.09765625 0.66015625 0.134765625 0.796875 0.16015625 0.7890625
0 0.076171875 0.677734375 0.072265625 0.607421875 0 0.609375 0 0.646484375 0.001953125 0.681640625 0.021484375 0.6796875
0 0.791015625 0.013671875 0.822265625 0.0234375 0.828125 0 0.79296875 0
0 0.783203125 0.01953125 0.783203125 0 0.71875 0 0.71875 0.015625
0 0.78515625 0.09765625 0.814453125 0.099609375 0.8203125 0.025390625 0.7890625 0.0234375
0 0.748046875 0.109375 0.638671875 0.12109375 0.64453125 0.1796875 0.75390625 0.16796875
0 0.73046875 0.26171875 0.8125 0.251953125 0.802734375 0.162109375 0.720703125 0.171875
0 0.7421875 0.0703125 0.744140625 0.02734375 0.705078125 0.025390625 0.705078125 0.068359375 0.7421875 0.0703125
0 0.12109375 0.974609375 0.109375 0.935546875 0.052734375 0.951171875 0.064453125 0.9921875 0.12109375 0.974609375
0 0.07421875 0.857421875 0.07421875 0.810546875 0 0.80859375 0 0.85546875 0.07421875 0.857421875