0 0.810546875 0.91015625 0.837890625 0.962890625 1 0.87890625 1 0.810546875
0 0.77734375 0.92578125 0.6328125 1 0.765625 1 0.8046875 0.98046875
0 0.896484375 0.609375 0.904296875 0.626953125 0.88671875 0.634765625 0.90625 0.671875 0.923828125 0.662109375 0.9296875 0.67578125 0.9609375 0.658203125 0.96875 0.67578125 0.984375 0.666015625 0.9765625 0.650390625 1 0.63671875 1 0.576171875 0.98828125 0.58203125 0.98046875 0.56640625
0 0.4921875 0.810546875 0.5 0.826171875 0.482421875 0.8359375 0.501953125 0.87109375 0.51953125 0.86328125 0.525390625 0.875 0.556640625 0.859375 0.564453125 0.875 0.580078125 0.8671875 0.572265625 0.849609375 0.609375 0.830078125 0.603515625 0.818359375 0.619140625 0.810546875 0.61328125 0.796875 0.6015625 0.7734375 0.583984375 0.78125 0.576171875 0.765625
0 0.6953125 0.712890625 0.705078125 0.728515625 0.693359375 0.734375 0.712890625 0.7734375 0.724609375 0.767578125 0.73046875 0.77734375 0.76171875 0.76171875 0.76953125 0.77734375 0.78515625 0.76953125 0.77734375 0.751953125 0.814453125 0.732421875 0.80859375 0.72265625 0.82421875 0.71484375 0.81640625 0.69921875 0.8046875 0.67578125 0.7890625 0.68359375 0.78125 0.66796875
0 0.287109375 0.919921875 0.294921875 0.935546875 0.27734375 0.943359375 0.296875 0.98046875 0.314453125 0.970703125 0.3203125 0.984375 0.3515625 0.96875 0.359375 0.984375 0.376953125 0.9765625 0.3671875 0.958984375 0.40625 0.939453125 0.3984375 0.927734375 0.4140625 0.919921875 0.408203125 0.90625 0.396484375 0.8828125 0.380859375 0.890625 0.37109375 0.875
0 0.728515625 0.3984375 0.724609375 0.388671875 0.689453125 0.40625 0.693359375 0.4140625 0.611328125 0.451171875 0.607421875 0.443359375 0.576171875 0.458984375 0.578125 0.46484375 0.541015625 0.482421875 0.55859375 0.521484375 0.59765625 0.50390625 0.607421875 0.529296875 0.640625 0.515625 0.62890625 0.490234375 0.7109375 0.453125 0.72265625 0.4765625 0.7578125 0.4609375 0.74609375 0.4375 0.783203125 0.421875 0.765625 0.380859375
0 0.3515625 0.572265625 0.359375 0.587890625 0.333984375 0.59765625 0.34375 0.6171875 0.302734375 0.634765625 0.294921875 0.615234375 0.271484375 0.626953125 0.265625 0.61328125 0.23046875 0.630859375 0.236328125 0.642578125 0.205078125 0.65625 0.21484375 0.67578125 0.19921875 0.68359375 0.2109375 0.712890625 0.228515625 0.705078125 0.23046875 0.7109375 0.26171875 0.697265625 0.267578125 0.712890625 0.302734375 0.697265625 0.296875 0.681640625 0.3203125 0.669921875 0.31640625 0.6640625 0.357421875 0.646484375 0.361328125 0.654296875 0.39453125 0.638671875 0.400390625 0.650390625 0.427734375 0.638671875 0.421875 0.626953125 0.4453125 0.615234375 0.44140625 0.607421875 0.455078125 0.599609375 0.44140625 0.5703125 0.427734375 0.578125 0.419921875 0.55859375 0.40625 0.56640625 0.400390625 0.55078125
0 0.99609375 0.29296875 1 0.298828125 1 0.291015625
0 0.591796875 0.0078125 0.560546875 0.021484375 0.578125 0.056640625 0.609375 0.04296875 0.61328125 0.05078125 0.6640625 0.02734375 0.66015625 0.01953125 0.689453125 0.005859375 0.685546875 0 0.587890625 0
0 0.099609375 0.21484375 0.109375 0.234375 0.072265625 0.25 0.087890625 0.28515625 0.125 0.267578125 0.130859375 0.283203125 0.162109375 0.26953125 0.154296875 0.25390625 0.193359375 0.236328125 0.177734375 0.203125 0.138671875 0.220703125 0.130859375 0.201171875
0 0.349609375 0.111328125 0.357421875 0.12890625 0.31640625 0.146484375 0.33203125 0.177734375 0.349609375 0.169921875 0.34375 0.162109375 0.3671875 0.15234375 0.375 0.16796875 0.408203125 0.15234375 0.400390625 0.13671875 0.41796875 0.126953125 0.421875 0.134765625 0.439453125 0.126953125 0.42578125 0.095703125 0.388671875 0.11328125 0.3828125 0.095703125
0 0.01171875 0.541015625 0.03515625 0.53515625 0.01953125 0.470703125 0 0.474609375 0 0.5625 0.015625 0.55859375
0 0.11328125 0.79296875 0.09765625 0.728515625 0 0.75 0 0.8203125