0 0.009765625 0 0 0 0 0.025390625 0.013671875 0.025390625
0 0.044921875 0.05078125 0.041015625 0.017578125 0.021484375 0.01953125 0.025390625 0.052734375
0 0.021484375 0.0234375 0 0.025390625 0 0.0546875 0.025390625 0.052734375
0 0 0.072265625 0 0.126953125 0.01953125 0.12890625 0.02734375 0.076171875 0.017578125 0.07421875
0 0.02734375 0.072265625 0.02734375 0.076171875 0.01953125 0.125 0.0546875 0.1328125 0.06640625 0.080078125 0.03125 0.072265625
0 0.033203125 0.05859375 0.03125 0.072265625 0.06640625 0.080078125 0.068359375 0.06640625 0.0625 0.064453125 0.05859375 0.064453125
0 0.08984375 0.048828125 0.1328125 0.064453125 0.150390625 0.01953125 0.107421875 0.00390625
0 0.140625 0.07421875 0.18359375 0.087890625 0.19921875 0.037109375 0.154296875 0.025390625
0 0.017578125 0.009765625 0.0390625 0.005859375 0.037109375 0 0.015625 0
0 0.44140625 0.029296875 0.48828125 0.029296875 0.48828125 0 0.44140625 0
0 0.830078125 0.00390625 0.869140625 0.01953125 0.875 0 0.830078125 0
0 0.810546875 0.017578125 0.80078125 0.068359375 0.826171875 0.072265625 0.8359375 0.0234375
0 0.7890625 0.009765625 0.78125 0.037109375 0.779296875 0.037109375 0.77734375 0.041015625 0.802734375 0.05078125 0.8046875 0.044921875 0.810546875 0.017578125
0 0.828125 0.06640625 0.876953125 0.078125 0.890625 0.02734375 0.83984375 0.015625
0 0.884765625 0.072265625 0.9296875 0.0859375 0.943359375 0.03515625 0.8984375 0.0234375
0 0.705078125 0.013671875 0.73828125 0.021484375 0.744140625 0 0.70703125 0
0 0.79296875 0 0.744140625 0 0.73828125 0.021484375 0.78125 0.037109375 0.7890625 0.009765625
0 0.693359375 0.056640625 0.7265625 0.064453125 0.736328125 0.02734375 0.703125 0.01953125
0 0.728515625 0.07421875 0.767578125 0.087890625 0.77734375 0.05859375 0.73828125 0.044921875
0 0.646484375 0.0859375 0.716796875 0.107421875 0.728515625 0.07421875 0.658203125 0.052734375
0 0.626953125 0.099609375 0.57421875 0.076171875 0.560546875 0.107421875 0.61328125 0.130859375
0 0.55078125 0.1484375 0.59765625 0.169921875 0.61328125 0.130859375 0.568359375 0.111328125
0 0.478515625 0.123046875 0.525390625 0.142578125 0.544921875 0.09765625 0.5 0.078125
0 0.388671875 0.083984375 0.427734375 0.11328125 0.46875 0.060546875 0.4296875 0.03125
0 0.337890625 0.146484375 0.376953125 0.171875 0.412109375 0.119140625 0.373046875 0.09375
0 0.63671875 0.142578125 0.693359375 0.16015625 0.70703125 0.115234375 0.650390625 0.09765625
0 0.662109375 0.287109375 0.703125 0.298828125 0.71875 0.24609375 0.677734375 0.232421875
0 0.638671875 0.21875 0.62109375 0.26953125 0.658203125 0.283203125 0.677734375 0.232421875
0 0.765625 0.125 0.716796875 0.107421875 0.703125 0.1484375 0.751953125 0.1640625 0.763671875 0.130859375
0 0.771484375 0.107421875 0.814453125 0.119140625 0.826171875 0.078125 0.78125 0.06640625
0 0.86328125 0.134765625 0.91015625 0.146484375 0.923828125 0.099609375 0.875 0.0859375
0 0.84765625 0.197265625 0.900390625 0.208984375 0.9140625 0.15625 0.861328125 0.142578125 0.853515625 0.173828125
0 0.8671875 0.115234375 0.826171875 0.10546875 0.818359375 0.146484375 0.857421875 0.154296875 0.861328125 0.142578125
0 0.857421875 0.154296875 0.818359375 0.146484375 0.818359375 0.14453125 0.814453125 0.14453125 0.8046875 0.177734375 0.849609375 0.189453125 0.853515625 0.173828125
0 0.751953125 0.17578125 0.744140625 0.208984375 0.78515625 0.220703125 0.79296875 0.1875
0 0.814453125 0.14453125 0.763671875 0.130859375 0.751953125 0.17578125 0.802734375 0.189453125 0.8046875 0.177734375
0 0.740234375 0.173828125 0.70703125 0.1640625 0.701171875 0.1875 0.734375 0.197265625
0 0.697265625 0.17578125 0.634765625 0.15234375 0.619140625 0.1953125 0.681640625 0.21875 0.6953125 0.18359375
0 0.701171875 0.1875 0.701171875 0.185546875 0.6953125 0.18359375 0.681640625 0.21875 0.677734375 0.232421875 0.71875 0.24609375 0.734375 0.197265625
0 0.841796875 0.19921875 0.79296875 0.1875 0.78515625 0.220703125 0.783203125 0.23046875 0.830078125 0.2421875 0.83984375 0.205078125
0 0.828125 0.27734375 0.8671875 0.287109375 0.876953125 0.248046875 0.837890625 0.23828125
0 0.83984375 0.205078125 0.83203125 0.236328125 0.900390625 0.25390625 0.908203125 0.220703125
0 0.935546875 0.109375 0.921875 0.158203125 0.986328125 0.17578125 1 0.12890625
0 0.90625 0.25 0.947265625 0.26171875 0.958984375 0.22265625 0.91796875 0.208984375
0 0.927734375 0.158203125 0.912109375 0.208984375 0.958984375 0.22265625 0.97265625 0.171875
0 0.8046875 0.3359375 0.8203125 0.2890625 0.775390625 0.275390625 0.759765625 0.326171875 0.806640625 0.33984375 0.806640625 0.3359375
0 0.849609375 0.333984375 0.826171875 0.373046875 0.8671875 0.396484375 0.888671875 0.35546875
0 0.857421875 0.306640625 0.84375 0.330078125 0.888671875 0.35546875 0.90234375 0.33203125
0 0.859375 0.302734375 0.8203125 0.2890625 0.8046875 0.3359375 0.83984375 0.34765625 0.849609375 0.333984375 0.84375 0.330078125 0.857421875 0.306640625
0 0.712890625 0.302734375 0.748046875 0.3125 0.759765625 0.275390625 0.724609375 0.265625
0 0.517578125 0.177734375 0.58203125 0.205078125 0.59375 0.181640625 0.52734375 0.15234375
0 0.220703125 0.1171875 0.240234375 0.060546875 0.2109375 0.05078125 0.19140625 0.107421875 0.220703125 0.1171875
0 0.953125 0.02734375 0.958984375 0.001953125 0.90234375 0 0.8984375 0.017578125 0.953125 0.02734375