0 0.33203125 0.7890625 0.228515625 0.775390625 0.220703125 0.8359375 0.34375 0.849609375 0.34765625 0.8046875
0 0.705078125 0.900390625 0.51171875 0.875 0.49609375 1 0.69140625 1
0 0.4140625 0.970703125 0.41015625 1 0.494140625 1 0.498046875 0.98046875
0 0.736328125 1 0.798828125 1 0.810546875 0.9296875 0.75 0.919921875
0 0.525390625 0.80078125 0.599609375 0.80859375 0.6015625 0.7734375 0.529296875 0.765625
0 0.662109375 0.78125 0.646484375 0.875 0.724609375 0.888671875 0.740234375 0.79296875
0 0.732421875 0.84375 0.791015625 0.853515625 0.80078125 0.8046875 0.740234375 0.79296875
0 0.90234375 0.96875 1 0.978515625 1 0.900390625 0.912109375 0.890625
0 0.12890625 0.92578125 0.138671875 0.865234375 0 0.84375 0 0.90625
0 0.240234375 0.84765625 0.240234375 0.853515625 0.21875 0.8515625 0.2109375 0.91796875 0.326171875 0.931640625 0.328125 0.923828125 0.330078125 0.923828125 0.3359375 0.869140625 0.32421875 0.8671875 0.326171875 0.857421875 0.306640625 0.85546875 0.306640625 0.865234375 0.259765625 0.859375 0.26171875 0.849609375
0 0.416015625 0.923828125 0.455078125 0.9296875 0.47265625 0.822265625 0.43359375 0.814453125
0 0.001953125 0.220703125 0.306640625 0.265625 0.3125 0.22265625 0.0078125 0.17578125 0.005859375 0.185546875 0 0.18359375 0 0.228515625
0 0 0.025390625 0 0.08203125 0.318359375 0.12890625 0.326171875 0.072265625
0 0.4296875 0.0234375 0.564453125 0.041015625 0.568359375 0.00390625 0.537109375 0 0.431640625 0
0 0.40234375 0.134765625 0.546875 0.154296875 0.552734375 0.115234375 0.408203125 0.09765625
0 0.388671875 0.271484375 0.525390625 0.29296875 0.53125 0.255859375 0.39453125 0.234375
0 0.3671875 0.380859375 0.5 0.404296875 0.505859375 0.375 0.37109375 0.353515625
0 0.32421875 0.517578125 0.486328125 0.544921875 0.498046875 0.4765625 0.3359375 0.44921875
0 0.349609375 0.677734375 0.357421875 0.564453125 0.3125 0.55078125 0.302734375 0.673828125
0 0.54296875 0.59765625 0.53515625 0.65625 0.83984375 0.701171875 0.84765625 0.642578125
0 0.568359375 0.4453125 0.560546875 0.49609375 0.896484375 0.546875 0.904296875 0.49609375
0 0.599609375 0.28515625 0.58984375 0.33203125 0.921875 0.388671875 0.9296875 0.341796875
0 0.62890625 0.125 0.62109375 0.171875 0.9609375 0.23046875 0.96875 0.181640625
0 0.951171875 0 0.65234375 0 0.65234375 0.00390625 0.9921875 0.05859375 1 0.0078125
0 0 0.341796875 0 0.392578125 0.267578125 0.427734375 0.275390625 0.37890625
0 0 0.52734375 0 0.576171875 0.23828125 0.607421875 0.244140625 0.55859375
0 0.185546875 0.837890625 0.197265625 0.765625 0 0.734375 0 0.80859375