0 0.064453125 0.83984375 0.06640625 0.783203125 0 0.78125 0 0.837890625
0 0.13671875 0.732421875 0.115234375 0.787109375 0.224609375 0.83203125 0.2578125 0.751953125
0 0.03515625 0.9140625 0 0.8984375 0 1 0 1 0.013671875 0.96875
0 0.150390625 0.80078125 0.07421875 0.9921875 0.013671875 0.96875 0 1 0.138671875 1 0.2109375 0.826171875
0 0.005859375 0.59765625 0.005859375 0.609375 0.025390625 0.609375 0.025390625 0.662109375 0.09375 0.6640625 0.095703125 0.609375 0.11328125 0.611328125 0.11328125 0.599609375 0.158203125 0.6015625 0.158203125 0.611328125 0.234375 0.61328125 0.234375 0.6015625 0.2734375 0.603515625 0.2734375 0.61328125 0.279296875 0.61328125 0.27734375 0.666015625 0.28515625 0.66796875 0.287109375 0.59765625 0 0.591796875 0 0.59765625
0 0.025390625 0.662109375 0.025390625 0.609375 0.005859375 0.609375 0.005859375 0.59765625 0 0.59765625 0 0.66015625
0 0.11328125 0.599609375 0.11328125 0.611328125 0.095703125 0.609375 0.09375 0.6640625 0.27734375 0.666015625 0.279296875 0.61328125 0.2734375 0.61328125 0.2734375 0.603515625 0.234375 0.6015625 0.234375 0.61328125 0.158203125 0.611328125 0.158203125 0.6015625
0 0.271484375 0.0703125 0.267578125 0.1953125 0.396484375 0.19921875 0.400390625 0.07421875
0 0 0.0625 0 0.1875 0.091796875 0.189453125 0.095703125 0.06640625
0 0.337890625 0.546875 0.5 0.15234375 0.4609375 0.07421875 0.400390625 0.07421875 0.396484375 0.19921875 0.267578125 0.1953125 0.271484375 0.0703125 0.095703125 0.06640625 0.091796875 0.189453125 0 0.1875 0 0.537109375
0 0.64453125 0.390625 0.640625 0.470703125 0.841796875 0.48046875 0.845703125 0.3984375 0.703125 0.392578125
0 0.953125 0.359375 0.951171875 0.419921875 1 0.419921875 1 0.361328125
0 0.97265625 0.75 0.96484375 0.888671875 1 0.890625 1 0.75 0.9765625 0.75
0 0.978515625 0.712890625 0.9765625 0.75 1 0.75 1 0.712890625
0 0.322265625 0.94140625 0.673828125 0.962890625 0.677734375 0.91015625 0.326171875 0.890625
0 0.900390625 0.689453125 0.88671875 0.931640625 0.72265625 0.921875 0.720703125 0.97265625 0.931640625 0.986328125 0.94921875 0.693359375
0 0.44140625 0.771484375 0.849609375 0.794921875 0.853515625 0.74609375 0.443359375 0.720703125
0 0.890625 0.62890625 1 0.634765625 1 0.578125 0.892578125 0.572265625 0.890625 0.619140625
0 0.517578125 0.55078125 0.515625 0.59765625 0.890625 0.619140625 0.892578125 0.572265625
0 0.794921875 0.04296875 0.7890625 0.23046875 0.787109375 0.26171875 0.708984375 0.2578125 0.703125 0.392578125 0.845703125 0.3984375 0.845703125 0.416015625 0.951171875 0.419921875 0.953125 0.359375 1 0.361328125 1 0.05078125