0 0.11328125 0.244140625 0.15234375 0.28515625 0.3671875 0.072265625 0.326171875 0.033203125
0 0 0.115234375 0 0.130859375 0.033203125 0.1640625 0.19921875 0 0.115234375 0
0 0.830078125 0.673828125 1 0.673828125 1 0.60546875 0.830078125 0.60546875
0 0.673828125 0.451171875 0.673828125 0.498046875 0.6875 0.49609375 0.6875 0.515625 0.892578125 0.51171875 0.892578125 0.447265625
0 0.8828125 0.3515625 1 0.3515625 1 0.2890625 0.884765625 0.287109375
0 0.791015625 0.380859375 0.845703125 0.380859375 0.845703125 0.349609375 0.79296875 0.349609375
0 0.70703125 0.283203125 0.705078125 0.34765625 0.8828125 0.3515625 0.884765625 0.287109375
0 1 0.193359375 1 0.134765625 0.85546875 0.134765625 0.85546875 0.193359375
0 0.5703125 0.048828125 0.615234375 0.09375 0.708984375 0 0.619140625 0
0 0.228515625 0.375 0.271484375 0.421875 0.431640625 0.267578125 0.388671875 0.22265625
0 0.453125 0.16796875 0.494140625 0.208984375 0.564453125 0.138671875 0.5234375 0.09765625
0 0 0.1875 0 0.30859375 0.0859375 0.396484375 0.146484375 0.337890625
0 0.15234375 0.34375 0.033203125 0.4609375 0.1171875 0.546875 0.236328125 0.4296875
0 0.03515625 0.37890625 0 0.33984375 0 0.412109375
0 0.173828125 0.935546875 0.1640625 0.8984375 0.10546875 0.912109375 0.115234375 0.951171875
0 0.173828125 0.935546875 0.115234375 0.951171875 0.126953125 1 0.189453125 1
0 0.29296875 0.7265625 0.294921875 0.716796875 0.265625 0.68359375 0.251953125 0.6953125 0.244140625 0.685546875 0.224609375 0.703125 0.232421875 0.7109375 0.091796875 0.837890625 0.107421875 0.85546875 0.107421875 0.861328125 0.10546875 0.86328125 0.107421875 0.8671875 0.109375 0.87109375 0.111328125 0.876953125 0.11328125 0.87890625 0.119140625 0.880859375 0.123046875 0.8828125 0.130859375 0.8828125 0.1875 0.828125
0 0.046875 0.931640625 0.087890625 0.921875 0.078125 0.880859375 0.01953125 0.89453125 0 0.912109375 0 0.974609375
0 0.466796875 0.837890625 0.392578125 0.7578125 0.208984375 0.92578125 0.23828125 0.958984375 0.23046875 0.966796875 0.26171875 1 0.296875 1
0 0.232421875 0.96875 0.21484375 0.984375 0.228515625 1 0.26171875 1
0 0.63671875 0.681640625 0.453125 0.490234375 0.330078125 0.60546875 0.513671875 0.798828125
0 0.75390625 0.892578125 0.7421875 0.845703125 0.71484375 0.8515625 0.708984375 0.830078125 0.677734375 0.837890625 0.681640625 0.857421875 0.630859375 0.869140625 0.626953125 0.849609375 0.6015625 0.85546875 0.60546875 0.875 0.568359375 0.8828125 0.578125 0.931640625 0.736328125 0.896484375
0 0.748046875 0.794921875 0.708984375 0.830078125 0.71484375 0.8515625 0.7421875 0.845703125 0.75390625 0.892578125 0.736328125 0.896484375 0.828125 1 0.89453125 1 0.916015625 0.98046875
0 0.998046875 0.849609375 1 0.771484375 0.97265625 0.771484375 0.970703125 0.84765625 0.998046875 0.849609375