0 0.97265625 0.068359375 0.947265625 0.0859375 0.98046875 0.134765625 1 0.12109375 1 0.107421875
0 0.9296875 0.04296875 1 0.0703125 1 0.037109375 0.943359375 0.013671875
0 0.15234375 0.1484375 0.201171875 0.166015625 0.21875 0.1171875 0.169921875 0.099609375
0 0.1484375 0.162109375 0.1328125 0.201171875 0.177734375 0.21875 0.193359375 0.1796875
0 0 0.248046875 0 0.525390625 0.43359375 0.669921875 0.517578125 0.421875
0 0.037109375 1 0.3125 1 0.40234375 0.732421875 0.154296875 0.650390625
0 0.669921875 1 0.81640625 1 0.744140625 0.6953125 0.60546875 0.728515625
0 0.8203125 0.474609375 0.94921875 0.51953125 0.97265625 0.451171875 0.84375 0.408203125
0 0.810546875 0.33203125 0.96875 0.3828125 0.982421875 0.33984375 0.82421875 0.2890625
0 0.951171875 0.56640625 0.927734375 0.6328125 1 0.658203125 1 0.583984375
0 0.97265625 0.875 1 0.8828125 1 0.8125 0.9921875 0.810546875
0 0.849609375 0.591796875 0.85546875 0.62109375 0.927734375 0.609375 0.921875 0.580078125
0 0.935546875 0.162109375 0.8828125 0.107421875 0.849609375 0.140625 0.90234375 0.1953125 0.935546875 0.162109375
0 0.98828125 0.216796875 0.9453125 0.162109375 0.919921875 0.18359375 0.962890625 0.236328125 0.98828125 0.216796875
0 0.8125 0.21484375 0.810546875 0.115234375 0.7734375 0.1171875 0.775390625 0.21484375 0.8125 0.21484375
0 0.115234375 0.599609375 0.125 0.568359375 0.025390625 0.537109375 0.015625 0.56640625 0.115234375 0.599609375
0 0.9921875 0.521484375 1 0.478515625 0.974609375 0.46484375 0.95703125 0.509765625 0.9921875 0.521484375
0 0.826171875 0.271484375 0.837890625 0.23046875 0.796875 0.21875 0.78515625 0.259765625 0.826171875 0.271484375
0 0.68359375 0.626953125 0.65234375 0.513671875 0.591796875 0.53125 0.623046875 0.64453125 0.68359375 0.626953125