0 0.05078125 0.27734375 0.080078125 0.25390625 0 0.146484375 0 0.2109375
0 0.05078125 0.3203125 0.091796875 0.30859375 0.0859375 0.28515625 0.044921875 0.296875
0 0.189453125 0.044921875 0.138671875 0.087890625 0.236328125 0.203125 0.248046875 0.193359375 0.47265625 0.1875 0.470703125 0.1171875 0.255859375 0.123046875 0.208984375 0.06640625
0 0.251953125 0.029296875 0.208984375 0.06640625 0.255859375 0.123046875 0.330078125 0.12109375
0 0.439453125 0 0.28515625 0 0.251953125 0.029296875 0.330078125 0.12109375 0.470703125 0.1171875 0.47265625 0.12890625 0.490234375 0.11328125 0.50390625 0.126953125 0.513671875 0.119140625 0.517578125 0.125 0.54296875 0.103515625 0.494140625 0.044921875 0.486328125 0.052734375 0.451171875 0.01171875
0 0.083984375 0.08984375 0.134765625 0.044921875 0.095703125 0 0.0078125 0
0 0.892578125 0.2265625 0.8984375 0.162109375 0.75 0.1484375 0.744140625 0.212890625
0 0.640625 0.138671875 0.626953125 0.150390625 0.623046875 0.201171875 0.744140625 0.212890625 0.75 0.1484375
0 0.951171875 0.234375 1 0.236328125 1 0.177734375 0.95703125 0.17578125
0 0.984375 0.140625 1 0.140625 1 0.111328125 0.986328125 0.111328125
0 0.8671875 0.03515625 0.97265625 0.04296875 0.974609375 0 0.869140625 0
0 0.748046875 0.02734375 0.8671875 0.037109375 0.869140625 0 0.75 0
0 0.142578125 0.779296875 0.150390625 0.740234375 0 0.712890625 0 0.75390625 0.142578125 0.779296875
0 1 0.640625 1 0.599609375 0.861328125 0.580078125 0.85546875 0.619140625 1 0.640625
0 0.224609375 0.775390625 0.23046875 0.736328125 0.17578125 0.7265625 0.16796875 0.765625 0.224609375 0.775390625
0 0.998046875 0.955078125 1 0.9140625 0.9765625 0.912109375 0.97265625 0.953125 0.998046875 0.955078125
0 0.333984375 1 0.333984375 0.9765625 0.23046875 0.9765625 0.23046875 1 0.333984375 1
0 0.580078125 0.220703125 0.583984375 0.134765625 0.50390625 0.130859375 0.5 0.216796875 0.580078125 0.220703125