0 0.884765625 0.6328125 0.818359375 0.796875 0.841796875 0.806640625 0.908203125 0.642578125 0.884765625 0.634765625
0 1 0.7265625 1 0.69140625 0.939453125 0.6875 0.9375 0.72265625
0 0.87890625 0.716796875 0.841796875 0.806640625 0.8984375 0.810546875 0.900390625 0.798828125 1 0.806640625 1 0.7265625 0.9375 0.72265625
0 0.171875 0.052734375 0.185546875 0 0 0 0 0.005859375
0 0.1796875 0.048828125 0.224609375 0.064453125 0.240234375 0.021484375 0.1953125 0.005859375
0 0.982421875 0.373046875 0.958984375 0.36328125 0.94921875 0.388671875 1 0.41015625 1 0.32421875
0 0.8984375 0.408203125 0.884765625 0.455078125 0.97265625 0.478515625 0.984375 0.431640625
0 0.91015625 0.478515625 0.90234375 0.50390625 0.916015625 0.5078125 0.912109375 0.51953125 0.9375 0.52734375 0.94140625 0.513671875 0.955078125 0.517578125 0.9609375 0.4921875
0 0.861328125 0.48828125 0.8359375 0.478515625 0.806640625 0.548828125 0.83203125 0.560546875 0.841796875 0.53515625
0 0.841796875 0.53515625 0.83203125 0.560546875 0.90234375 0.587890625 0.9140625 0.5625
0 0.923828125 0.5390625 0.884765625 0.634765625 0.908203125 0.642578125 0.947265625 0.546875
0 0.560546875 0.92578125 0.626953125 0.9609375 0.646484375 0.923828125 0.578125 0.890625 0.56640625 0.9140625
0 0.443359375 0.931640625 0.533203125 0.978515625 0.55078125 0.943359375 0.4921875 0.9140625 0.5078125 0.884765625 0.56640625 0.9140625 0.578125 0.890625 0.48828125 0.84375
0 0.8671875 0.474609375 0.89453125 0.380859375 0.861328125 0.37109375 0.833984375 0.46484375 0.8671875 0.474609375
0 0.634765625 0.490234375 0.650390625 0.447265625 0.611328125 0.43359375 0.59765625 0.478515625 0.634765625 0.490234375
0 0.73828125 0.236328125 0.748046875 0.1953125 0.677734375 0.1796875 0.66796875 0.21875 0.73828125 0.236328125
0 0.658203125 0.396484375 0.677734375 0.3046875 0.64453125 0.296875 0.623046875 0.388671875 0.658203125 0.396484375
0 0.314453125 0.263671875 0.3203125 0.236328125 0.2578125 0.22265625 0.251953125 0.25 0.314453125 0.263671875
0 0.736328125 0.134765625 0.7421875 0.09765625 0.70703125 0.09375 0.703125 0.12890625 0.736328125 0.134765625
0 0.833984375 0.15625 0.841796875 0.123046875 0.802734375 0.115234375 0.794921875 0.146484375 0.833984375 0.15625
0 0.65625 0.5390625 0.6640625 0.505859375 0.619140625 0.494140625 0.611328125 0.52734375 0.65625 0.5390625
0 0.880859375 0.916015625 0.880859375 0.88671875 0.8359375 0.884765625 0.8359375 0.916015625 0.880859375 0.916015625
0 0.375 0.275390625 0.380859375 0.248046875 0.314453125 0.234375 0.310546875 0.263671875 0.375 0.275390625
0 0.857421875 0.298828125 0.87109375 0.24609375 0.8359375 0.23828125 0.82421875 0.2890625 0.857421875 0.298828125
0 1 0.115234375 1 0.07421875 0.97265625 0.07421875 0.97265625 0.115234375 1 0.115234375
0 0.56640625 0.7265625 0.5859375 0.6640625 0.552734375 0.654296875 0.533203125 0.716796875 0.56640625 0.7265625
0 0.771484375 0.033203125 0.775390625 0.001953125 0.740234375 0 0.734375 0.02734375 0.771484375 0.033203125
0 0.89453125 0.3125 0.90234375 0.279296875 0.869140625 0.271484375 0.861328125 0.3046875 0.89453125 0.3125