0 0.90234375 0.201171875 0.896484375 0.146484375 0.783203125 0.15625 0.689453125 0.234375 0.7265625 0.27734375 0.8046875 0.208984375
0 1 0.19140625 1 0.13671875 0.896484375 0.146484375 0.90234375 0.201171875 0.96484375 0.1953125
0 0.8125 0.0546875 0.7734375 0.103515625 0.80859375 0.130859375 0.845703125 0.08203125
0 0.822265625 0.04296875 0.8671875 0.078125 0.927734375 0 0.85546875 0
0 0.923828125 0.37890625 1 0.37109375 1 0.318359375 0.919921875 0.326171875
0 0.974609375 0.537109375 1 0.533203125 1 0.4765625 0.970703125 0.48046875
0 0.955078125 0.6640625 1 0.66015625 1 0.609375 0.951171875 0.615234375
0 0.859375 0.443359375 0.8515625 0.33984375 0.826171875 0.341796875 0.828125 0.375 0.69921875 0.38671875 0.705078125 0.455078125 0.75 0.451171875
0 0.859375 0.443359375 0.767578125 0.451171875 0.7734375 0.515625 0.75390625 0.517578125 0.759765625 0.58203125 0.87109375 0.57421875
0 0.943359375 0.7421875 0.947265625 0.798828125 1 0.794921875 1 0.736328125
0 0.95703125 1 1 1 1 0.939453125 0.955078125 0.943359375
0 0.0546875 0.84765625 0.056640625 0.857421875 0 0.861328125 0 0.923828125 0.0546875 0.919921875 0.056640625 0.935546875 0.109375 0.931640625 0.107421875 0.916015625 0.138671875 0.912109375 0.1328125 0.849609375 0.107421875 0.853515625 0.107421875 0.84375
0 0.60546875 0.53515625 0.60546875 0.54296875 0.525390625 0.55078125 0.5234375 0.541015625 0.466796875 0.544921875 0.46875 0.5546875 0.447265625 0.556640625 0.453125 0.619140625 0.486328125 0.615234375 0.48828125 0.6328125 0.54296875 0.62890625 0.541015625 0.611328125 0.603515625 0.60546875 0.60546875 0.623046875 0.658203125 0.619140625 0.658203125 0.6015625 0.6875 0.599609375 0.68359375 0.537109375 0.658203125 0.5390625 0.65625 0.529296875
0 0.333984375 0.701171875 0.3359375 0.7109375 0.25390625 0.71875 0.25390625 0.708984375 0.197265625 0.712890625 0.19921875 0.72265625 0.177734375 0.724609375 0.18359375 0.787109375 0.216796875 0.783203125 0.21875 0.80078125 0.271484375 0.794921875 0.271484375 0.779296875 0.333984375 0.7734375 0.3359375 0.791015625 0.388671875 0.78515625 0.38671875 0.76953125 0.41796875 0.767578125 0.4140625 0.705078125 0.38671875 0.70703125 0.38671875 0.697265625
0 0.578125 0.873046875 0.580078125 0.888671875 0.568359375 0.890625 0.5703125 0.91796875 0.58203125 0.91796875 0.583984375 0.935546875 0.599609375 0.93359375 0.599609375 0.943359375 0.63671875 0.94140625 0.63671875 0.931640625 0.67578125 0.927734375 0.67578125 0.9375 0.72265625 0.93359375 0.72265625 0.923828125 0.751953125 0.921875 0.75390625 0.931640625 0.7890625 0.927734375 0.787109375 0.91796875 0.802734375 0.91796875 0.80078125 0.8984375 0.81640625 0.8984375 0.8125 0.869140625 0.798828125 0.87109375 0.796875 0.853515625
0 0.046875 0.076171875 0.046875 0 0 0 0 0.076171875 0.046875 0.076171875