0 0.630859375 0.9453125 0.556640625 0.970703125 0.564453125 1 0.6484375 1
0 0.28125 0.306640625 0.169921875 0.345703125 0.181640625 0.376953125 0.29296875 0.337890625
0 0.3671875 0.310546875 0.23828125 0.357421875 0.251953125 0.39453125 0.380859375 0.34765625
0 0.203125 0.3828125 0 0.455078125 0 0.591796875 0.04296875 0.7109375 0.2890625 0.62109375
0 0.837890625 0.150390625 0.833984375 0.1328125 0.705078125 0.16015625 0.720703125 0.232421875 1 0.169921875 0.98828125 0.115234375
0 0.66015625 0 0.5859375 0 0.580078125 0.02734375 0.734375 0.068359375 0.74609375 0.0234375
0 0.220703125 0.119140625 0.431640625 0.119140625 0.431640625 0.072265625 0.220703125 0.072265625
0 0.564453125 0.064453125 0.482421875 0.064453125 0.482421875 0.119140625 0.564453125 0.119140625
0 0.21875 0.265625 0.423828125 0.265625 0.423828125 0.21484375 0.21875 0.21484375
0 0 0.40625 0 0.439453125 0.181640625 0.375 0.169921875 0.345703125
0 0.767578125 0.0625 1 0.017578125 1 0 0.810546875 0 0.7578125 0.009765625
0 0.51171875 0.029296875 0.57421875 0.046875 0.5859375 0 0.51953125 0
0 0.482421875 0.013671875 0.431640625 0.013671875 0.431640625 0.119140625 0.482421875 0.119140625 0.482421875 0.064453125
0 0.6328125 0.552734375 0.6796875 0.54296875 0.607421875 0.181640625 0.560546875 0.19140625
0 0.953125 0.416015625 0.97265625 0.408203125 0.953125 0.3515625 0.697265625 0.4375 0.724609375 0.51953125 0.9609375 0.439453125
0 0.921875 0.328125 0.8671875 0.345703125 0.876953125 0.376953125 0.931640625 0.359375
0 0.46484375 0.341796875 0.5078125 0.333984375 0.50390625 0.30078125 0.458984375 0.30859375
0 0.373046875 0.658203125 0.43359375 0.634765625 0.416015625 0.587890625 0.35546875 0.609375
0 0.595703125 0.55859375 0.58203125 0.517578125 0.501953125 0.544921875 0.515625 0.5859375 0.595703125 0.55859375
0 0.61328125 0.462890625 0.60546875 0.423828125 0.556640625 0.43359375 0.564453125 0.47265625 0.61328125 0.462890625