0 0.517578125 0.892578125 0.505859375 0.830078125 0.3828125 0.853515625 0.39453125 0.916015625
0 0.384765625 0.861328125 0.28125 0.880859375 0.291015625 0.935546875 0.39453125 0.916015625
0 0.287109375 0.90625 0.197265625 0.921875 0.205078125 0.95703125 0.2265625 0.953125 0.228515625 0.962890625 0.2734375 0.955078125 0.271484375 0.943359375 0.29296875 0.939453125 0.291015625 0.935546875
0 0.24609375 0.716796875 0.138671875 0.73828125 0.146484375 0.77734375 0.177734375 0.771484375 0.17578125 0.763671875 0.19921875 0.7578125 0.201171875 0.767578125 0.25390625 0.7578125
0 0.412109375 0.38671875 0.416015625 0.40625 0.345703125 0.419921875 0.341796875 0.400390625 0.2890625 0.41015625 0.30078125 0.470703125 0.330078125 0.466796875 0.33203125 0.486328125 0.375 0.478515625 0.376953125 0.48828125 0.4140625 0.48046875 0.412109375 0.470703125 0.44140625 0.46484375 0.439453125 0.4453125 0.470703125 0.439453125 0.458984375 0.37890625
0 0.201171875 0.767578125 0.19921875 0.7578125 0.17578125 0.763671875 0.177734375 0.771484375 0.12109375 0.783203125 0.12890625 0.818359375 0.271484375 0.791015625 0.263671875 0.755859375
0 0.3515625 0.73046875 0.34765625 0.7109375 0.306640625 0.71875 0.310546875 0.73828125 0.26171875 0.748046875 0.26953125 0.783203125 0.41015625 0.755859375 0.40234375 0.720703125
0 0.259765625 0.6953125 0.271484375 0.74609375 0.310546875 0.73828125 0.306640625 0.71875 0.34765625 0.7109375 0.3515625 0.73046875 0.40234375 0.720703125 0.392578125 0.669921875
0 0.046875 0.66796875 0.224609375 0.634765625 0.21484375 0.580078125 0.037109375 0.615234375
0 0.08984375 0.986328125 0.076171875 0.916015625 0 0.9296875 0 1 0.01953125 1
0 0.1640625 0.50390625 0.146484375 0.423828125 0.025390625 0.44921875 0.04296875 0.53125
0 0.025390625 0.541015625 0.021484375 0.525390625 0.041015625 0.521484375 0.03125 0.474609375 0.00390625 0.48046875 0 0.4609375 0 0.544921875
0 0.13671875 0.337890625 0.12109375 0.2734375 0 0.302734375 0 0.37109375
0 0.08984375 0.193359375 0.078125 0.15234375 0 0.169921875 0 0.21484375 0.041015625 0.205078125 0.046875 0.22265625 0.080078125 0.21484375 0.076171875 0.197265625
0 0.720703125 0.61328125 0.724609375 0.630859375 0.654296875 0.64453125 0.650390625 0.625 0.59765625 0.63671875 0.609375 0.697265625 0.638671875 0.69140625 0.642578125 0.7109375 0.68359375 0.703125 0.685546875 0.712890625 0.72265625 0.705078125 0.720703125 0.6953125 0.751953125 0.689453125 0.748046875 0.669921875 0.779296875 0.6640625 0.767578125 0.603515625
0 0.654296875 0.2734375 0.658203125 0.291015625 0.5859375 0.3046875 0.58203125 0.287109375 0.529296875 0.296875 0.541015625 0.357421875 0.5703125 0.3515625 0.57421875 0.37109375 0.6171875 0.36328125 0.619140625 0.373046875 0.65625 0.365234375 0.654296875 0.35546875 0.68359375 0.349609375 0.6796875 0.330078125 0.712890625 0.32421875 0.701171875 0.263671875
0 0.349609375 0.05859375 0.353515625 0.078125 0.283203125 0.091796875 0.279296875 0.072265625 0.2265625 0.083984375 0.23828125 0.14453125 0.267578125 0.138671875 0.26953125 0.158203125 0.3125 0.150390625 0.314453125 0.16015625 0.3515625 0.15234375 0.349609375 0.142578125 0.380859375 0.13671875 0.376953125 0.1171875 0.408203125 0.111328125 0.396484375 0.05078125
0 0.759765625 0.9375 0.763671875 0.955078125 0.6953125 0.966796875 0.693359375 0.94921875 0.642578125 0.958984375 0.6484375 0.998046875 0.642578125 0.998046875 0.642578125 1 0.84375 1 0.837890625 0.96484375 0.822265625 0.966796875 0.81640625 0.927734375
0 0.8203125 0.896484375 0.802734375 0.740234375 0.697265625 0.75390625 0.71484375 0.908203125 0.8203125 0.896484375
0 0.216796875 0.501953125 0.19140625 0.361328125 0.150390625 0.369140625 0.177734375 0.5078125 0.216796875 0.501953125
0 0.52734375 0.99609375 0.5234375 0.94140625 0.419921875 0.951171875 0.423828125 1 0.52734375 0.99609375
0 1 0.078125 0.99609375 0.04296875 0.94921875 0.046875 0.953125 0.083984375 1 0.078125
0 0.421875 1 0.421875 0.974609375 0.34375 0.974609375 0.34375 1 0.421875 1