0 0.818359375 1 0.900390625 1 0.90625 0.98828125 0.880859375 0.9765625 0.873046875 0.994140625 0.828125 0.9765625
0 0.97265625 0.1328125 0.96875 0.146484375 0.9375 0.13671875 0.919921875 0.189453125 1 0.21484375 1 0.15625 0.99609375 0.15625 1 0.142578125
0 0.98828125 0.650390625 0.984375 0.662109375 0.953125 0.65234375 0.935546875 0.705078125 1 0.7265625 1 0.65234375
0 0.2265625 0.984375 0.271484375 1 0.439453125 1 0.443359375 0.994140625 0.248046875 0.92578125
0 0.25 0.78125 0.57421875 0.8984375 0.59375 0.845703125 0.26953125 0.728515625
0 0.599609375 0.90234375 0.78125 0.96484375 0.798828125 0.912109375 0.6171875 0.8515625
0 0.564453125 0.685546875 0.85546875 0.79296875 0.876953125 0.734375 0.583984375 0.62890625
0 0.21875 0.5625 0.541015625 0.6796875 0.560546875 0.625 0.23828125 0.5078125
0 0.365234375 0.40234375 0.568359375 0.478515625 0.587890625 0.4296875 0.384765625 0.353515625
0 0.595703125 0.490234375 0.87109375 0.5859375 0.888671875 0.53125 0.61328125 0.435546875
0 0.599609375 0.033203125 0.56640625 0.021484375 0.572265625 0 0.541015625 0 0.537109375 0.01171875 0.521484375 0.005859375 0.521484375 0 0.43359375 0 0.42578125 0.025390625 0.58203125 0.080078125 0.587890625 0.064453125
0 0.833984375 0.130859375 0.83984375 0.111328125 0.810546875 0.1015625 0.8046875 0.12109375 0.7890625 0.115234375 0.794921875 0.09765625 0.765625 0.0859375 0.759765625 0.10546875 0.708984375 0.087890625 0.693359375 0.13671875 0.849609375 0.189453125 0.8671875 0.142578125 0.837890625 0.1328125
0 0.01171875 0.07421875 0.310546875 0.18359375 0.328125 0.138671875 0.21484375 0.09765625 0.22265625 0.078125 0.162109375 0.0546875 0.154296875 0.07421875 0.029296875 0.029296875
0 0.6328125 0.287109375 0.65234375 0.23046875 0.376953125 0.13671875 0.357421875 0.193359375
0 0.83984375 0.365234375 0.859375 0.30859375 0.671875 0.244140625 0.65234375 0.30078125
0 1 0.052734375 1 0 0.859375 0
0 0.865234375 0.056640625 0.701171875 0 0.572265625 0 0.56640625 0.021484375 0.599609375 0.033203125 0.587890625 0.064453125 0.705078125 0.103515625 0.708984375 0.087890625 0.759765625 0.10546875 0.765625 0.0859375 0.794921875 0.09765625 0.7890625 0.115234375 0.8046875 0.12109375 0.810546875 0.1015625 0.83984375 0.111328125 0.833984375 0.130859375 0.837890625 0.1328125
0 0.935546875 0.091796875 0.91796875 0.12109375 0.892578125 0.111328125 0.87109375 0.171875 0.919921875 0.189453125 0.9375 0.13671875 0.96875 0.146484375 0.97265625 0.1328125 1 0.142578125 1 0.11328125
0 0.98828125 0.41796875 1 0.384765625 1 0.373046875 0.912109375 0.34375 0.896484375 0.38671875
0 0.306640625 0.40234375 0.33203125 0.337890625 0.046875 0.228515625 0.021484375 0.29296875 0.306640625 0.40234375