0 0 0.498046875 0 1 0.140625 1 0.158203125 0.919921875 0.271484375 0.9453125 0.298828125 0.8203125 0.34375 0.830078125 0.396484375 0.5859375
0 0.169921875 0.328125 0.18359375 0.275390625 0 0.23046875 0 0.28515625
0 0.2109375 0.341796875 0.474609375 0.390625 0.484375 0.33984375 0.220703125 0.291015625
0 0.462890625 0.193359375 0.447265625 0.28515625 0.515625 0.298828125 0.533203125 0.20703125
0 0.548828125 0.115234375 0.48046875 0.103515625 0.47265625 0.1484375 0.541015625 0.16015625
0 0.306640625 0.119140625 0.296875 0.166015625 0.533203125 0.20703125 0.541015625 0.16015625
0 0.236328125 0.189453125 0.25 0.130859375 0 0.0703125 0 0.1328125
0 0.37890625 0.009765625 0.568359375 0.037109375 0.572265625 0 0.37890625 0
0 0.654296875 0.623046875 0.572265625 1 0.63671875 1 0.71484375 0.63671875
0 0.9296875 0.154296875 1 0.1640625 1 0.103515625 0.9375 0.095703125
0 0.75 0.26953125 0.77734375 0.2734375 0.78515625 0.23046875 0.775390625 0.228515625 0.779296875 0.20703125 0.802734375 0.2109375 0.8046875 0.203125 0.83984375 0.2109375 0.845703125 0.17578125 0.84765625 0.17578125 0.865234375 0.0859375 0.814453125 0.076171875 0.822265625 0.03125 0.8125 0.029296875 0.81640625 0.009765625 0.83984375 0.013671875 0.841796875 0.005859375 0.876953125 0.009765625 0.87890625 0 0.802734375 0
0 0.8046875 0.203125 0.802734375 0.2109375 0.779296875 0.20703125 0.775390625 0.228515625 0.78515625 0.23046875 0.77734375 0.2734375 0.845703125 0.287109375 0.853515625 0.2421875 0.86328125 0.244140625 0.8671875 0.22265625 0.83984375 0.21875 0.83984375 0.2109375
0 0.841796875 0.005859375 0.83984375 0.013671875 0.81640625 0.009765625 0.8125 0.029296875 0.822265625 0.03125 0.814453125 0.076171875 0.8828125 0.087890625 0.890625 0.044921875 0.900390625 0.046875 0.904296875 0.025390625 0.876953125 0.01953125 0.87890625 0.01171875
0 0.89453125 0.322265625 1 0.33984375 1 0.2734375 0.90625 0.259765625
0 0.916015625 0.396484375 0.923828125 0.365234375 0.83984375 0.345703125 0.833984375 0.376953125 0.916015625 0.396484375
0 0.939453125 0.5390625 0.951171875 0.486328125 0.884765625 0.470703125 0.873046875 0.5234375 0.939453125 0.5390625