0 0.947265625 0.337890625 1 0.33984375 1 0.087890625 0.962890625 0.0859375
0 0.947265625 0.431640625 0.9453125 0.470703125 0.9765625 0.47265625 0.970703125 0.58984375 0.939453125 0.587890625 0.9375 0.638671875 1 0.640625 1 0.43359375
0 0.580078125 0.38671875 0.576171875 0.455078125 0.583984375 0.455078125 0.578125 0.55859375 0.552734375 0.556640625 0.548828125 0.625 0.578125 0.626953125 0.572265625 0.720703125 0.52734375 0.716796875 0.521484375 0.78515625 0.677734375 0.796875 0.68359375 0.728515625 0.607421875 0.72265625 0.61328125 0.62890625 0.779296875 0.638671875 0.783203125 0.5703125 0.615234375 0.560546875 0.623046875 0.45703125 0.8046875 0.46875 0.810546875 0.400390625
0 0.109375 0.828125 0.412109375 0.85546875 0.41796875 0.775390625 0.1171875 0.748046875
0 0.12109375 0.546875 0.115234375 0.6328125 0.146484375 0.634765625 0.140625 0.70703125 0.236328125 0.712890625 0.24609375 0.5546875
0 0.279296875 0.62890625 0.427734375 0.638671875 0.431640625 0.564453125 0.28515625 0.5546875
0 0.171875 0.376953125 0.1484375 0.375 0.146484375 0.3984375 0.169921875 0.400390625 0.16796875 0.431640625 0.431640625 0.451171875 0.427734375 0.509765625 0.494140625 0.513671875 0.50390625 0.37890625 0.173828125 0.35546875
0 0.61328125 0.28515625 0.609375 0.32421875 0.8359375 0.337890625 0.837890625 0.30078125 0.802734375 0.296875
0 0.5546875 0.228515625 0.173828125 0.205078125 0.166015625 0.3125 0.548828125 0.3359375 0.548828125 0.31640625
0 0.67578125 0.283203125 0.693359375 0.28515625 0.69921875 0.181640625 0.681640625 0.181640625
0 0.609375 0.12109375 0.607421875 0.17578125 0.85546875 0.19140625 0.857421875 0.13671875
0 0.658203125 0.23046875 0.662109375 0.189453125 0.6015625 0.18359375 0.59765625 0.224609375 0.619140625 0.2265625 0.6171875 0.255859375 0.66015625 0.259765625 0.662109375 0.23046875
0 0.12890625 0.0234375 0.125 0.0625 0.099609375 0.060546875 0.09375 0.142578125 0.12109375 0.14453125 0.119140625 0.162109375 0.26171875 0.171875 0.26953125 0.03125
0 0.130859375 0.94921875 0.208984375 0.9375 0.20703125 0.916015625 0.126953125 0.92578125
0 0.27734375 0.900390625 0.22265625 0.91015625 0.2265625 0.935546875 0.28125 0.92578125
0 0.3046875 0.892578125 0.275390625 0.8984375 0.279296875 0.91796875 0.30859375 0.9140625 0.306640625 0.8984375
0 0.34375 0.90625 0.353515625 0.904296875 0.3515625 0.89453125 0.341796875 0.896484375
0 0.341796875 0.892578125 0.306640625 0.8984375 0.30859375 0.9140625 0.34375 0.908203125
0 0.35546875 0.91015625 0.447265625 0.8984375 0.4453125 0.876953125 0.353515625 0.88671875
0 0.091796875 0.404296875 0.115234375 0.404296875 0.115234375 0.369140625 0.091796875 0.369140625
0 0.08984375 0.53515625 0.11328125 0.53515625 0.11328125 0.470703125 0.08984375 0.470703125
0 0.103515625 0.470703125 0.103515625 0.431640625 0.080078125 0.431640625 0.080078125 0.470703125 0.08984375 0.470703125
0 0.80859375 0.189453125 0.802734375 0.296875 0.8203125 0.298828125 0.822265625 0.2578125 0.853515625 0.259765625 0.853515625 0.23828125 0.82421875 0.236328125 0.826171875 0.189453125
0 0.5390625 0.6171875 0.541015625 0.546875 0.447265625 0.54296875 0.4453125 0.615234375