0 0.49609375 0.3828125 0.498046875 0.376953125 0.251953125 0.275390625 0.212890625 0.375 0.41796875 0.458984375 0.3984375 0.50390625 0.396484375 0.50390625 0.322265625 0.681640625 0.423828125 0.724609375 0.498046875 0.544921875 0.4375 0.521484375 0.46484375 0.455078125 0.521484375 0.478515625 0.55078125 0.40625
0 0.130859375 0.11328125 0.14453125 0.078125 0.107421875 0.0625 0.115234375 0.0390625 0.099609375 0.033203125 0.08984375 0.056640625 0 0.01953125 0 0.060546875
0 0.142578125 0.1328125 0.341796875 0.2109375 0.369140625 0.138671875 0.171875 0.060546875
0 0.38671875 0.185546875 0.44140625 0.20703125 0.455078125 0.16796875 0.400390625 0.146484375
0 0.271484375 0.025390625 0.41796875 0.083984375 0.451171875 0 0.279296875 0
0 0.86328125 0.291015625 0.986328125 0 0.9609375 0 0.841796875 0.28125
0 0.9609375 0 0.853515625 0 0.744140625 0.2578125 0.833984375 0.296875 0.841796875 0.28125
0 0.45703125 0.998046875 0.4609375 1 0.603515625 1 0.486328125 0.94140625
0 0.771484375 1 0.875 1 0.7890625 0.962890625
0 0.869140625 0.775390625 1 0.82421875 1 0.779296875 0.884765625 0.736328125
0 0.8984375 0.701171875 0.884765625 0.736328125 1 0.779296875 1 0.740234375
0 0.947265625 0.505859375 1 0.533203125 1 0.484375 0.966796875 0.46875
0 0.71484375 0.291015625 0.64453125 0.458984375 0.67578125 0.47265625 0.70703125 0.396484375 0.787109375 0.4296875 0.720703125 0.587890625 0.705078125 0.580078125 0.685546875 0.62890625 0.708984375 0.638671875 0.69921875 0.666015625 0.75 0.6875 0.88671875 0.361328125
0 0.728515625 0.943359375 0.75 0.953125 0.796875 0.8515625 0.7734375 0.841796875
0 0.341796875 0.890625 0.35546875 0.853515625 0.1640625 0.779296875 0.1484375 0.81640625
0 0.19140625 0.876953125 0.15625 0.962890625 0.1875 0.9765625 0.2109375 0.919921875 0.275390625 0.9453125 0.287109375 0.916015625
0 0.001953125 0.755859375 0.099609375 0.79296875 0.119140625 0.740234375 0.0234375 0.703125
0 1 0.2890625 1 0.224609375 0.974609375 0.21484375 0.951171875 0.26953125
0 0.8984375 0.345703125 1 0.38671875 1 0.337890625 0.916015625 0.302734375
0 0.96875 0.103515625 0.888671875 0.291015625 0.916015625 0.302734375 0.99609375 0.115234375
0 0.619140625 0.595703125 0.638671875 0.544921875 0.609375 0.533203125 0.58984375 0.58203125 0.619140625 0.595703125
0 0.052734375 0.884765625 0.060546875 0.849609375 0.001953125 0.833984375 0 0.869140625 0.052734375 0.884765625
0 0.7109375 0.767578125 0.7265625 0.73046875 0.6953125 0.716796875 0.6796875 0.75390625 0.7109375 0.767578125
0 0.900390625 0.61328125 0.916015625 0.58203125 0.875 0.55859375 0.859375 0.591796875 0.900390625 0.61328125
0 0.14453125 0.794921875 0.16015625 0.759765625 0.123046875 0.744140625 0.107421875 0.779296875 0.14453125 0.794921875