0 0.083984375 0.962890625 0.0625 1 0.150390625 1
0 0.01953125 0.177734375 0.0390625 0.140625 0 0.1171875 0 0.166015625
0 0.142578125 0.025390625 0.05078125 0.18359375 0.091796875 0.205078125 0.181640625 0.048828125
0 0.150390625 0.013671875 0.126953125 0 0.0234375 0 0.125 0.05859375 0.142578125 0.025390625
0 0.041015625 0.560546875 0.099609375 0.4609375 0.0625 0.439453125 0 0.544921875 0 0.572265625 0.021484375 0.5859375 0.01171875 0.603515625 0.130859375 0.673828125 0.15625 0.62890625
0 0.357421875 0.623046875 0.302734375 0.71875 0.18359375 0.6484375 0.1640625 0.681640625 0.29296875 0.755859375 0.30078125 0.740234375 0.328125 0.755859375 0.392578125 0.642578125
0 0.119140625 0.46875 0.08984375 0.515625 0.296875 0.63671875 0.32421875 0.587890625
0 0.583984375 0.755859375 0.48046875 0.935546875 0.52734375 0.962890625 0.630859375 0.783203125
0 0.708984375 0.54296875 0.583984375 0.755859375 0.630859375 0.783203125 0.755859375 0.5703125
0 0.486328125 0.9375 0.44921875 1 0.50390625 1 0.52734375 0.962890625
0 0.72265625 0.513671875 0.755859375 0.533203125 0.802734375 0.455078125 0.98046875 0.55859375 1 0.525390625 1 0.498046875 0.798828125 0.3828125
0 0.953125 0.638671875 0.9296875 0.677734375 0.982421875 0.708984375 0.978515625 0.716796875 1 0.728515625 1 0.666015625
0 0.921875 0.634765625 0.9453125 0.59375 0.814453125 0.517578125 0.791015625 0.55859375
0 0.76953125 0.62109375 0.724609375 0.69921875 0.76171875 0.72265625 0.78125 0.689453125 0.83984375 0.724609375 0.8671875 0.677734375
0 0.912109375 0.875 0.818359375 0.8203125 0.712890625 1 0.837890625 1 0.861328125 0.962890625
0 0.1640625 0.740234375 0.138671875 0.783203125 0.205078125 0.822265625 0.23046875 0.779296875
0 0.23046875 0.779296875 0.205078125 0.822265625 0.25390625 0.8515625 0.279296875 0.806640625
0 0.158203125 0.75 0.09375 0.712890625 0.0625 0.765625 0.126953125 0.802734375 0.138671875 0.783203125
0 0.087890625 0.72265625 0.01953125 0.681640625 0 0.71484375 0 0.7421875 0.056640625 0.775390625 0.0625 0.765625
0 0.279296875 0.056640625 0.255859375 0.09765625 0.513671875 0.248046875 0.537109375 0.20703125
0 0.189453125 0.1796875 0.162109375 0.2265625 0.212890625 0.255859375 0.20703125 0.265625 0.3984375 0.376953125 0.404296875 0.3671875 0.421875 0.376953125 0.44921875 0.33203125
0 0.19140625 0.3125 0.14453125 0.287109375 0.09375 0.375 0.435546875 0.576171875 0.58203125 0.326171875 0.517578125 0.2890625 0.3984375 0.49609375 0.1640625 0.359375
0 0.541015625 0.201171875 0.49609375 0.27734375 0.5625 0.314453125 0.607421875 0.23828125
0 0.279296875 0.806640625 0.240234375 0.875 0.21875 0.861328125 0.173828125 0.94140625 0.216796875 0.966796875 0.302734375 0.8203125
0 0.7109375 0.130859375 0.75390625 0.056640625 0.68359375 0.015625 0.66015625 0.05859375 0.55859375 0 0.484375 0
0 0.765625 0.029296875 0.78125 0 0.71484375 0
0 0.947265625 0.18359375 0.990234375 0.208984375 1 0.19140625 1 0.09375
0 0.255859375 0.09765625 0.234375 0.130859375 0.470703125 0.26953125 0.490234375 0.234375
0 1 0.85546875 0.998046875 0.78515625 0.96875 0.78515625 0.96875 0.85546875 1 0.85546875
0 0.03515625 1 0.03515625 0.921875 0 0.921875 0 1 0.03515625 1