0 0.08203125 1 0.224609375 1 0.025390625 0.8359375 0 0.8671875 0 0.931640625
0 0.306640625 0.818359375 0.326171875 0.796875 0.138671875 0.626953125 0.119140625 0.6484375
0 0.400390625 0.90234375 0.421875 0.87890625 0.357421875 0.822265625 0.3359375 0.845703125
0 0.119140625 0.6484375 0 0.541015625 0 0.7265625 0.298828125 1 0.505859375 1
0 0.447265625 0.8359375 0.65234375 0.798828125 0.615234375 0.576171875 0.255859375 0.654296875
0 0.203125 0.552734375 0.583984375 0.46484375 0.5703125 0.40625 0.19140625 0.494140625
0 0.98828125 0.37109375 0.87109375 0.392578125 0.982421875 0.9921875 1 0.98828125 1 0.431640625 0.9921875 0.390625
0 0.138671875 0.509765625 0.1328125 0.46484375 0.0625 0.474609375 0.068359375 0.517578125 0.138671875 0.509765625
0 0.736328125 0.77734375 0.708984375 0.654296875 0.67578125 0.662109375 0.705078125 0.78515625 0.736328125 0.77734375
0 0.861328125 0.5703125 0.841796875 0.48046875 0.798828125 0.48828125 0.818359375 0.580078125 0.861328125 0.5703125
0 0.189453125 0.53515625 0.17578125 0.462890625 0.130859375 0.47265625 0.14453125 0.54296875 0.189453125 0.53515625
0 0.66796875 0.892578125 0.658203125 0.845703125 0.60546875 0.857421875 0.615234375 0.904296875 0.66796875 0.892578125
0 0.689453125 0.5625 0.662109375 0.4140625 0.62890625 0.419921875 0.65625 0.568359375 0.689453125 0.5625
0 0.775390625 0.943359375 0.76171875 0.90625 0.73046875 0.91796875 0.744140625 0.955078125 0.775390625 0.943359375
0 1 0.234375 0.998046875 0.1484375 0.9453125 0.1484375 0.9453125 0.234375 1 0.234375
0 0.7109375 0.908203125 0.69921875 0.849609375 0.669921875 0.853515625 0.681640625 0.9140625 0.7109375 0.908203125
0 0.705078125 0.400390625 0.703125 0.3671875 0.666015625 0.369140625 0.669921875 0.40234375 0.705078125 0.400390625