0 1 0.04296875 1 0 0.94140625 0 0.951171875 0.05078125 0.98828125 0.044921875
0 0.857421875 0.064453125 0.951171875 0.05078125 0.94140625 0 0.84765625 0
0 0.849609375 0.00390625 0.671875 0.029296875 0.6796875 0.0859375 0.857421875 0.060546875
0 0.15234375 0.232421875 0.21875 0.048828125 0.146484375 0.021484375 0.080078125 0.20703125
0 0.384765625 0.06640625 0.384765625 0.111328125 0.359375 0.111328125 0.359375 0.087890625 0.31640625 0.0859375 0.314453125 0.109375 0.29296875 0.109375 0.291015625 0.154296875 0.439453125 0.158203125 0.439453125 0.11328125 0.423828125 0.111328125 0.423828125 0.06640625
0 0.365234375 0.833984375 0.365234375 0.8515625 0.330078125 0.8515625 0.330078125 0.833984375 0.3046875 0.833984375 0.3046875 0.87109375 0.26953125 0.87109375 0.26953125 0.833984375 0.2265625 0.833984375 0.2265625 0.857421875 0.19921875 0.857421875 0.19921875 0.833984375 0.162109375 0.833984375 0.162109375 0.865234375 0.142578125 0.865234375 0.14453125 0.923828125 0.412109375 0.921875 0.412109375 0.869140625 0.392578125 0.869140625 0.392578125 0.833984375
0 0.646484375 0.8359375 0.646484375 0.84765625 0.59765625 0.849609375 0.59765625 0.837890625 0.5625 0.83984375 0.5625 0.8671875 0.54296875 0.869140625 0.544921875 0.927734375 0.693359375 0.91796875 0.69140625 0.87109375 0.673828125 0.87109375 0.671875 0.833984375
0 0.63671875 0.54296875 0.63671875 0.56640625 0.591796875 0.5703125 0.591796875 0.544921875 0.55859375 0.546875 0.560546875 0.580078125 0.53515625 0.580078125 0.5390625 0.6328125 0.69140625 0.625 0.6875 0.572265625 0.671875 0.572265625 0.669921875 0.541015625
0 0.607421875 0.322265625 0.609375 0.3359375 0.552734375 0.3359375 0.552734375 0.322265625 0.52734375 0.32421875 0.529296875 0.365234375 0.513671875 0.365234375 0.515625 0.40234375 0.662109375 0.400390625 0.662109375 0.35546875 0.640625 0.35546875 0.640625 0.3203125
0 0.064453125 0.58203125 0.064453125 0.6015625 0.017578125 0.603515625 0.017578125 0.583984375 0 0.583984375 0 0.65625 0.126953125 0.654296875 0.126953125 0.60546875 0.095703125 0.60546875 0.095703125 0.58203125
0 0.078125 0.33984375 0.078125 0.380859375 0.052734375 0.380859375 0.0546875 0.42578125 0.208984375 0.42578125 0.208984375 0.37890625 0.1953125 0.37890625 0.1953125 0.349609375 0.16015625 0.349609375 0.16015625 0.37890625 0.107421875 0.37890625 0.107421875 0.33984375
0 0.669921875 0.28515625 0.666015625 0.109375 0.583984375 0.111328125 0.587890625 0.28515625 0.669921875 0.28515625
0 0.06640625 0.095703125 0.091796875 0.03125 0.064453125 0.021484375 0.041015625 0.0859375 0.06640625 0.095703125
0 0.35546875 0.46484375 0.35546875 0.427734375 0.3203125 0.427734375 0.3203125 0.46484375 0.35546875 0.46484375
0 0.369140625 0.5703125 0.37109375 0.5078125 0.33984375 0.5078125 0.337890625 0.5703125 0.369140625 0.5703125