0 0.15234375 0.15234375 0.37109375 0.037109375 0.349609375 0 0.279296875 0 0.1171875 0.083984375
0 0.505859375 0.966796875 0.47265625 0.923828125 0.375 1 0.4609375 1
0 0.603515625 0.927734375 0.759765625 0.8125 0.728515625 0.771484375 0.57421875 0.884765625
0 0.4296875 0.68359375 0.56640625 0.576171875 0.529296875 0.53125 0.39453125 0.638671875
0 0.267578125 0.423828125 0.369140625 0.33984375 0.330078125 0.29296875 0.228515625 0.376953125
0 0.90625 0.837890625 1 0.837890625 1 0.787109375 0.90625 0.787109375
0 0.69921875 0.55859375 0.890625 0.5546875 0.888671875 0.5 0.697265625 0.50390625
0 0.505859375 0.27734375 0.623046875 0.28125 0.625 0.212890625 0.5078125 0.2109375
0 0.7265625 0.2578125 0.982421875 0.26171875 0.982421875 0.1953125 0.728515625 0.19140625
0 0.0078125 0.078125 0.013671875 0.0625 0.13671875 0.00390625 0.166015625 0.05859375 0.279296875 0 0.01171875 0 0 0.005859375 0 0.0859375
0 0.30859375 0.96875 0.390625 0.912109375 0.365234375 0.8828125 0.287109375 0.939453125
0 0.234375 0.833984375 0.33984375 0.7578125 0.310546875 0.716796875 0.205078125 0.794921875 0.2265625 0.822265625
0 0.0546875 0.515625 0 0.435546875 0 0.544921875 0.001953125 0.548828125
0 0.1953125 0.841796875 0.2265625 0.822265625 0.205078125 0.794921875 0.23046875 0.775390625 0.08203125 0.55859375 0.02734375 0.591796875
0 0.001953125 0.548828125 0.02734375 0.591796875 0.1328125 0.52734375 0.103515625 0.484375 0.0546875 0.515625
0 1 0.376953125 0.998046875 0.337890625 0.890625 0.33984375 0.890625 0.376953125 1 0.376953125