0 0.935546875 0.73828125 1 0.732421875 1 0.68359375 0.931640625 0.69140625
0 0.970703125 0.150390625 0.974609375 0.18359375 0.927734375 0.1875 0.92578125 0.1640625 0.85546875 0.169921875 0.857421875 0.193359375 0.798828125 0.19921875 0.794921875 0.166015625 0.705078125 0.173828125 0.7109375 0.248046875 0.861328125 0.234375 0.865234375 0.265625 0.93359375 0.259765625 0.9296875 0.228515625 1 0.220703125 1 0.146484375
0 0.69921875 0.08203125 0.8984375 0.064453125 0.892578125 0 0.826171875 0 0.693359375 0.01171875
0 0.921875 0.00390625 0.927734375 0.07421875 1 0.06640625 1 0 0.96484375 0
0 0.689453125 0.125 0.654296875 0.126953125 0.666015625 0.337890625 0.701171875 0.3359375
0 0.701171875 0.3359375 0.65234375 0.33984375 0.65625 0.39453125 0.705078125 0.390625
0 0.7578125 0.453125 0.796875 0.44921875 0.794921875 0.408203125 0.755859375 0.41015625
0 0.830078125 0.40625 0.826171875 0.330078125 0.701171875 0.3359375 0.705078125 0.390625 0.65625 0.39453125 0.65625 0.4140625 0.755859375 0.41015625
0 0.794921875 0.408203125 0.796875 0.44921875 0.70703125 0.455078125 0.705078125 0.443359375 0.65625 0.4453125 0.66015625 0.515625 0.708984375 0.513671875 0.708984375 0.498046875 0.833984375 0.490234375 0.830078125 0.40625
0 0.703125 0.52734375 0.70703125 0.60546875 0.76171875 0.603515625 0.759765625 0.578125 0.73046875 0.580078125 0.728515625 0.525390625
0 0.76171875 0.603515625 0.70703125 0.60546875 0.708984375 0.66796875 0.763671875 0.666015625
0 0.857421875 0.732421875 0.84765625 0.55859375 0.837890625 0.55859375 0.833984375 0.490234375 0.78515625 0.494140625 0.79296875 0.6640625 0.818359375 0.662109375 0.822265625 0.734375
0 0.818359375 0.662109375 0.708984375 0.66796875 0.7109375 0.6953125 0.8203125 0.689453125
0 0.712890625 0.72265625 0.701171875 0.513671875 0.66015625 0.515625 0.669921875 0.724609375 0.693359375 0.72265625
0 0.8203125 0.689453125 0.7109375 0.6953125 0.712890625 0.72265625 0.693359375 0.72265625 0.6953125 0.755859375 0.740234375 0.75390625 0.7421875 0.791015625 0.826171875 0.78515625 0.822265625 0.748046875
0 0.35546875 0.0546875 0.365234375 0.138671875 0.560546875 0.115234375 0.5546875 0.052734375 0.474609375 0.0625 0.47265625 0.041015625
0 0.419921875 0.490234375 0.4296875 0.572265625 0.60546875 0.55078125 0.599609375 0.490234375 0.51953125 0.5 0.517578125 0.478515625
0 0.375 0.275390625 0.384765625 0.359375 0.580078125 0.3359375 0.572265625 0.2734375 0.494140625 0.283203125 0.4921875 0.26171875
0 0.455078125 0.796875 0.615234375 0.77734375 0.60546875 0.6796875 0.443359375 0.69921875
0 0.587890625 0.583984375 0.431640625 0.603515625 0.443359375 0.69921875 0.59765625 0.6796875
0 0.283203125 0.474609375 0.271484375 0.369140625 0.205078125 0.376953125 0.21875 0.482421875
0 0.212890625 0.439453125 0 0.46484375 0 0.5234375 0.220703125 0.498046875
0 0.25390625 0.33203125 0.24609375 0.26953125 0 0.298828125 0 0.361328125
0 0.115234375 0.65625 0.107421875 0.599609375 0 0.611328125 0 0.66796875
0 0.009765625 0.828125 0.130859375 0.8125 0.125 0.76171875 0.00390625 0.775390625
0 0.16796875 0.81640625 0.38671875 0.791015625 0.380859375 0.7265625 0.16015625 0.75390625
0 0.26171875 0.58984375 0.251953125 0.509765625 0.12890625 0.5234375 0.138671875 0.603515625
0 0.138671875 0.603515625 0.14453125 0.658203125 0.314453125 0.638671875 0.3203125 0.6875 0.375 0.681640625 0.365234375 0.599609375 0.310546875 0.60546875 0.306640625 0.583984375
0 0.185546875 0.98828125 0.12109375 0.9921875 0.12109375 1 0.185546875 1
0 0.326171875 1 0.435546875 1 0.435546875 0.982421875 0.326171875 0.98828125
0 0.326171875 0.98828125 0.251953125 0.9921875 0.251953125 1 0.326171875 1
0 0.51953125 0.994140625 0.552734375 0.9921875 0.55078125 0.95703125 0.435546875 0.962890625 0.435546875 1 0.51953125 1
0 0.6171875 1 0.693359375 1 0.9609375 0.986328125 0.958984375 0.923828125 0.615234375 0.94140625
0 0.310546875 0.439453125 0.31640625 0.49609375 0.341796875 0.494140625 0.345703125 0.529296875 0.376953125 0.525390625 0.365234375 0.43359375
0 0.0703125 1 0.0703125 0.974609375 0 0.974609375 0 1 0.0703125 1
0 0.994140625 0.30078125 0.9921875 0.267578125 0.94921875 0.26953125 0.951171875 0.302734375 0.994140625 0.30078125