0 0.189453125 0.91796875 0.189453125 0.8671875 0 0.8671875 0 0.91796875
0 0.201171875 0.736328125 0.201171875 0.685546875 0 0.685546875 0 0.736328125
0 0.216796875 0.548828125 0.216796875 0.494140625 0 0.494140625 0 0.548828125
0 0.041015625 0.31640625 0.041015625 0.259765625 0 0.259765625 0 0.31640625
0 0.9609375 0.85546875 0.912109375 0.85546875 0.912109375 0.95703125 0.91015625 0.95703125 0.91015625 0.966796875 0.857421875 0.966796875 0.857421875 0.95703125 0.751953125 0.95703125 0.751953125 1 0.9609375 1
0 0.2578125 0.02734375 0.103515625 0.02734375 0.103515625 0.0859375 0.181640625 0.0859375 0.181640625 0.115234375 0.2578125 0.115234375 0.2578125 0.0859375
0 0.107421875 0.248046875 0.107421875 0.3046875 0.181640625 0.3046875 0.181640625 0.333984375 0.263671875 0.333984375 0.263671875 0.275390625 0.181640625 0.275390625 0.181640625 0.248046875
0 0.359375 0.279296875 0.359375 0.328125 0.505859375 0.328125 0.505859375 0.341796875 0.787109375 0.341796875 0.787109375 0.294921875 0.505859375 0.294921875 0.505859375 0.279296875
0 0.357421875 0.123046875 0.357421875 0.17578125 0.49609375 0.17578125 0.49609375 0.185546875 0.779296875 0.185546875 0.779296875 0.140625 0.49609375 0.140625 0.49609375 0.123046875
0 0.33984375 0.107421875 0.33984375 0.064453125 0.287109375 0.064453125 0.287109375 0.107421875
0 0.287109375 0.154296875 0.345703125 0.154296875 0.345703125 0.12109375 0.287109375 0.12109375 0.287109375 0.12890625
0 0.287109375 0.0859375 0.2578125 0.0859375 0.2578125 0.12890625 0.287109375 0.12890625 0.287109375 0.107421875
0 0.474609375 0 0.44140625 0 0.44140625 0.048828125 0.474609375 0.048828125
0 0.73828125 0.033203125 1 0.033203125 1 0 0.73828125 0
0 0.49609375 0.029296875 0.697265625 0.029296875 0.697265625 0 0.49609375 0
0 0.44140625 0 0.33203125 0 0.33203125 0.03515625 0.34765625 0.03515625 0.34765625 0.080078125 0.44140625 0.080078125 0.44140625 0.03515625
0 0.822265625 0.146484375 0.822265625 0.1953125 1 0.1953125 1 0.146484375
0 0.8203125 0.294921875 0.8203125 0.34375 1 0.34375 1 0.294921875
0 0.31640625 1 0.447265625 1 0.447265625 0.95703125 0.31640625 0.95703125
0 0.6484375 0.95703125 0.537109375 0.95703125 0.537109375 1 0.6484375 1
0 0.376953125 0.876953125 0.5234375 0.876953125 0.5234375 0.802734375 0.376953125 0.802734375
0 0.6796875 0.880859375 0.6796875 0.806640625 0.576171875 0.806640625 0.576171875 0.880859375
0 0.978515625 0.509765625 0.978515625 0.57421875 1 0.57421875 1 0.509765625
0 0.64453125 0.4921875 0.64453125 0.546875 0.84765625 0.546875 0.84765625 0.4921875
0 0.662109375 0.6640625 0.662109375 0.73828125 0.84765625 0.73828125 0.84765625 0.6640625
0 0.029296875 0.169921875 0.029296875 0.107421875 0 0.107421875 0 0.169921875 0.029296875 0.169921875