0 0.50390625 0.146484375 0.703125 0.087890625 0.68359375 0.021484375 0.484375 0.080078125
0 0.568359375 0.287109375 0.736328125 0.236328125 0.712890625 0.162109375 0.546875 0.212890625
0 0.9140625 0.037109375 0.90234375 0 0.802734375 0 0.720703125 0.025390625 0.740234375 0.08984375 0.822265625 0.064453125
0 0.947265625 0.02734375 1 0.01171875 1 0 0.9375 0
0 0.779296875 0.23828125 0.921875 0.1953125 0.90234375 0.1328125 0.759765625 0.17578125
0 0.95703125 0.203125 1 0.189453125 1 0.109375 0.93359375 0.130859375
0 0.845703125 0.37890625 0.919921875 0.357421875 0.896484375 0.27734375 0.822265625 0.30078125
0 0.755859375 0.294921875 0.580078125 0.34765625 0.6015625 0.421875 0.77734375 0.369140625
0 0.61328125 0.498046875 0.626953125 0.54296875 0.642578125 0.5390625 0.650390625 0.56640625 0.701171875 0.55078125 0.697265625 0.537109375 0.759765625 0.517578125 0.763671875 0.533203125 0.794921875 0.5234375 0.791015625 0.51171875 0.8203125 0.50390625 0.8046875 0.451171875 0.775390625 0.458984375 0.7734375 0.44921875
0 0.884765625 0.521484375 1 0.484375 1 0.44140625 0.994140625 0.421875 0.8671875 0.458984375
0 0.95703125 0.677734375 1 0.6640625 1 0.580078125 0.93359375 0.599609375
0 0.68359375 0.623046875 0.705078125 0.69140625 0.8671875 0.642578125 0.845703125 0.57421875
0 0.76171875 0.91015625 0.92578125 0.859375 0.90625 0.796875 0.744140625 0.845703125
0 0.75390625 0.998046875 0.75390625 1 0.955078125 1 0.939453125 0.943359375
0 0.9453125 0.361328125 1 0.353515625 1 0.267578125 0.93359375 0.27734375
0 0 0.21875 0 0.298828125 0.041015625 0.2890625 0.037109375 0.275390625 0.080078125 0.263671875 0.064453125 0.216796875 0.0234375 0.228515625 0.01953125 0.212890625
0 0.041015625 0.8671875 0.06640625 0.859375 0.037109375 0.76171875 0.01171875 0.76953125
0 0.423828125 0.908203125 0.45703125 0.8984375 0.423828125 0.787109375 0.390625 0.796875
0 0.45703125 0.845703125 0.490234375 0.8359375 0.4765625 0.7890625 0.443359375 0.80078125
0 0.46875 0.76171875 0.435546875 0.771484375 0.443359375 0.80078125 0.4765625 0.7890625
0 0.490234375 0.8359375 0.45703125 0.845703125 0.47265625 0.892578125 0.505859375 0.8828125
0 0.119140625 0.03125 0.111328125 0.001953125 0.056640625 0.01953125 0.095703125 0.14453125 0.275390625 0.091796875 0.248046875 0 0.220703125 0
0 0.41796875 0.642578125 0.408203125 0.583984375 0.37109375 0.58984375 0.3828125 0.650390625 0.41796875 0.642578125
0 0.5703125 0.998046875 0.5703125 0.96484375 0.470703125 0.96484375 0.470703125 0.998046875 0.5703125 0.998046875