0 0.234375 0.099609375 0.19921875 0.216796875 0.25 0.23046875 0.28515625 0.115234375 0.283203125 0.115234375
0 0.39453125 0.044921875 0.37109375 0.001953125 0.279296875 0.05078125 0.302734375 0.09375 0.3046875 0.09375
0 0.234375 0.099609375 0.283203125 0.115234375 0.3046875 0.09375 0.302734375 0.09375 0.279296875 0.05078125
0 0 0.001953125 0 0.064453125 0.033203125 0.07421875 0.052734375 0 0 0
0 0.099609375 0.29296875 0.05859375 0.341796875 0.03125 0.423828125 0.07421875 0.439453125 0.107421875 0.36328125 0.12109375 0.33984375 0.205078125 0.302734375 0.18359375 0.255859375
0 0.380859375 0.119140625 0.509765625 0 0.494140625 0 0.373046875 0.111328125
0 0.359375 0.123046875 0.3671875 0.130859375 0.380859375 0.119140625 0.373046875 0.111328125
0 0.83203125 0.08984375 0.98046875 0.05859375 0.966796875 0 0.935546875 0 0.818359375 0.0234375
0 0.494140625 0.232421875 0.513671875 0.228515625 0.5078125 0.197265625 0.48828125 0.19921875
0 0.5546875 0.404296875 0.59375 0.390625 0.587890625 0.373046875 0.548828125 0.38671875
0 0.244140625 0.462890625 0.275390625 0.451171875 0.26953125 0.4296875 0.23828125 0.44140625
0 0.3984375 0.650390625 0.42578125 0.65234375 0.427734375 0.638671875 0.400390625 0.63671875
0 0.84765625 0.4921875 0.859375 0.486328125 0.84765625 0.46875 0.837890625 0.474609375
0 0.953125 0.4296875 0.96484375 0.423828125 0.955078125 0.408203125 0.943359375 0.4140625
0 0.009765625 0.736328125 0.0234375 0.744140625 0.033203125 0.728515625 0.021484375 0.720703125
0 0.03125 0.75 0.044921875 0.73046875 0.03515625 0.724609375 0.0234375 0.744140625
0 0.01171875 0.654296875 0.017578125 0.646484375 0.001953125 0.630859375 0 0.6328125 0 0.642578125