0 0.833984375 0.123046875 0.849609375 0.033203125 0.998046875 0.068359375 0.982421875 0.15625
0 0.8990542763157895 0.42752878289473684 0.9361636513157895 0.35331003289473684 0.9713199013157895 0.37088815789473684 0.9342105263157895 0.44510690789473684
0 0.8046875 0.259765625 0.822265625 0.22265625 0.978515625 0.31640625 0.9609375 0.3515625
0 0.876953125 0.669921875 0.8984375 0.595703125 1 0.642578125 0.98046875 0.71875
0 0.828125 0.8125 0.857421875 0.73046875 0.998046875 0.78125 0.970703125 0.865234375
0 0.8046875 0.892578125 0.83203125 0.826171875 0.962890625 0.869140625 0.93359375 0.935546875
0 0.9140625 0.568359375 0.93359375 0.49609375 1 0.525390625 0.982421875 0.59765625
0 0.02734375 0.375 0.0546875 0.294921875 0.224609375 0.35546875 0.193359375 0.435546875
0 0.5625 0.234375 0.591796875 0.154296875 0.7421875 0.205078125 0.7109375 0.28515625
0 0.3125 0.28125 0.3515625 0.177734375 0.498046875 0.232421875 0.458984375 0.3359375
0 0.52734375 0.345703125 0.556640625 0.26953125 0.69921875 0.3203125 0.669921875 0.396484375
0 0.7497944078947368 0.34847861842105265 0.7888569078947368 0.27425986842105265 0.9294819078947368 0.34847861842105265 0.8904194078947368 0.42269736842105265
0 0.22039473684210528 0.48046875 0.27590460526315785 0.3416940789473684 0.38784950657894735 0.3907277960526316 0.34488075657894735 0.5293996710526315
0 0.3671875 0.13671875 0.404296875 0.0390625 0.54296875 0.087890625 0.505859375 0.189453125
0 0.681640625 0.5546875 0.720703125 0.447265625 0.904296875 0.51171875 0.865234375 0.6171875
0 0.4908511513157894 0.4588815789473684 0.5201480263157894 0.3788034539473684 0.6627261513157894 0.4295847039473684 0.6334292763157894 0.5096628289473685
0 0.228515625 0.998046875 0.228515625 0.890625 0.4588815789473685 0.978001644736842 0.447265625 0.998046875
0 0.5234375 0.931640625 0.708984375 0.931640625 0.708984375 0.998046875 0.5234375 0.998046875
0 0.63671875 0.697265625 0.67578125 0.591796875 0.85546875 0.658203125 0.818359375 0.765625
0 0.34375 0.763671875 0.37109375 0.6875 0.546875 0.74609375 0.517578125 0.822265625
0 0.587890625 0.841796875 0.623046875 0.734375 0.802734375 0.80078125 0.765625 0.90625
0 0.36328125 0.919921875 0.369140625 0.8984375 0.400390625 0.908203125 0.39453125 0.9296875
0 0.42722039473684215 0.9226973684210527 0.43503289473684215 0.9012129934210527 0.48581414473684215 0.9207442434210527 0.47604851973684215 0.9422286184210527
0 0.060546875 0.8515625 0.095703125 0.767578125 0.244140625 0.81640625 0.208984375 0.900390625
0 0.380859375 0.65625 0.41015625 0.578125 0.58203125 0.638671875 0.5546875 0.716796875
0 0.17084703947368424 0.6943873355263157 0.21381578947368424 0.5615748355263157 0.31342516447368424 0.6045435855263157 0.27045641447368424 0.7354029605263157
0 0.14535361842105265 0.025082236842105296 0.14638157894736845 0 0.348889802631579 0 0.3108552631578948 0.08059210526315792
0 0.421875 0.5546875 0.451171875 0.48046875 0.61328125 0.541015625 0.587890625 0.615234375
0 0 0.484375 0.02734375 0.3984375 0.16015625 0.453125 0.130859375 0.541015625
0 0.060546875 0.248046875 0.08984375 0.16796875 0.251953125 0.2265625 0.220703125 0.30859375
0 0.10639391447368421 0.14185855263157895 0.1376439144736842 0.057874177631578955 0.2978001644736842 0.11842105263157895 0.2685032894736842 0.20045230263157895
0 0 0.615234375 0.033203125 0.521484375 0.138671875 0.56640625 0.103515625 0.658203125
0 0.00041118421052634135 0.983141447368421 0.043585526315789505 0.8988486842105262 0.20189144736842105 0.9471628289473684 0.18369654605263158 1
0 0.2734375 0.880859375 0.283203125 0.861328125 0.353515625 0.888671875 0.345703125 0.91015625
0 0.7179276315789473 0.41776315789473684 0.748766447368421 0.3550575657894737 0.9379111842105262 0.44140625 0.9214638157894738 0.5164473684210525
0 0.7437294407894737 0.09601151315789475 0.7710731907894737 0.02960526315789474 0.8062294407894737 0.04327713815789474 0.7808388157894737 0.11163651315789475
0 0.033203125 0.052734375 0.03515625 0 0 0 0 0.05078125 0.033203125 0.052734375