0 0.392578125 0.2421875 0.3671875 0.25390625 0.380859375 0.287109375 0.40625 0.275390625
0 0.369140625 0.19140625 0.34375 0.201171875 0.3671875 0.25390625 0.392578125 0.2421875
0 0.494140625 0.244140625 0.453125 0.26171875 0.47265625 0.306640625 0.513671875 0.287109375
0 0.453125 0.26171875 0.416015625 0.279296875 0.435546875 0.322265625 0.47265625 0.306640625
0 0.412109375 0.1796875 0.373046875 0.19921875 0.388671875 0.236328125 0.4296875 0.216796875
0 0.4296875 0.21875 0.4296875 0.216796875 0.388671875 0.236328125 0.41015625 0.28125 0.453125 0.26171875 0.43359375 0.216796875
0 0.51953125 0.177734375 0.50390625 0.140625 0.458984375 0.16015625 0.4765625 0.197265625
0 0.458984375 0.158203125 0.412109375 0.1796875 0.4296875 0.21875 0.4765625 0.197265625 0.458984375 0.16015625
0 0.4765625 0.197265625 0.43359375 0.216796875 0.453125 0.26171875 0.49609375 0.2421875 0.482421875 0.2109375
0 0.580078125 0.208984375 0.564453125 0.17578125 0.521484375 0.1953125 0.537109375 0.228515625
0 0.521484375 0.193359375 0.482421875 0.2109375 0.501953125 0.25390625 0.5390625 0.236328125 0.521484375 0.1953125
0 0.578125 0.279296875 0.611328125 0.263671875 0.595703125 0.228515625 0.5625 0.244140625
0 0.5078125 0.353515625 0.541015625 0.3359375 0.521484375 0.296875 0.486328125 0.31640625
0 0.64453125 0.24609375 0.64453125 0.26171875 0.6875 0.26171875 0.6875 0.244140625
0 0.609375 0.150390625 0.58984375 0.150390625 0.591796875 0.185546875 0.609375 0.185546875
0 0.642578125 0.12890625 0.607421875 0.12890625 0.609375 0.185546875 0.64453125 0.18359375 0.642578125 0.1328125
0 0.64453125 0.18359375 0.609375 0.185546875 0.611328125 0.24609375 0.646484375 0.24609375 0.646484375 0.236328125
0 0.935546875 0.318359375 0.8984375 0.322265625 0.90234375 0.373046875 0.939453125 0.369140625
0 1 0.36328125 1 0.322265625 0.984375 0.32421875 0.986328125 0.365234375
0 0.982421875 0.318359375 0.935546875 0.322265625 0.939453125 0.369140625 0.986328125 0.365234375
0 0.859375 0.3125 0.8984375 0.3125 0.8984375 0.26171875 0.857421875 0.26171875
0 0.802734375 0.21484375 0.849609375 0.2265625 0.857421875 0.1953125 0.810546875 0.18359375
0 0.6875 0.18359375 0.689453125 0.17578125 0.6875 0.130859375 0.642578125 0.1328125 0.64453125 0.18359375 0.68359375 0.18359375
0 0.734375 0.134765625 0.72265625 0.171875 0.76171875 0.18359375 0.7734375 0.146484375
0 0.693359375 0.162109375 0.685546875 0.193359375 0.708984375 0.201171875 0.71875 0.169921875 0.6953125 0.162109375
0 0.68359375 0.18359375 0.64453125 0.18359375 0.646484375 0.236328125 0.685546875 0.234375
0 0.70703125 0.126953125 0.6953125 0.162109375 0.72265625 0.171875 0.734375 0.134765625
0 0.71875 0.169921875 0.708984375 0.201171875 0.751953125 0.21484375 0.76171875 0.18359375
0 0.74609375 0.109375 0.775390625 0.1171875 0.78125 0.09375 0.75390625 0.083984375
0 0.759765625 0.044921875 0.748046875 0.08203125 0.7890625 0.095703125 0.80078125 0.05859375
0 0.837890625 0.078125 0.85546875 0.08203125 0.861328125 0.064453125 0.841796875 0.05859375 0.83984375 0.06640625
0 0.71484375 0.02734375 0.75 0.009765625 0.744140625 0 0.708984375 0 0.703125 0.00390625
0 0.6953125 0.03515625 0.703125 0.03125 0.69140625 0.001953125 0.68359375 0.005859375
0 0.81640625 0.017578125 0.78515625 0.009765625 0.779296875 0.029296875 0.810546875 0.037109375 0.8125 0.025390625
0 0.8125 0.025390625 0.8046875 0.056640625 0.83984375 0.06640625 0.84765625 0.03515625 0.845703125 0.033203125
0 0.984375 0.076171875 0.974609375 0.107421875 1 0.115234375 1 0.080078125
0 0.958984375 0.025390625 0.94921875 0.0546875 0.982421875 0.06640625 0.9921875 0.03515625
0 0.9453125 0.064453125 0.935546875 0.09375 0.974609375 0.10546875 0.984375 0.076171875
0 0.904296875 0.080078125 0.900390625 0.09765625 0.912109375 0.1015625 0.91796875 0.083984375
0 0.90625 0.119140625 0.916015625 0.12109375 0.919921875 0.109375 0.912109375 0.10546875
0 0.908203125 0.056640625 0.90234375 0.072265625 0.919921875 0.078125 0.92578125 0.0625 0.921875 0.0625
0 0.935546875 0.017578125 0.921875 0.0625 0.943359375 0.068359375 0.958984375 0.025390625
0 0.92578125 0.0625 0.912109375 0.10546875 0.9296875 0.11328125 0.943359375 0.068359375
0 0.681640625 0.119140625 0.68359375 0.087890625 0.599609375 0.08203125 0.59765625 0.115234375 0.681640625 0.119140625