0 0.833984375 0.0625 0.86328125 0.126953125 1 0.0625 1 0 0.96875 0
0 0.96484375 0.19921875 0.958984375 0.1875 0.916015625 0.208984375 0.943359375 0.265625 0.98828125 0.244140625 0.990234375 0.248046875 1 0.2421875 1 0.181640625
0 0.35546875 0 0 0 0 0.10546875 0.07421875 0.25390625 0.40234375 0.091796875
0 0.455078125 0 0.35546875 0 0.40234375 0.091796875 0.48046875 0.05078125
0 0.03515625 0.57421875 0 0.591796875 0 0.75390625 0.037109375 0.828125 0.13671875 0.77734375
0 0.318359375 0.388671875 0.275390625 0.41015625 0.28125 0.421875 0.13671875 0.4921875 0.234375 0.6875 0.421875 0.595703125
0 0.623046875 0.234375 0.458984375 0.31640625 0.541015625 0.482421875 0.5234375 0.4921875 0.54296875 0.533203125 0.7265625 0.443359375
0 0.458984375 0.365234375 0.37890625 0.404296875 0.462890625 0.57421875 0.54296875 0.533203125
0 0.625 0.986328125 0.58203125 0.900390625 0.39453125 0.994140625 0.396484375 1 0.59765625 1
0 0.65625 0.66796875 0.759765625 0.876953125 0.830078125 0.841796875 0.787109375 0.755859375 0.794921875 0.751953125 0.748046875 0.654296875 0.724609375 0.666015625 0.7109375 0.640625
0 0.9609375 0.87890625 0.94140625 0.837890625 0.80078125 0.908203125 0.8203125 0.94921875
0 0.423828125 0.271484375 0.369140625 0.1640625 0.310546875 0.193359375 0.365234375 0.30078125 0.423828125 0.271484375
0 0.986328125 0.998046875 0.986328125 0.962890625 0.845703125 0.962890625 0.845703125 0.998046875 0.986328125 0.998046875
0 0.1484375 1 0.1484375 0.927734375 0 0.927734375 0 1 0.1484375 1
0 0.568359375 0.20703125 0.52734375 0.130859375 0.4921875 0.150390625 0.53125 0.2265625 0.568359375 0.20703125