0 0.302734375 1 0.5859375 1 0.595703125 0.93359375 0.31640625 0.896484375
0 0.69140625 0.015625 0.69140625 0 0.515625 0
0 0.689453125 0.634765625 0.728515625 0.640625 0.734375 0.580078125 0.697265625 0.57421875
0 0.82421875 0 0.81640625 0.083984375 0.849609375 0.087890625 0.853515625 0.041015625 1 0.052734375 1 0.015625
0 0.720703125 0.302734375 0.740234375 0.3046875 0.75390625 0.171875 0.732421875 0.169921875
0 0.998046875 1 0.998046875 0.998046875 0.611328125 0.943359375 0.611328125 0.998046875
0 0.40625 0.669921875 0.423828125 0.6171875 0.390625 0.607421875 0.375 0.66015625
0 0.5859375 0.732421875 0.58984375 0.701171875 0.53515625 0.6953125 0.53125 0.7265625
0 0.625 0.619140625 0.630859375 0.572265625 0.59765625 0.5703125 0.59375 0.615234375
0 0.513671875 0.603515625 0.513671875 0.572265625 0.46875 0.572265625 0.466796875 0.603515625
0 0.408203125 0.73828125 0.4140625 0.703125 0.373046875 0.697265625 0.3671875 0.732421875
0 0.564453125 0.603515625 0.56640625 0.5703125 0.51953125 0.56640625 0.517578125 0.599609375
0 0.25 0.390625 0.25390625 0.357421875 0.21484375 0.3515625 0.208984375 0.384765625
0 0.716796875 0.724609375 0.720703125 0.658203125 0.67578125 0.65625 0.673828125 0.72265625