0 0.72265625 0.822265625 0.822265625 0.8203125 0.822265625 0.763671875 0.72265625 0.765625
0 0.248046875 0.98828125 0.275390625 1 0.408203125 1 0.291015625 0.94140625 0.375 0.783203125 0.32421875 0.751953125 0.220703125 0.970703125
0 0.248046875 0.98828125 0.205078125 0.9609375 0.18359375 1 0.240234375 1
0 0.525390625 0.837890625 0.564453125 0.7890625 0.484375 0.7109375 0.451171875 0.728515625 0.44140625 0.720703125 0.412109375 0.76953125
0 0.69140625 0.642578125 0.69140625 0.662109375 0.63671875 0.662109375 0.634765625 0.865234375 0.689453125 0.865234375 0.69140625 0.6953125 0.87890625 0.697265625 0.876953125 0.859375 0.93359375 0.859375 0.935546875 0.66796875 0.87890625 0.66796875 0.87890625 0.642578125
0 0.642578125 0.927734375 0.642578125 0.935546875 0.5859375 0.93359375 0.58203125 1 0.638671875 1 0.640625 0.98046875 0.833984375 0.98828125 0.8359375 0.93359375
0 0.931640625 0.90625 0.880859375 0.908203125 0.8828125 1 0.93359375 1
0 0.505859375 0.697265625 0.5078125 0.68359375 0.572265625 0.671875 0.564453125 0.61328125 0.44921875 0.63671875 0.35546875 0.748046875 0.412109375 0.76953125 0.44140625 0.720703125 0.451171875 0.728515625 0.484375 0.7109375
0 0.017578125 0.900390625 0.04296875 0.84765625 0 0.82421875 0 0.890625
0 0.212890625 0.240234375 0.171875 0.23828125 0.16796875 0.314453125 0.208984375 0.31640625
0 0.08203125 0.326171875 0 0.3203125 0 0.369140625 0.080078125 0.375 0.08203125 0.33203125
0 0.158203125 0.314453125 0.15625 0.3359375 0.08203125 0.33203125 0.080078125 0.375 0.169921875 0.380859375 0.216796875 0.341796875 0.216796875 0.318359375
0 0.21875 0.1953125 0.224609375 0.0859375 0.173828125 0.08203125 0.16796875 0.193359375
0 0 0.125 0 0.18359375 0.16796875 0.193359375 0.169921875 0.134765625
0 0.767578125 0.392578125 0.978515625 0.39453125 0.978515625 0.35546875 0.767578125 0.353515625
0 0.76953125 0.25390625 0.951171875 0.25390625 0.951171875 0.203125 0.76953125 0.203125
0 0.779296875 0.109375 0.958984375 0.107421875 0.95703125 0.056640625 0.779296875 0.05859375
0 0.98046875 0.294921875 1 0.29296875 1 0.123046875 0.97265625 0.125
0 0.375 0.2734375 0.388671875 0 0.306640625 0 0.29296875 0.26953125 0.375 0.2734375
0 0.568359375 0.083984375 0.56640625 0 0.462890625 0 0.466796875 0.087890625 0.568359375 0.083984375
0 0.517578125 0.1484375 0.517578125 0.1015625 0.458984375 0.103515625 0.4609375 0.150390625 0.517578125 0.1484375
0 0.7421875 0.0390625 0.7421875 0 0.650390625 0 0.650390625 0.0390625 0.7421875 0.0390625