0 0.86328125 0.03515625 1 0.150390625 1 0.072265625 0.91015625 0 0.890625 0 0.869140625 0.02734375
0 0.0390625 0.1484375 0.03515625 0.123046875 0 0.12890625 0 0.154296875
0 0.01953125 0.271484375 0 0.271484375 0 0.3203125 0.0234375 0.318359375
0 0.03515625 0.375 0.033203125 0.330078125 0 0.330078125 0 0.375
0 0.044921875 0.330078125 0.046875 0.365234375 0.076171875 0.36328125 0.07421875 0.337890625 0.05859375 0.337890625 0.05859375 0.328125
0 0.146484375 0.357421875 0.14453125 0.328125 0.07421875 0.333984375 0.076171875 0.36328125
0 0.01953125 0.4296875 0 0.4296875 0 0.59375 0.029296875 0.59375
0 0.076171875 0.453125 0.072265625 0.392578125 0.017578125 0.396484375 0.021484375 0.455078125
0 0.083984375 0.5703125 0.1015625 0.568359375 0.099609375 0.46875 0.08203125 0.46875
0 0.015625 0.646484375 0.0703125 0.640625 0.06640625 0.6015625 0.01171875 0.607421875
0 0.54296875 0.626953125 0.53515625 0.509765625 0.259765625 0.529296875 0.267578125 0.646484375 0.287109375 0.64453125
0 0.419921875 0.63671875 0.42578125 0.7265625 0.505859375 0.720703125 0.5 0.630859375
0 0.2890625 0.671875 0.29296875 0.74609375 0.3828125 0.740234375 0.37890625 0.68359375 0.33984375 0.6875 0.337890625 0.669921875
0 0.439453125 0.759765625 0.408203125 0.759765625 0.412109375 0.876953125 0.4453125 0.875
0 0.48046875 0.798828125 0.44140625 0.80078125 0.4453125 0.875 0.484375 0.873046875
0 0.509765625 0.87109375 0.50390625 0.73828125 0.478515625 0.73828125 0.484375 0.873046875
0 0.677734375 0.443359375 0.677734375 0.40625 0.599609375 0.408203125 0.6015625 0.4453125
0 0.708984375 0.794921875 0.708984375 0.685546875 0.673828125 0.685546875 0.673828125 0.794921875
0 0.28125 0.4765625 0.27734375 0.4296875 0.2421875 0.43359375 0.244140625 0.48046875