0 0.869140625 0.474609375 0.951171875 0.41796875 0.97265625 0.44921875 0.890625 0.505859375
0 0.8045847039473684 0.36955180921052627 0.8748972039473684 0.32072368421052627 0.9256784539473684 0.40080180921052627 0.8573190789473684 0.4496299342105262
0 0.80078125 0.333984375 0.849609375 0.296875 0.865234375 0.32421875 0.8203125 0.361328125
0 0.5894325657894737 0.2134046052631579 0.7534950657894737 0.06106085526315791 0.8023231907894737 0.11184210526315791 0.6382606907894737 0.26418585526315796
0 0.5293996710526316 0.13712993421052633 0.5899465460526316 0.07267680921052631 0.6153371710526316 0.09611430921052631 0.5528371710526316 0.16056743421052633
0 0.61328125 0.087890625 0.6796875 0.015625 0.71875 0.041015625 0.654296875 0.11328125
0 0.7673725328947368 0.07781661184210525 0.7947162828947368 0.044613486842105254 0.9060444078947368 0.14812911184210528 0.8767475328947368 0.17937911184210528
0 0 0.914268092105263 0 0.73828125 0.1875 0.97265625 0.11328125 1
0 0.517578125 0.642578125 0.705078125 0.5234375 0.734375 0.568359375 0.546875 0.685546875
0 0.998046875 0.19140625 0.998046875 0.361328125 0.9173519736842105 0.2687088815789474
0 0.201171875 0.50390625 0.25390625 0.47265625 0.2734375 0.5078125 0.220703125 0.541015625
0 0.537109375 0.525390625 0.576171875 0.486328125 0.609375 0.517578125 0.5703125 0.556640625
0 0.28125 0.951171875 0.400390625 0.951171875 0.400390625 0.998046875 0.28125 0.998046875
0 0.404296875 0.919921875 0.462890625 0.869140625 0.525390625 0.919921875 0.462890625 0.96875
0 0.158203125 0.849609375 0.19140625 0.8203125 0.25 0.8984375 0.212890625 0.927734375
0 0.25390625 0.837890625 0.310546875 0.78515625 0.333984375 0.810546875 0.275390625 0.861328125
0 0.71875 0.6953125 0.841796875 0.6953125 0.841796875 0.80078125 0.71875 0.80078125
0 0.880859375 0.65234375 0.939453125 0.6015625 0.998046875 0.65234375 0.939453125 0.701171875
0 0.787109375 1 0.787109375 0.923828125 0.61328125 0.923828125 0.61328125 1
0 0.580078125 0.041015625 0.5546875 0.013671875 0.49609375 0.064453125 0.51953125 0.09375