0 0.48046875 0.73828125 0.48046875 0.75 0.3984375 0.755859375 0.37890625 0.755859375 0.376953125 0.744140625 0.35546875 0.74609375 0.359375 0.814453125 0.40234375 0.810546875 0.40234375 0.8203125 0.46484375 0.81640625 0.46484375 0.806640625 0.509765625 0.8046875 0.505859375 0.736328125
0 0.4453125 0.1171875 0.4453125 0.12890625 0.36328125 0.134765625 0.341796875 0.13671875 0.341796875 0.123046875 0.31640625 0.125 0.3203125 0.193359375 0.3671875 0.19140625 0.3671875 0.203125 0.4296875 0.19921875 0.427734375 0.1875 0.470703125 0.18359375 0.466796875 0.115234375
0 0.4609375 0.4296875 0.462890625 0.44140625 0.380859375 0.447265625 0.359375 0.44921875 0.359375 0.4375 0.3359375 0.4375 0.33984375 0.5 0.3828125 0.49609375 0.384765625 0.513671875 0.4453125 0.509765625 0.4453125 0.49609375 0.490234375 0.4921875 0.486328125 0.4296875
0 0.212890625 0.08203125 0 0.095703125 0 0.15625 0.216796875 0.142578125
0 0.234375 0.45703125 0.23046875 0.39453125 0 0.408203125 0 0.470703125
0 0.25390625 0.712890625 0.056640625 0.724609375 0.060546875 0.791015625 0.2578125 0.779296875
0 0.060546875 0.791015625 0.056640625 0.724609375 0 0.728515625 0 0.80859375 0.009765625 0.80859375 0.009765625 0.794921875
0 0.341796875 0.546875 0.3671875 0.55859375 0.376953125 0.57421875 0.384765625 0.59765625 0.384765625 0.61328125 0.380859375 0.626953125 0.375 0.640625 0.3671875 0.650390625 0.349609375 0.6640625 0.35546875 0.74609375 0.376953125 0.744140625 0.37890625 0.755859375 0.3984375 0.755859375 0.48046875 0.75 0.48046875 0.73828125 0.505859375 0.736328125 0.490234375 0.4921875 0.4453125 0.49609375 0.4453125 0.509765625 0.384765625 0.513671875 0.3828125 0.49609375 0.33984375 0.5
0 0.427734375 0.1875 0.4296875 0.19921875 0.3671875 0.203125 0.3671875 0.19140625 0.3203125 0.193359375 0.3359375 0.4375 0.359375 0.4375 0.359375 0.44921875 0.380859375 0.447265625 0.462890625 0.44140625 0.4609375 0.4296875 0.486328125 0.4296875 0.470703125 0.18359375
0 0.2578125 0.80078125 0.322265625 0.796875 0.310546875 0.626953125 0.302734375 0.62109375 0.298828125 0.619140625 0.294921875 0.611328125 0.291015625 0.6015625 0.2890625 0.591796875 0.29296875 0.58203125 0.306640625 0.5625 0.318359375 0.556640625 0.310546875 0.537109375 0.296875 0.5 0.29296875 0.462890625 0.291015625 0.439453125 0.296875 0.40234375 0.27734375 0.078125 0.212890625 0.08203125 0.2578125 0.779296875
0 0.724609375 0.45703125 0.7734375 0.453125 0.759765625 0.255859375 0.712890625 0.2578125
0 0.830078125 0.466796875 1 0.455078125 1 0.400390625 0.826171875 0.412109375
0 0.818359375 0.330078125 1 0.31640625 1 0.259765625 0.814453125 0.2734375
0 0.921875 0.875 0.919921875 0.845703125 0.865234375 0.849609375 0.8671875 0.87890625 0.771484375 0.884765625 0.76953125 0.85546875 0.73046875 0.857421875 0.734375 0.9296875 0.869140625 0.919921875 0.869140625 0.931640625 0.92578125 0.927734375 0.923828125 0.916015625 1 0.91015625 1 0.869140625
0 0.783203125 0.509765625 0.72265625 0.513671875 0.740234375 0.806640625 0.802734375 0.802734375
0 0.798828125 0.751953125 0.802734375 0.802734375 1 0.7890625 1 0.73828125
0 0.984375 0.646484375 0.982421875 0.623046875 0.966796875 0.625 0.970703125 0.701171875 1 0.697265625 1 0.64453125
0 0.9765625 0.5234375 0.931640625 0.52734375 0.931640625 0.544921875 0.85546875 0.548828125 0.859375 0.603515625 0.982421875 0.595703125 0.978515625 0.544921875
0 0.978515625 0.544921875 0.984375 0.646484375 1 0.64453125 1 0.54296875
0 0.85546875 0.548828125 0.931640625 0.544921875 0.9296875 0.513671875 0.830078125 0.521484375 0.8359375 0.60546875 0.859375 0.603515625
0 0.359375 1 0.49609375 1 0.490234375 0.93359375 0.35546875 0.9453125
0 0.298828125 0.94140625 0.015625 0.96484375 0.017578125 1 0.302734375 1
0 0.7265625 0.076171875 0.720703125 0 0.681640625 0 0.6875 0.080078125 0.697265625 0.078125
0 0.7578125 0.07421875 0.697265625 0.078125 0.703125 0.1796875 0.763671875 0.17578125 0.759765625 0.119140625
0 0.919921875 0.109375 0.759765625 0.119140625 0.763671875 0.17578125 0.923828125 0.166015625
0 0.943359375 0.169921875 1 0.166015625 1 0.107421875 0.939453125 0.111328125
0 0.763671875 0.2421875 0.75390625 0.18359375 0.6796875 0.1953125 0.689453125 0.25390625 0.763671875 0.2421875
0 0.578125 0.072265625 0.578125 0 0.50390625 0 0.50390625 0.07421875 0.578125 0.072265625