0 0.275390625 0 0.16796875 0 0.408203125 0.13671875 0.43359375 0.08984375 0.388671875 0.064453125
0 0 0.4140625 0 0.48046875 0.166015625 0.576171875 0.193359375 0.52734375 0.140625 0.49609375
0 0 0.22265625 0 0.2890625 0.244140625 0.431640625 0.2734375 0.380859375 0.22265625 0.3515625
0 0.060546875 0.072265625 0.03515625 0.115234375 0.32421875 0.28125 0.349609375 0.23828125 0.3046875 0.2109375
0 0 0.599609375 0 0.6640625 0.1015625 0.724609375 0.130859375 0.67578125 0.060546875 0.634765625
0 0.03515625 0.685546875 0 0.74609375 0 0.810546875 0.01953125 0.822265625 0 0.85546875 0 0.87109375 0.08984375 0.716796875
0 0.111328125 0.546875 0.060546875 0.634765625 0.107421875 0.662109375 0.158203125 0.572265625
0 0.193359375 0.404296875 0.140625 0.49609375 0.1875 0.5234375 0.240234375 0.4296875
0 0.603515625 0.048828125 0.5703125 0.10546875 0.759765625 0.212890625 0.791015625 0.158203125 0.61328125 0.0546875
0 0.65625 0.5625 0.876953125 0.689453125 0.91015625 0.6328125 0.6875 0.505859375
0 0.43359375 0.37890625 0.40234375 0.431640625 0.623046875 0.55859375 0.65234375 0.505859375 0.48828125 0.412109375
0 0.673828125 0.373046875 0.703125 0.3203125 0.521484375 0.216796875 0.490234375 0.267578125 0.55078125 0.302734375
0 0.48828125 0.412109375 0.55078125 0.302734375 0.49609375 0.26953125 0.43359375 0.37890625
0 0.859375 0 0.744140625 0 0.849609375 0.060546875 0.876953125 0.009765625
0 0.921875 0.08203125 0.892578125 0.1328125 1 0.193359375 1 0.125
0 0.734375 0.427734375 0.9609375 0.556640625 0.9921875 0.501953125 0.765625 0.373046875
0 0.978515625 0.615234375 0.9609375 0.64453125 0.96875 0.6484375 0.95703125 0.669921875 1 0.693359375 1 0.626953125
0 0.4765625 0.990234375 0.4921875 1 0.873046875 1 0.953125 0.86328125 0.6484375 0.689453125
0 0.2109375 0.896484375 0.232421875 0.85546875 0.16796875 0.818359375 0.0625 1 0.150390625 1 0.189453125 0.931640625 0.203125 0.939453125 0.224609375 0.904296875
0 0.34375 0.861328125 0.330078125 0.884765625 0.345703125 0.892578125 0.296875 0.978515625 0.33203125 1 0.341796875 1 0.40234375 0.89453125
0 0.966796875 0.677734375 0.923828125 0.751953125 1 0.794921875 1 0.6953125
0 0.58203125 0.111328125 0.54296875 0.177734375 0.607421875 0.212890625 0.64453125 0.146484375
0 0.947265625 0.0390625 0.921875 0.08203125 1 0.126953125 1 0.068359375
0 0.2734375 0.857421875 0.291015625 0.822265625 0.20703125 0.779296875 0.189453125 0.814453125 0.2734375 0.857421875
0 0.615234375 0.4453125 0.64453125 0.392578125 0.6015625 0.3671875 0.572265625 0.419921875 0.615234375 0.4453125