0 0.138671875 0.134765625 0 0.19921875 0 0.2734375 0.16796875 0.1953125
0 0.50390625 0 0.4296875 0 0.31640625 0.17578125 0.37109375 0.2109375 0.5078125 0.001953125
0 0.4921875 0.466796875 0.265625 0.58984375 0.294921875 0.642578125 0.521484375 0.51953125
0 0.755859375 0.328125 0.529296875 0.451171875 0.55859375 0.5078125 0.787109375 0.384765625
0 0.69921875 0.220703125 0.671875 0.169921875 0.451171875 0.2890625 0.478515625 0.33984375
0 0.40625 0.30078125 0.185546875 0.419921875 0.21484375 0.4765625 0.435546875 0.357421875
0 0.849609375 0.16796875 0.8515625 0.2265625 0.88671875 0.2265625 0.88671875 0.21875 0.916015625 0.216796875 0.91796875 0.2265625 0.982421875 0.224609375 0.982421875 0.216796875 1 0.216796875 1 0.1640625
0 0.763671875 0.013671875 0.765625 0.064453125 0.77734375 0.064453125 0.77734375 0.078125 0.830078125 0.076171875 0.830078125 0.064453125 0.861328125 0.0625 0.861328125 0.076171875 0.9296875 0.07421875 0.927734375 0.0625 0.958984375 0.060546875 0.958984375 0.07421875 1 0.072265625 1 0.0078125
0 0.962890625 0.591796875 0.96484375 0.630859375 1 0.62890625 1 0.58984375
0 0.9375 0.48828125 0.939453125 0.544921875 0.982421875 0.544921875 0.982421875 0.533203125 1 0.533203125 1 0.486328125
0 0.931640625 0.328125 0.93359375 0.38671875 0.97265625 0.38671875 0.97265625 0.376953125 1 0.375 1 0.326171875
0 0.9453125 0.646484375 0.947265625 0.705078125 0.984375 0.703125 0.984375 0.6953125 1 0.6953125 1 0.64453125
0 0.931640625 0.611328125 0.8984375 0.61328125 0.900390625 0.693359375 0.93359375 0.693359375
0 1 0.751953125 1 0.724609375 0.953125 0.7265625 0.953125 0.75390625
0 0.8125 0.5859375 0.630859375 0.5859375 0.630859375 0.65234375 0.8125 0.65234375
0 0.880859375 0.74609375 0.87890625 0.71484375 0.529296875 0.720703125 0.529296875 0.751953125 0.587890625 0.75
0 0.830078125 0.873046875 0.83203125 0.880859375 0.7578125 0.8828125 0.7578125 0.873046875 0.734375 0.875 0.734375 0.8828125 0.66015625 0.884765625 0.66015625 0.875 0.640625 0.875 0.640625 0.884765625 0.619140625 0.884765625 0.62109375 0.896484375 0.60546875 0.896484375 0.607421875 0.9453125 0.8984375 0.939453125 0.8984375 0.892578125 0.880859375 0.892578125 0.880859375 0.880859375 0.857421875 0.880859375 0.857421875 0.87109375
0 0.548828125 0.82421875 0.548828125 0.837890625 0.54296875 0.837890625 0.54296875 0.82421875 0.513671875 0.82421875 0.513671875 0.837890625 0.505859375 0.837890625 0.505859375 0.82421875 0.46484375 0.82421875 0.46484375 0.83984375 0.45703125 0.83984375 0.45703125 0.82421875 0.435546875 0.826171875 0.435546875 0.83984375 0.423828125 0.83984375 0.423828125 0.826171875 0.3828125 0.826171875 0.3828125 0.841796875 0.375 0.841796875 0.373046875 0.826171875 0.353515625 0.826171875 0.35546875 0.841796875 0.345703125 0.841796875 0.345703125 0.826171875 0.31640625 0.828125 0.318359375 0.900390625 0.572265625 0.896484375 0.5703125 0.822265625
0 0.91796875 0.8828125 0.919921875 0.927734375 0.935546875 0.927734375 0.9375 0.9453125 1 0.943359375 1 0.880859375
0 0.166015625 0.732421875 0.166015625 0.708984375 0.166015625 0.685546875 0.1640625 0.662109375 0.1640625 0.65625 0.1015625 0.66015625 0.09765625 0.697265625 0.091796875 0.734375 0.076171875 0.73046875 0.037109375 0.8671875 0.044921875 0.869140625 0.03125 0.896484375 0.017578125 0.921875 0.05078125 0.958984375 0.0625 0.94921875 0.08203125 0.9296875 0.09765625 0.91015625 0.11328125 0.888671875 0.140625 0.8984375 0.15234375 0.86328125 0.14453125 0.861328125 0.169921875 0.78515625 0.17578125 0.787109375 0.181640625 0.759765625 0.1640625 0.75390625
0 0.56640625 0.998046875 0.56640625 0.9765625 0.501953125 0.9765625 0.501953125 0.998046875 0.56640625 0.998046875