0 0.1640625 0.48828125 0.158203125 0.474609375 0.123046875 0.4921875 0.12890625 0.505859375 0.087890625 0.52734375 0.10546875 0.5625 0.12890625 0.55078125 0.1328125 0.55859375 0.158203125 0.546875 0.15625 0.54296875 0.177734375 0.53125 0.1796875 0.533203125 0.20703125 0.51953125 0.203125 0.51171875 0.228515625 0.498046875 0.208984375 0.462890625
0 0.3125 0.103515625 0.306640625 0.08984375 0.271484375 0.107421875 0.279296875 0.12109375 0.236328125 0.142578125 0.25390625 0.177734375 0.27734375 0.166015625 0.28125 0.173828125 0.306640625 0.162109375 0.3046875 0.158203125 0.326171875 0.146484375 0.328125 0.1484375 0.35546875 0.134765625 0.3515625 0.126953125 0.376953125 0.11328125 0.357421875 0.078125
0 0.4375 0.345703125 0.4296875 0.333984375 0.396484375 0.3515625 0.40234375 0.36328125 0.361328125 0.38671875 0.37890625 0.421875 0.400390625 0.41015625 0.40625 0.41796875 0.4296875 0.404296875 0.427734375 0.400390625 0.451171875 0.388671875 0.453125 0.392578125 0.48046875 0.37890625 0.4765625 0.369140625 0.5 0.357421875 0.482421875 0.322265625
0 0.046875 0.240234375 0.041015625 0.228515625 0.005859375 0.24609375 0.01171875 0.2578125 0 0.263671875 0 0.310546875 0.01171875 0.3046875 0.015625 0.3125 0.041015625 0.298828125 0.0390625 0.294921875 0.060546875 0.283203125 0.0625 0.287109375 0.08984375 0.2734375 0.0859375 0.265625 0.111328125 0.251953125 0.091796875 0.216796875
0 0.419921875 0.611328125 0.392578125 0.55859375 0.255859375 0.630859375 0.283203125 0.68359375 0.310546875 0.669921875
0 0.455078125 0.751953125 0.33984375 0.8125 0.369140625 0.8671875 0.484375 0.806640625
0 0.44921875 0.720703125 0.41796875 0.662109375 0.37109375 0.6875 0.400390625 0.74609375
0 0.349609375 0.6484375 0.310546875 0.669921875 0.376953125 0.79296875 0.416015625 0.7734375 0.37109375 0.6875
0 0.3125 0.712890625 0.255859375 0.7421875 0.294921875 0.81640625 0.3515625 0.787109375
0 0.1875 0.8515625 0.138671875 0.876953125 0.14453125 0.890625 0.0390625 0.947265625 0.03125 0.93359375 0 0.94921875 0 0.99609375 0 1 0.05859375 1 0.056640625 0.994140625 0.177734375 0.9296875 0.189453125 0.94921875 0.228515625 0.927734375
0 0.27734375 0.298828125 0.259765625 0.265625 0.162109375 0.3203125 0.1796875 0.353515625 0.27734375 0.298828125
0 0.44140625 0.03515625 0.44140625 0 0.392578125 0 0.392578125 0.03515625 0.44140625 0.03515625
0 0.4765625 0.154296875 0.46484375 0.12890625 0.431640625 0.146484375 0.443359375 0.169921875 0.4765625 0.154296875