0 0.05078125 0.71875 0.025390625 0.775390625 0.041015625 0.78125 0.0390625 0.787109375 0.076171875 0.806640625 0.080078125 0.80078125 0.107421875 0.8125 0.103515625 0.818359375 0.146484375 0.837890625 0.150390625 0.83203125 0.1640625 0.837890625 0.189453125 0.783203125
0 0.505859375 0.970703125 0.4921875 1 0.5703125 1
0 0.205078125 0.796875 0.1796875 0.8515625 0.1953125 0.859375 0.19140625 0.865234375 0.23046875 0.8828125 0.232421875 0.876953125 0.259765625 0.888671875 0.2578125 0.89453125 0.30078125 0.916015625 0.302734375 0.91015625 0.31640625 0.916015625 0.341796875 0.859375
0 0.35546875 0.880859375 0.330078125 0.935546875 0.345703125 0.943359375 0.34375 0.94921875 0.380859375 0.966796875 0.384765625 0.9609375 0.412109375 0.97265625 0.408203125 0.978515625 0.451171875 1 0.455078125 0.994140625 0.466796875 1 0.494140625 0.943359375
0 0.04296875 0.943359375 0.0703125 0.88671875 0 0.8515625 0 0.921875
0 0.884765625 0.4375 0.806640625 0.603515625 0.734375 0.568359375 0.66796875 0.70703125 0.77734375 0.759765625 0.923828125 0.455078125
0 0.587890625 0.455078125 0.6328125 0.361328125 0.591796875 0.33984375 0.49609375 0.5390625 0.591796875 0.583984375 0.623046875 0.517578125 0.6796875 0.544921875 0.697265625 0.5078125
0 0.62890625 0.681640625 0.64453125 0.650390625 0.48828125 0.5703125 0.47265625 0.6015625
0 0.599609375 0.30859375 0.537109375 0.275390625 0.4296875 0.4765625 0.494140625 0.509765625
0 0.439453125 0.48046875 0.3984375 0.556640625 0.408203125 0.5625 0.39453125 0.58984375 0.439453125 0.61328125 0.494140625 0.509765625
0 0.212890625 0.369140625 0.173828125 0.435546875 0.341796875 0.533203125 0.359375 0.50390625 0.2265625 0.42578125 0.248046875 0.390625 0.216796875 0.373046875
0 0.283203125 0.146484375 0.2734375 0.166015625 0.25390625 0.15625 0.14453125 0.404296875 0.181640625 0.421875 0.212890625 0.369140625 0.216796875 0.373046875 0.236328125 0.330078125 0.251953125 0.337890625 0.326171875 0.1640625
0 0.3125 0.248046875 0.4375 0.298828125 0.455078125 0.2578125 0.330078125 0.205078125
0 0.56640625 0.251953125 0.5859375 0.208984375 0.517578125 0.177734375 0.498046875 0.22265625
0 0.3125 0.0859375 0.29296875 0.130859375 0.498046875 0.22265625 0.517578125 0.177734375
0 0.390625 0.009765625 0.4921875 0.052734375 0.51171875 0 0.38671875 0
0 0.041015625 0.0859375 0 0.1640625 0 0.2734375 0.015625 0.283203125 0.1015625 0.1171875
0 1 0.138671875 1 0 0.76953125 0
0 0.9609375 0.296875 0.99609375 0.314453125 1 0.306640625 1 0.21875
0 0.947265625 0.251953125 0.759765625 0.16015625 0.732421875 0.21484375 0.890625 0.29296875 0.880859375 0.3125 0.91015625 0.328125 0.919921875 0.30859375
0 0.689453125 0.298828125 0.708984375 0.2578125 0.646484375 0.228515625 0.626953125 0.26953125 0.689453125 0.298828125
0 0.4609375 0.11328125 0.474609375 0.080078125 0.392578125 0.046875 0.37890625 0.080078125 0.4609375 0.11328125
0 0.8515625 0.357421875 0.87109375 0.314453125 0.818359375 0.2890625 0.796875 0.33203125 0.8515625 0.357421875
0 0.720703125 0.224609375 0.76171875 0.150390625 0.708984375 0.12109375 0.66796875 0.1953125 0.720703125 0.224609375