0 0.12890625 0.1953125 0.12890625 0.1640625 0.0859375 0.1640625 0.087890625 0.150390625 0 0.146484375 0 0.384765625 0.1953125 0.392578125 0.201171875 0.19921875
0 0.072265625 0.1484375 0.076171875 0 0 0 0 0.14453125
0 0.201171875 0.3984375 0.26953125 0.400390625 0.271484375 0.3671875 0.201171875 0.365234375
0 0.205078125 0.251953125 0.201171875 0.365234375 0.89453125 0.390625 0.8984375 0.27734375
0 0.314453125 0.19140625 0.208984375 0.1875 0.205078125 0.251953125 0.392578125 0.259765625 0.39453125 0.20703125 0.359375 0.1875 0.314453125 0.185546875
0 0.39453125 0.09375 0.427734375 0.09375 0.4296875 0 0.396484375 0
0 0.693359375 0.251953125 0.771484375 0.255859375 0.7734375 0.22265625 0.693359375 0.21875
0 0.423828125 0.208984375 0.900390625 0.2265625 0.908203125 0 0.4296875 0
0 0.6875 0.453125 0.6875 0.470703125 0.63671875 0.46875 0.634765625 0.541015625 0.685546875 0.54296875 0.681640625 0.62109375 0.88671875 0.626953125 0.892578125 0.4609375
0 0 0.673828125 0 1 0.771484375 1 0.7734375 0.9609375 0.87109375 0.96484375 0.880859375 0.708984375
0 1 0.40625 1 0.3671875 0.974609375 0.3671875 0.97265625 0.40625
0 0.96875 0.755859375 1 0.755859375 1 0.68359375 0.970703125 0.68359375
0 0.97265625 0.40625 0.962890625 0.681640625 1 0.681640625 1 0.40625
0 0.955078125 0.810546875 0.953125 0.87109375 1 0.87109375 1 0.810546875
0 1 0.1015625 1 0.00390625 0.974609375 0.00390625 0.974609375 0.1015625 1 0.1015625