0 0.50390625 0.28515625 0.544921875 0.296875 0.564453125 0.232421875 0.525390625 0.220703125
0 0.5390625 0.1953125 0.5703125 0.205078125 0.578125 0.17578125 0.546875 0.166015625
0 0.62890625 0.32421875 0.685546875 0.25390625 0.630859375 0.208984375 0.57421875 0.279296875
0 0.830078125 0.025390625 0.7109375 0.138671875 0.708984375 0.13671875 0.6953125 0.169921875 0.73046875 0.185546875 0.736328125 0.169921875 0.748046875 0.1796875 0.8671875 0.064453125
0 0.404296875 0.552734375 0.400390625 0.57421875 0.375 0.568359375 0.3515625 0.658203125 0.41015625 0.673828125 0.439453125 0.5625
0 0.33984375 0.599609375 0.345703125 0.5703125 0.263671875 0.5546875 0.2578125 0.583984375
0 0.359375 0.681640625 0.359375 0.70703125 0.431640625 0.7109375 0.431640625 0.685546875
0 0.298828125 0.796875 0.294921875 0.84375 0.421875 0.849609375 0.423828125 0.802734375 0.353515625 0.798828125
0 0.3046875 0.6796875 0.298828125 0.796875 0.353515625 0.798828125 0.359375 0.681640625
0 0.04296875 0.0234375 0.0234375 0.0859375 0.068359375 0.099609375 0.087890625 0.0390625
0 0.080078125 0.12109375 0.0625 0.173828125 0.16015625 0.205078125 0.177734375 0.15234375 0.10546875 0.12890625
0 0.3828125 0.177734375 0.3671875 0.2265625 0.5 0.26953125 0.515625 0.220703125
0 0.376953125 0.435546875 0.5078125 0.392578125 0.48828125 0.3359375 0.359375 0.380859375
0 0.015625 0.25390625 0 0.248046875 0 0.3046875
0 0.60546875 0.048828125 0.60546875 0 0.455078125 0 0.455078125 0.048828125 0.60546875 0.048828125
0 0.6875 0.080078125 0.708984375 0.0234375 0.654296875 0.001953125 0.6328125 0.060546875 0.6875 0.080078125
0 0.498046875 0.318359375 0.486328125 0.28515625 0.443359375 0.30078125 0.455078125 0.333984375 0.498046875 0.318359375