0 0 0.6015625 0 0.70703125 0.046875 0.62890625
0 0.162109375 0.21484375 0.1875 0.171875 0.05078125 0.091796875 0.025390625 0.13671875
0 0.052734375 0.087890625 0 0.056640625 0 0.146484375 0.013671875 0.154296875 0.025390625 0.13671875
0 0.1015625 0.33203125 0.123046875 0.294921875 0 0.22265625 0 0.271484375
0 0.228515625 0.13671875 0.251953125 0.095703125 0.087890625 0 0.00390625 0 0.001953125 0.005859375
0 0.90234375 0.771484375 0.908203125 0.763671875 0.865234375 0.73828125 0.837890625 0.7890625 0.853515625 0.798828125 0.845703125 0.8125 0.921875 0.857421875 0.955078125 0.802734375
0 0.3203125 0.9921875 0.33203125 1 0.541015625 1 0.5078125 0.98046875 0.5 0.994140625 0.365234375 0.916015625
0 0.44921875 0.17578125 0.666015625 0.302734375 0.708984375 0.23046875 0.67578125 0.2109375 0.65234375 0.25 0.46875 0.142578125
0 0.724609375 0.185546875 0.748046875 0.146484375 0.576171875 0.044921875 0.552734375 0.0859375
0 0.521484375 0.044921875 0.482421875 0.11328125 0.521484375 0.13671875 0.5625 0.068359375
0 0.345703125 0.009765625 0.189453125 0.279296875 0.236328125 0.306640625 0.392578125 0.037109375
0 0.236328125 0.306640625 0.189453125 0.279296875 0.142578125 0.359375 0.189453125 0.38671875
0 0.734375 1 0.8203125 1 0.875 0.908203125 0.810546875 0.87109375
0 0.708984375 0.83984375 0.65234375 0.806640625 0.609375 0.880859375 0.6640625 0.9140625
0 0.4375 0.78125 0.40625 0.83203125 0.634765625 0.966796875 0.6640625 0.9140625
0 0.265625 0.60546875 0.228515625 0.583984375 0.173828125 0.67578125 0.380859375 0.796875 0.40234375 0.759765625 0.384765625 0.75 0.40625 0.71484375 0.361328125 0.689453125 0.33984375 0.724609375 0.232421875 0.662109375
0 0.2890625 0.796875 0.248046875 0.869140625 0.302734375 0.90234375 0.345703125 0.830078125
0 0.10546875 0.787109375 0.0703125 0.84765625 0.2890625 0.974609375 0.32421875 0.9140625
0 0.39453125 0.37109375 0.431640625 0.306640625 0.390625 0.283203125 0.333984375 0.380859375 0.375 0.404296875 0.369140625 0.4140625 0.53515625 0.51171875 0.560546875 0.466796875
0 0.306640625 0.515625 0.34375 0.453125 0.3046875 0.4296875 0.248046875 0.52734375 0.287109375 0.55078125 0.28125 0.560546875 0.447265625 0.65625 0.47265625 0.61328125
0 0.640625 0.455078125 0.556640625 0.59765625 0.765625 0.71875 0.796875 0.666015625 0.62890625 0.5703125 0.658203125 0.51953125 0.828125 0.619140625 0.8515625 0.578125 0.68359375 0.478515625
0 0.712890625 0.80859375 0.7421875 0.76171875 0.521484375 0.6328125 0.494140625 0.681640625
0 0.603515625 0.349609375 0.455078125 0.263671875 0.439453125 0.291015625 0.470703125 0.310546875 0.45703125 0.333984375 0.572265625 0.40234375 0.5859375 0.376953125
0 0.916015625 0.275390625 0.943359375 0.23046875 0.818359375 0.15625 0.791015625 0.203125 0.828125 0.224609375
0 0.732421875 0.3046875 0.705078125 0.3515625 0.90234375 0.466796875 0.9296875 0.419921875
0 0.791015625 0.203125 0.732421875 0.3046875 0.76953125 0.326171875 0.828125 0.224609375
0 0.90625 0.35546875 0.9453125 0.380859375 1 0.287109375 1 0.21484375 0.990234375 0.2109375
0 0.931640625 0.078125 0.923828125 0.09375 0.869140625 0.060546875 0.84765625 0.099609375 0.900390625 0.130859375 0.908203125 0.119140625 0.984375 0.1640625 1 0.13671875 1 0.1171875 0.98828125 0.111328125
0 0.15625 0.701171875 0.10546875 0.787109375 0.15625 0.81640625 0.205078125 0.728515625
0 0.8359375 0.029296875 0.8359375 0 0.74609375 0 0.74609375 0.029296875 0.8359375 0.029296875
0 0.310546875 0.0234375 0.310546875 0 0.197265625 0 0.19921875 0.025390625 0.310546875 0.0234375