0 0.22265625 0.005859375 0.265625 0.009765625 0.265625 0 0.22265625 0
0 0.208984375 0.919921875 0.455078125 0.9140625 0.453125 0.845703125 0.20703125 0.853515625
0 0.705078125 0.55859375 1 0.5859375 1 0.515625 0.7109375 0.48828125
0 0.228515625 0.544921875 0.634765625 0.552734375 0.63671875 0.486328125 0.23046875 0.478515625
0 0.7578125 0.400390625 1 0.421875 1 0.353515625 0.763671875 0.333984375
0 0.767578125 0.92578125 0.998046875 0.94140625 1 0.916015625 1 0.865234375 0.771484375 0.8515625
0 0.8125 0.736328125 0.818359375 0.662109375 0.525390625 0.640625 0.5234375 0.71484375
0 0.48046875 0.888671875 0.734375 0.90625 0.73828125 0.84765625 0.484375 0.830078125
0 1 0.75390625 1 0.693359375 0.84765625 0.68359375 0.841796875 0.744140625
0 0.646484375 0.390625 0.6484375 0.333984375 0.271484375 0.318359375 0.26953125 0.375
0 0.46875 0.7109375 0.474609375 0.63671875 0.287109375 0.623046875 0.28125 0.697265625
0 0.216796875 0.3359375 0.22265625 0.263671875 0 0.24609375 0 0.31640625 0.216796875 0.3359375
0 0.15625 0.501953125 0.154296875 0.43359375 0 0.435546875 0 0.501953125 0.15625 0.501953125
0 0.15625 0.697265625 0.15625 0.619140625 0 0.619140625 0 0.697265625 0.15625 0.697265625
0 0.15625 0.873046875 0.154296875 0.8046875 0 0.806640625 0 0.875 0.15625 0.873046875
0 0.56640625 0.140625 0.568359375 0.109375 0.521484375 0.10546875 0.51953125 0.13671875 0.56640625 0.140625
0 0.04296875 0.095703125 0.04296875 0.029296875 0 0.029296875 0 0.095703125 0.04296875 0.095703125
0 0.70703125 0.36328125 0.708984375 0.30078125 0.677734375 0.298828125 0.67578125 0.361328125 0.70703125 0.36328125
0 0.861328125 0.03125 0.861328125 0 0.5859375 0 0.5859375 0.029296875 0.861328125 0.03125
0 0.0546875 0.7578125 0.056640625 0.728515625 0.005859375 0.7265625 0.005859375 0.755859375 0.0546875 0.7578125
0 0.4375 0.02734375 0.4375 0 0.3828125 0 0.3828125 0.02734375 0.4375 0.02734375