0 0.390625 0.126953125 0.478515625 0.033203125 0.4453125 0.001953125 0.357421875 0.095703125
0 0.01953125 0.791015625 0.115234375 0.783203125 0.11328125 0.7421875 0.015625 0.748046875
0 0.015625 0.748046875 0 0.748046875 0 0.791015625 0.01953125 0.791015625
0 0.083984375 0.87109375 0.087890625 0.87109375 0.08984375 0.87109375 0.091796875 0.87109375 0.09375 0.869140625 0.095703125 0.8671875 0.09765625 0.865234375 0.09765625 0.86328125 0.09765625 0.861328125 0.095703125 0.8359375 0.095703125 0.833984375 0.095703125 0.83203125 0.095703125 0.830078125 0.09375 0.828125 0.091796875 0.826171875 0.08984375 0.826171875 0.087890625 0.826171875 0.0859375 0.826171875 0.0625 0.828125 0 0.841796875 0 0.890625
0 0.13671875 0.517578125 0.134765625 0.482421875 0 0.48828125 0 0.5234375
0 0.1484375 0.603515625 0.146484375 0.568359375 0 0.576171875 0 0.611328125
0 0.1171875 0.646484375 0.1171875 0.66015625 0 0.6640625 0 0.69140625 0.00390625 0.69140625 0.00390625 0.712890625 0.15234375 0.70703125 0.15234375 0.685546875 0.158203125 0.685546875 0.158203125 0.6640625 0.14453125 0.6640625 0.142578125 0.64453125
0 0.671875 0.005859375 0.6640625 0 0.619140625 0 0.462890625 0.185546875 0.49609375 0.212890625
0 0.728515625 0.142578125 0.78515625 0.1875 0.818359375 0.14453125 0.763671875 0.099609375
0 0.017578125 0.005859375 0.056640625 0.04296875 0.068359375 0.029296875 0.064453125 0.025390625 0.068359375 0.021484375 0.072265625 0.025390625 0.095703125 0 0.0234375 0
0 0.0546875 0.2265625 0.06640625 0.2109375 0 0.154296875 0 0.181640625
0 0 0.1796875 0 0.21484375 0.046875 0.25390625 0.064453125 0.232421875
0 0.185546875 0.3203125 0.16796875 0.341796875 0.3203125 0.470703125 0.337890625 0.44921875
0 0.39453125 0.53515625 0.41015625 0.517578125 0.341796875 0.4609375 0.326171875 0.4765625 0.375 0.517578125
0 0.16796875 0.341796875 0.140625 0.373046875 0.34765625 0.548828125 0.375 0.517578125 0.3203125 0.470703125
0 0.205078125 0.67578125 0.21875 0.7265625 0.3203125 0.69921875 0.306640625 0.6484375
0 0.263671875 0.8203125 0.318359375 0.80078125 0.294921875 0.7265625 0.23828125 0.744140625
0 0.0625 0.357421875 0.138671875 0.349609375 0.134765625 0.302734375 0.056640625 0.310546875
0 0.404296875 0.287109375 0.4609375 0.220703125 0.2421875 0.037109375 0.16015625 0.134765625 0.396484375 0.333984375 0.421875 0.302734375
0 0.634765625 0.24609375 0.56640625 0.330078125 0.525390625 0.296875 0.451171875 0.390625 0.537109375 0.458984375 0.599609375 0.380859375 0.607421875 0.38671875 0.685546875 0.2890625
0 0.44140625 0.5859375 0.427734375 0.537109375 0.185546875 0.603515625 0.197265625 0.65234375 0.287109375 0.626953125
0 0.99609375 0.357421875 1 0.35546875 1 0.298828125 0.97265625 0.314453125
0 0.80859375 0.544921875 0.775390625 0.52734375 0.728515625 0.619140625 0.763671875 0.638671875 0.77734375 0.611328125 0.787109375 0.6171875 0.779296875 0.6328125 0.802734375 0.64453125 0.8359375 0.58203125 0.810546875 0.568359375 0.79296875 0.603515625 0.78125 0.59765625
0 0.861328125 0.458984375 0.837890625 0.443359375 0.791015625 0.515625 0.81640625 0.53125 0.845703125 0.486328125 0.85546875 0.4921875 0.833984375 0.525390625 0.861328125 0.54296875 0.900390625 0.484375 0.873046875 0.466796875 0.86328125 0.48046875 0.853515625 0.47265625
0 0.8828125 0.7890625 0.96484375 0.796875 0.96875 0.759765625 0.88671875 0.751953125
0 0.728515625 0.748046875 0.75390625 0.740234375 0.74609375 0.71875 0.72265625 0.7265625
0 0.927734375 0.447265625 0.984375 0.37890625 0.935546875 0.337890625 0.87890625 0.404296875
0 0.7421875 0.025390625 0.76171875 0 0.7109375 0
0 0.15625 0.84765625 0.25390625 0.822265625 0.248046875 0.791015625 0.1484375 0.81640625
0 0.173828125 0.90234375 0.279296875 0.875 0.271484375 0.841796875 0.166015625 0.869140625
0 0.775390625 0.048828125 0.81640625 0 0.78515625 0 0.7578125 0.033203125
0 0.828125 0 0.78125 0.052734375 0.80078125 0.072265625 0.849609375 0.01953125
0 0.849609375 0.01953125 0.865234375 0 0.828125 0
0 0.904296875 0.015625 0.91796875 0 0.884765625 0
0 0.791015625 0.083984375 0.833984375 0.123046875 0.859375 0.095703125 0.81640625 0.0546875 0.80078125 0.072265625
0 0.8671875 0.0546875 0.890625 0.029296875 0.86328125 0.00390625 0.83984375 0.029296875
0 0.8671875 0.08203125 0.900390625 0.109375 0.98046875 0.009765625 0.966796875 0 0.9296875 0