0 0.08203125 0.21875 0.337890625 0.310546875 0.35546875 0.259765625 0.099609375 0.16796875
0 0.013671875 0.4140625 0.2734375 0.505859375 0.291015625 0.45703125 0.03125 0.365234375
0 0.43359375 0.36328125 0.693359375 0.453125 0.7109375 0.3984375 0.451171875 0.30859375
0 0.408203125 0.53515625 0.66796875 0.625 0.685546875 0.572265625 0.42578125 0.482421875
0 0.560546875 0.015625 0.54296875 0.0625 0.791015625 0.154296875 0.806640625 0.107421875 0.787109375 0.1015625
0 0.76171875 0.19140625 0.69921875 0.353515625 0.771484375 0.380859375 0.833984375 0.21875 0.826171875 0.21484375
0 0.8046875 0.05859375 0.787109375 0.1015625 0.806640625 0.107421875 0.791015625 0.154296875 0.76953125 0.146484375 0.75390625 0.1875 0.826171875 0.21484375 0.875 0.0859375
0 0.875 0.0859375 0.90625 0 0.826171875 0 0.8046875 0.05859375
0 0.306640625 0.8046875 0.326171875 0.7421875 0 0.625 0 0.677734375 0.064453125 0.703125 0.056640625 0.724609375 0.16796875 0.759765625 0.17578125 0.740234375 0.294921875 0.787109375 0.291015625 0.798828125
0 0.16796875 0.150390625 0.224609375 0 0.146484375 0 0.099609375 0.123046875
0 0.064453125 0.703125 0 0.677734375 0 0.7578125 0.037109375 0.7734375 0.056640625 0.724609375
0 0.294921875 0.787109375 0.17578125 0.740234375 0.1484375 0.810546875 0.267578125 0.859375 0.291015625 0.798828125
0 0.380859375 0.810546875 0.365234375 0.849609375 0.3984375 0.861328125 0.392578125 0.876953125 0.4375 0.89453125 0.443359375 0.87890625 0.4921875 0.8984375 0.486328125 0.912109375 0.525390625 0.92578125 0.53125 0.912109375 0.552734375 0.921875 0.568359375 0.8828125 0.55078125 0.876953125
0 0.5078125 0.919921875 0.4765625 1 0.560546875 1 0.58203125 0.947265625 0.525390625 0.92578125
0 0.55078125 0.876953125 0.5703125 0.830078125 0.3984375 0.763671875 0.380859375 0.810546875
0 0.935546875 1 1 1 1 0.955078125 0.9375 0.939453125 0.921875 0.99609375
0 0.935546875 0.943359375 0.828125 0.916015625 0.8125 0.978515625 0.896484375 1 0.919921875 1 0.921875 0.99609375
0 0.900390625 0.837890625 1 0.87109375 1 0.8046875 0.921875 0.77734375
0 0.953125 0.68359375 1 0.69921875 1 0.642578125 0.97265625 0.6328125
0 0.923828125 0.40234375 0.9765625 0.421875 1 0.357421875 1 0.19140625
0 0.869140625 0.7109375 0.92578125 0.732421875 0.978515625 0.591796875 0.921875 0.5703125
0 0.92578125 0.5 0.87890625 0.482421875 0.7734375 0.759765625 0.8203125 0.77734375 0.849609375 0.697265625
0 0.802734375 0.8046875 0.744140625 0.787109375 0.708984375 0.896484375 0.767578125 0.916015625
0 0.7265625 0.90234375 0.6953125 1 0.751953125 1 0.77734375 0.91796875 0.767578125 0.916015625