0 0.609375 0.068359375 0.6484375 0 0.48828125 0
0 0.66796875 0 0.6484375 0 0.611328125 0.064453125 0.75 0.142578125 0.791015625 0.068359375
0 0.880859375 0.212890625 0.892578125 0.220703125 0.93359375 0.150390625 0.90234375 0.1328125 0.908203125 0.12109375 0.83984375 0.083984375 0.833984375 0.09375 0.791015625 0.068359375 0.75 0.142578125 0.794921875 0.16796875 0.7890625 0.1796875 0.873046875 0.228515625
0 0.482421875 0.138671875 0.45703125 0.18359375 0.4765625 0.1953125 0.46875 0.20703125 0.49609375 0.22265625 0.52734375 0.1640625
0 0.49609375 0.22265625 0.6796875 0.326171875 0.712890625 0.26953125 0.69140625 0.2578125 0.69921875 0.24609375 0.658203125 0.22265625 0.65234375 0.234375 0.5859375 0.197265625 0.591796875 0.185546875 0.564453125 0.169921875 0.55859375 0.18359375 0.52734375 0.166015625
0 0.431640625 0.181640625 0.46484375 0.123046875 0.4296875 0.103515625 0.4375 0.08984375 0.345703125 0.0390625 0.33984375 0.05078125 0.3046875 0.03125 0.26953125 0.08984375 0.41015625 0.169921875
0 0.197265625 0.21484375 0.23046875 0.232421875 0.267578125 0.16796875 0.376953125 0.23046875 0.41015625 0.169921875 0.26953125 0.08984375
0 0.47265625 0.357421875 0.44921875 0.400390625 0.466796875 0.41015625 0.4375 0.462890625 0.5390625 0.51953125 0.59375 0.42578125
0 0.232421875 0.236328125 0.150390625 0.3828125 0.1953125 0.408203125 0.232421875 0.345703125 0.4375 0.462890625 0.466796875 0.41015625 0.44921875 0.400390625 0.466796875 0.369140625 0.279296875 0.26171875
0 0.228515625 0.376953125 0.1875 0.44921875 0.482421875 0.6171875 0.5234375 0.546875
0 0.0078125 0.84375 0.064453125 0.876953125 0.12890625 0.76171875 0.072265625 0.73046875
0 0.134765625 0.765625 0.234375 0.58984375 0.171875 0.552734375 0.072265625 0.73046875 0.12890625 0.76171875
0 0 0.541015625 0 0.603515625 0.0703125 0.64453125 0.09765625 0.59765625
0 0.01953125 0.044921875 0.021484375 0.041015625 0.17578125 0.126953125 0.22265625 0.044921875 0.142578125 0 0.03515625 0 0.02734375 0.013671875 0.001953125 0 0 0 0 0.033203125
0 0.822265625 0.19921875 0.751953125 0.322265625 0.822265625 0.36328125 0.890625 0.23828125 0.873046875 0.228515625
0 0 0.17578125 0 0.228515625 0.16015625 0.3203125 0.1875 0.275390625 0.00390625 0.169921875
0 0.119140625 0.453125 0.15234375 0.39453125 0 0.306640625 0 0.384765625
0 0.708984375 0.517578125 0.673828125 0.578125 0.703125 0.59375 0.736328125 0.533203125
0 0.6953125 0.369140625 0.669921875 0.4140625 0.720703125 0.443359375 0.685546875 0.505859375 0.736328125 0.533203125 0.796875 0.42578125
0 0.65625 0.568359375 0.623046875 0.62890625 0.568359375 0.59765625 0.55078125 0.630859375 0.6484375 0.6875 0.703125 0.59375 0.673828125 0.578125
0 0.333984375 0.998046875 0.333984375 0.890625 0.001953125 0.890625 0.001953125 0.998046875 0.333984375 0.998046875