0 0.150390625 0.546875 0.150390625 0.4765625 0 0.4765625 0 0.546875
0 0.1953125 0.533203125 0.416015625 0.53125 0.416015625 0.4609375 0.1953125 0.462890625
0 0.04296875 0.0234375 0.04296875 0.091796875 0.1796875 0.08984375 0.1796875 0.111328125 0.4140625 0.109375 0.4140625 0.0390625 0.1796875 0.04296875 0.177734375 0.021484375
0 0.09765625 0.330078125 0.41796875 0.326171875 0.416015625 0.25 0.09765625 0.255859375
0 0.541015625 0 0.453125 0 0.455078125 0.048828125 0.48046875 0.046875 0.48046875 0.0625 0.541015625 0.060546875 0.541015625 0.046875
0 0.66796875 0.05078125 0.666015625 0 0.58203125 0 0.58203125 0.052734375 0.6171875 0.05078125 0.6171875 0.072265625 0.640625 0.072265625 0.638671875 0.05078125
0 0.748046875 0.05078125 0.78125 0.05078125 0.78125 0 0.69921875 0 0.701171875 0.0390625 0.685546875 0.0390625 0.685546875 0.0625 0.748046875 0.060546875
0 0.466796875 0.19921875 0.5390625 0.19921875 0.5390625 0.109375 0.46484375 0.111328125
0 0.578125 0.197265625 0.658203125 0.197265625 0.658203125 0.119140625 0.578125 0.12109375
0 0.765625 0.119140625 0.69921875 0.12109375 0.701171875 0.177734375 0.681640625 0.177734375 0.68359375 0.2109375 0.767578125 0.2109375
0 0.46484375 0.3671875 0.548828125 0.3671875 0.546875 0.263671875 0.46484375 0.263671875
0 0.58203125 0.3671875 0.669921875 0.365234375 0.66796875 0.267578125 0.580078125 0.267578125
0 0.76953125 0.271484375 0.6953125 0.2734375 0.697265625 0.35546875 0.73828125 0.35546875 0.73828125 0.3671875 0.771484375 0.3671875 0.771484375 0.35546875
0 0.564453125 0.42578125 0.564453125 0.44140625 0.52734375 0.44140625 0.52734375 0.42578125 0.494140625 0.42578125 0.49609375 0.53125 0.59765625 0.529296875 0.595703125 0.42578125
0 0.72265625 0.427734375 0.72265625 0.4453125 0.6875 0.4453125 0.6875 0.427734375 0.646484375 0.4296875 0.646484375 0.53515625 0.751953125 0.533203125 0.75 0.427734375
0 0.955078125 0.025390625 0.955078125 0.078125 1 0.076171875 1 0.0234375
0 0.955078125 0.025390625 0.822265625 0.02734375 0.822265625 0.0859375 0.955078125 0.083984375 0.955078125 0.078125
0 0.8046875 0.25390625 1 0.25 1 0.1796875 0.8046875 0.18359375
0 0.80078125 0.427734375 1 0.42578125 1 0.3515625 0.80078125 0.35546875