0 0.95703125 0.07421875 0.943359375 0.30078125 1 0.302734375 1 0.076171875
0 0.865234375 0.4296875 1 0.43359375 1 0.345703125 0.869140625 0.341796875
0 0.8828125 0.0703125 1 0.076171875 1 0 0.884765625 0
0 0.947265625 0.486328125 0.9453125 0.521484375 0.923828125 0.51953125 0.919921875 0.685546875 0.94140625 0.685546875 0.94140625 0.70703125 0.931640625 0.70703125 0.9296875 0.80078125 0.912109375 0.80078125 0.90625 0.9921875 0.97265625 0.994140625 0.9765625 0.908203125 1 0.908203125 1 0.486328125
0 0.90625 0.9921875 0.908203125 0.953125 0.884765625 0.953125 0.8828125 1 0.951171875 1 0.953125 0.994140625
0 0.51953125 0.326171875 0.279296875 0.310546875 0.275390625 0.37890625 0.515625 0.392578125 0.517578125 0.359375
0 0.52734375 0.1953125 0.517578125 0.359375 0.58984375 0.36328125 0.599609375 0.201171875
0 0.22265625 0.390625 0.2265625 0.333984375 0 0.318359375 0 0.376953125
0 0.263671875 0.203125 0.267578125 0.1484375 0 0.130859375 0 0.1875
0 0.064453125 0.025390625 0 0.021484375 0 0.083984375 0.060546875 0.08984375 0.060546875 0.068359375
0 0.35546875 0.09765625 0.62890625 0.11328125 0.6328125 0.05859375 0.359375 0.04296875
0 0.34765625 0.07421875 0.34765625 0.01953125 0.2265625 0.021484375 0.2265625 0.07421875 0.34765625 0.07421875