0 0.798828125 0.939453125 0.740234375 0.94140625 0.615234375 1 0.73828125 1 0.744140625 0.998046875 0.798828125 0.994140625 0.908203125 1 0.912109375 0.943359375
0 0.79296875 0.755859375 0.79296875 0.767578125 0.787109375 0.767578125 0.787109375 0.7890625 0.78515625 0.794921875 0.791015625 0.794921875 0.791015625 0.810546875 0.8984375 0.814453125 0.8984375 0.80078125 0.90625 0.80078125 0.908203125 0.7734375 0.900390625 0.7734375 0.900390625 0.76171875
0 0.548828125 0.77734375 0.548828125 0.79296875 0.54296875 0.79296875 0.54296875 0.818359375 0.546875 0.818359375 0.546875 0.83203125 0.658203125 0.8359375 0.658203125 0.822265625 0.666015625 0.822265625 0.666015625 0.796875 0.66015625 0.796875 0.66015625 0.78125
0 0.10546875 0.97265625 0.083984375 0.9765625 0 0.970703125 0 1 0.18359375 1 0.208984375 0.98828125 0.18359375 0.935546875
0 0.3359375 0.884765625 0.333984375 0.9375 0.353515625 0.9375 0.353515625 0.9453125 0.4296875 0.947265625 0.4296875 0.939453125 0.44921875 0.939453125 0.44921875 0.88671875
0 0.826171875 0.33203125 0.82421875 0.34765625 0.71875 0.33984375 0.71875 0.357421875 0.623046875 0.3515625 0.6171875 0.421875 0.712890625 0.427734375 0.71484375 0.416015625 0.818359375 0.421875 0.8203125 0.40234375 0.91015625 0.408203125 0.916015625 0.337890625
0 0.37890625 0.181640625 0.541015625 0.19140625 0.544921875 0.130859375 0.3828125 0.12109375
0 0.53125 0.37109375 0.53515625 0.310546875 0.365234375 0.30078125 0.361328125 0.361328125
0 0.34765625 0.533203125 0.513671875 0.54296875 0.515625 0.53515625 0.599609375 0.541015625 0.60546875 0.4765625 0.51953125 0.470703125 0.517578125 0.48046875 0.3515625 0.46875
0 0.927734375 0.220703125 0.931640625 0.162109375 0.642578125 0.142578125 0.638671875 0.203125
0 0.8125 0.552734375 0.8203125 0.5390625 0.828125 0.525390625 0.83984375 0.513671875 0.853515625 0.50390625 0.8671875 0.49609375 0.880859375 0.490234375 0.896484375 0.486328125 0.912109375 0.486328125 0.916015625 0.439453125 0.82421875 0.43359375 0.822265625 0.447265625 0.7890625 0.4453125 0.787109375 0.4765625 0.69140625 0.470703125 0.685546875 0.54296875
0 0.08203125 0.4921875 0.0859375 0.427734375 0 0.421875 0 0.484375
0 0.115234375 0.271484375 0.1171875 0.24609375 0 0.23828125 0 0.30078125 0.11328125 0.30859375 0.111328125 0.330078125 0.259765625 0.33984375 0.263671875 0.28125
0 0.07421875 0.66015625 0.078125 0.6015625 0 0.595703125 0 0.654296875
0 0.1328125 0.09375 0.134765625 0.068359375 0 0.05859375 0 0.12109375 0.130859375 0.130859375 0.12890625 0.154296875 0.275390625 0.1640625 0.279296875 0.103515625
0 0.189453125 0.544921875 0.193359375 0.546875 0.1953125 0.544921875 0.197265625 0.544921875 0.19921875 0.544921875 0.201171875 0.54296875 0.203125 0.541015625 0.205078125 0.5390625 0.205078125 0.537109375 0.205078125 0.533203125 0.205078125 0.53125 0.205078125 0.529296875 0.205078125 0.52734375 0.203125 0.525390625 0.201171875 0.5234375 0.19921875 0.521484375 0.197265625 0.521484375 0.193359375 0.521484375 0.19140625 0.521484375 0.16796875 0.51953125 0.169921875 0.494140625 0.193359375 0.494140625 0.197265625 0.447265625 0.23828125 0.44921875 0.2421875 0.384765625 0.203125 0.3828125 0.201171875 0.396484375 0.169921875 0.39453125 0.16796875 0.4140625 0.142578125 0.412109375 0.134765625 0.541015625
0 0.728515625 0.04296875 0.728515625 0 0.375 0 0.375 0.04296875 0.728515625 0.04296875
0 0.23046875 0.953125 0.283203125 0.8828125 0.201171875 0.822265625 0.1484375 0.892578125 0.23046875 0.953125
0 0.2890625 0.021484375 0.2890625 0 0.11328125 0 0.11328125 0.021484375 0.2890625 0.021484375