0 0.611328125 0.052734375 0.650390625 0.0234375 0.6328125 0 0.57421875 0 0.59765625 0.033203125 0.392578125 0.16796875 0.380859375 0.162109375 0.330078125 0.185546875 0.330078125 0.2109375 0.31640625 0.2109375 0.326171875 0.234375 0.37109375 0.23828125 0.416015625 0.201171875 0.419921875 0.208984375 0.625 0.072265625
0 0.33203125 0.009765625 0.279296875 0.009765625 0.27734375 0.2109375 0.330078125 0.2109375 0.330078125 0.185546875
0 0.978515625 0.080078125 0.771484375 0.08984375 0.7734375 0.1640625 0.98046875 0.154296875 0.978515625 0.115234375
0 0.74609375 0.46875 0.75 0.53515625 1 0.517578125 1 0.451171875
0 0.810546875 0.341796875 1 0.33203125 1 0.259765625 0.80859375 0.26953125
0 0.765625 0.11328125 0.67578125 0.1171875 0.6796875 0.197265625 0.767578125 0.193359375 0.765625 0.146484375
0 0.7265625 0.650390625 1 0.6328125 1 0.556640625 0.720703125 0.576171875 0.72265625 0.599609375
0 0.759765625 0.435546875 0.80078125 0.435546875 0.798828125 0.306640625 0.7578125 0.306640625
0 0.681640625 0.900390625 0.68359375 0.982421875 0.884765625 0.9765625 0.884765625 0.990234375 1 0.986328125 1 0.888671875
0 0.7734375 0.896484375 0.771484375 0.82421875 0.689453125 0.826171875 0.69140625 0.8984375
0 0.6484375 0.806640625 0.80859375 0.798828125 0.802734375 0.6640625 0.642578125 0.671875
0 0.466796875 0.869140625 0.33984375 0.873046875 0.34375 0.955078125 0.46875 0.951171875
0 0.44140625 0.5 0.3515625 0.50390625 0.369140625 0.873046875 0.45703125 0.87109375
0 0.59375 0.947265625 0.421875 0.951171875 0.421875 1 0.59375 1
0 0.73046875 0.5234375 0.720703125 0.37109375 0.62109375 0.376953125 0.630859375 0.529296875 0.716796875 0.5234375
0 0.59765625 0.31640625 0.7265625 0.314453125 0.7265625 0.234375 0.595703125 0.236328125
0 0.716796875 0.5234375 0.630859375 0.529296875 0.63671875 0.60546875 0.72265625 0.599609375 0.720703125 0.576171875
0 0.470703125 0.359375 0.54296875 0.359375 0.54296875 0.314453125 0.470703125 0.31640625 0.470703125 0.33203125 0.388671875 0.333984375 0.388671875 0.375 0.470703125 0.375
0 0.537109375 0.7890625 0.59765625 0.7890625 0.59375 0.564453125 0.53125 0.56640625
0 1 0.0703125 1 0 0.953125 0 0.955078125 0.072265625 1 0.0703125
0 0.091796875 0.07421875 0.08984375 0 0 0 0 0.076171875 0.091796875 0.07421875
0 0.021484375 0.94140625 0.021484375 0.81640625 0 0.81640625 0 0.94140625 0.021484375 0.94140625
0 0.1015625 0.234375 0.1015625 0.169921875 0 0.171875 0 0.234375 0.1015625 0.234375
0 0.375 0.478515625 0.373046875 0.40234375 0.314453125 0.404296875 0.318359375 0.48046875 0.375 0.478515625
0 1 0.83203125 1 0.740234375 0.896484375 0.740234375 0.896484375 0.833984375 1 0.83203125
0 0.6015625 0.92578125 0.59765625 0.814453125 0.548828125 0.81640625 0.5546875 0.927734375 0.6015625 0.92578125