0 0.34765625 0.1015625 0.388671875 0.103515625 0.390625 0.015625 0.3515625 0.015625
0 0.44140625 0.083984375 0.7109375 0.095703125 0.71484375 0.013671875 0.443359375 0.00390625
0 0.5546875 0.875 0.546875 1 0.751953125 1 0.759765625 0.888671875
0 0.310546875 0.982421875 0.19140625 1 0.3125 1
0 0.892578125 0.861328125 0.76171875 0.853515625 0.751953125 1 0.8828125 1
0 0.16015625 0.265625 0.162109375 0.2421875 0.134765625 0.240234375 0.134765625 0.2890625 0.125 0.2890625 0.125 0.3125 0.1953125 0.314453125 0.1953125 0.265625 0.181640625 0.265625
0 0.126953125 0.2265625 0.0859375 0.2265625 0.083984375 0.28125 0 0.27734375 0 0.32421875 0.125 0.328125 0.125 0.267578125
0 0.400390625 0.2421875 0.322265625 0.240234375 0.3203125 0.310546875 0.3984375 0.3125 0.400390625 0.265625
0 0.1953125 0.265625 0.1953125 0.306640625 0.251953125 0.30859375 0.251953125 0.3203125 0.3203125 0.322265625 0.322265625 0.26953125
0 0.181640625 0.24609375 0.181640625 0.265625 0.322265625 0.26953125 0.322265625 0.25
0 0.798828125 0.556640625 0.9375 0.326171875 0.908203125 0.302734375 0.61328125 0.666015625 0.607421875 0.796875 0.791015625 0.802734375 0.794921875 0.681640625
0 0.93359375 0.38671875 0.830078125 0.578125 0.81640625 0.806640625 0.98828125 0.81640625 1 0.62109375 1 0.390625
0 0.912109375 0.04296875 0.912109375 0 0.859375 0 0.859375 0.041015625 0.912109375 0.04296875
0 0.978515625 0.9375 0.982421875 0.900390625 0.94921875 0.8984375 0.947265625 0.935546875 0.978515625 0.9375