0 0.072265625 0.02734375 0.08984375 0.005859375 0.08203125 0 0.037109375 0
0 0.037109375 0 0.033203125 0 0.009765625 0.03125 0.05078125 0.064453125 0.078125 0.03125
0 0.033203125 0.05078125 0 0.04296875 0 0.126953125 0.02734375 0.13671875 0.05078125 0.064453125
0 0.134765625 0 0.130859375 0 0.115234375 0.02734375 0.140625 0.04296875 0.16015625 0.015625
0 0.0546875 0.0859375 0.03515625 0.138671875 0.0859375 0.154296875 0.107421875 0.119140625 0.09765625 0.115234375
0 0.16015625 0.015625 0.16796875 0 0.134765625 0
0 0.115234375 0.02734375 0.091796875 0.064453125 0.134765625 0.091796875 0.158203125 0.0546875 0.140625 0.04296875
0 0.107421875 0.119140625 0.0859375 0.154296875 0.1171875 0.173828125 0.138671875 0.140625
0 0.119140625 0.08203125 0.09765625 0.115234375 0.138671875 0.140625 0.16015625 0.107421875
0 0.0703125 0.05078125 0.048828125 0.083984375 0.09765625 0.115234375 0.119140625 0.08203125
0 0.03515625 0.22265625 0.060546875 0.173828125 0.001953125 0.14453125 0 0.1484375 0 0.203125
0 0 0.203125 0 0.244140625 0.033203125 0.26171875 0.048828125 0.23046875
0 0.0625 0.171875 0.03515625 0.22265625 0.064453125 0.23828125 0.091796875 0.1875