0 0.04296875 0.015625 0.046875 0.02734375 0.08203125 0.017578125 0.080078125 0.00390625 0.09375 0 0 0 0 0.02734375 0.025390625 0.01953125
0 0.22265625 0.015625 0.216796875 0 0.140625 0 0.158203125 0.052734375 0.333984375 0 0.271484375 0
0 0 0.02734375 0 0.095703125 0.044921875 0.083984375 0.025390625 0.01953125
0 0.169921875 0.396484375 0.14453125 0.40234375 0.138671875 0.380859375 0.046875 0.408203125 0.052734375 0.431640625 0.025390625 0.439453125 0.041015625 0.494140625 0.080078125 0.482421875 0.083984375 0.5 0.15625 0.478515625 0.15234375 0.4609375 0.1875 0.451171875 0.171875 0.40234375
0 0.1328125 0.7109375 0.13671875 0.72265625 0.09375 0.736328125 0.115234375 0.80859375 0.2734375 0.759765625 0.251953125 0.6875 0.232421875 0.693359375 0.228515625 0.681640625
0 0.40234375 0.306640625 0.25 0.353515625 0.265625 0.40625 0.419921875 0.359375
0 0.419921875 0.359375 0.265625 0.40625 0.255859375 0.376953125 0.171875 0.40234375 0.1875 0.451171875 0.15234375 0.4609375 0.15625 0.478515625 0.4296875 0.396484375
0 0.20703125 0.599609375 0.306640625 0.568359375 0.2890625 0.513671875 0.189453125 0.54296875
0 0.361328125 0.544921875 0.458984375 0.513671875 0.4453125 0.46875 0.34765625 0.498046875
0 0.31640625 0.759765625 0.494140625 0.705078125 0.478515625 0.65234375 0.30078125 0.70703125
0 0.55078125 0.69140625 0.720703125 0.638671875 0.705078125 0.583984375 0.533203125 0.63671875
0 0.14453125 0.5703125 0.169921875 0.65234375 0.197265625 0.64453125 0.173828125 0.560546875
0 0.03515625 0.609375 0.052734375 0.66796875 0.142578125 0.640625 0.125 0.58203125
0 0.119140625 0.94921875 0.306640625 0.892578125 0.291015625 0.84375 0.103515625 0.900390625
0 0.58203125 0.8359375 0.767578125 0.779296875 0.751953125 0.7265625 0.564453125 0.783203125
0 0.3828125 1 0.54296875 1 0.576171875 0.990234375 0.55859375 0.935546875 0.380859375 0.990234375
0 0.34765625 0.912109375 0.544921875 0.8515625 0.525390625 0.791015625 0.330078125 0.8515625
0 0.615234375 0.97265625 0.8046875 0.9140625 0.7890625 0.861328125 0.599609375 0.91796875
0 0.966796875 0.869140625 0.970703125 0.87890625 0.9453125 0.888671875 0.94140625 0.876953125 0.90625 0.88671875 0.912109375 0.90625 0.87890625 0.916015625 0.900390625 0.986328125 1 0.955078125 1 0.857421875
0 0.966796875 0.685546875 0.947265625 0.623046875 0.9296875 0.62890625 0.923828125 0.611328125 0.904296875 0.6171875 0.908203125 0.626953125 0.869140625 0.638671875 0.8671875 0.62890625 0.8359375 0.638671875 0.83984375 0.65625 0.8046875 0.666015625 0.82421875 0.728515625 0.8828125 0.7109375
0 0.818359375 0.51953125 0.85546875 0.6328125 0.8671875 0.62890625 0.869140625 0.638671875 0.908203125 0.626953125 0.904296875 0.6171875 0.923828125 0.611328125 0.9296875 0.62890625 0.947265625 0.623046875 0.966796875 0.685546875 0.8828125 0.7109375 0.9375 0.876953125 0.94140625 0.876953125 0.9453125 0.888671875 0.970703125 0.87890625 0.966796875 0.869140625 1 0.857421875 1 0.77734375 0.904296875 0.490234375
0 0.59765625 0.28125 0.470703125 0.318359375 0.501953125 0.423828125 0.62890625 0.38671875
0 0.59765625 0.28125 0.626953125 0.3828125 0.7578125 0.345703125 0.771484375 0.390625 0.837890625 0.369140625 0.841796875 0.384765625 0.86328125 0.376953125 0.830078125 0.2734375 0.759765625 0.29296875 0.744140625 0.23828125
0 0.748046875 0.396484375 0.751953125 0.412109375 0.720703125 0.421875 0.73828125 0.482421875 0.880859375 0.439453125 0.86328125 0.376953125 0.841796875 0.384765625 0.837890625 0.369140625
0 0.04296875 0.998046875 0.04296875 0.923828125 0 0.923828125 0 0.998046875 0.04296875 0.998046875