0 0.876953125 0.099609375 1 0.11328125 1 0 0.88671875 0
0 0.43359375 0.142578125 0.779296875 0.185546875 0.794921875 0.052734375 0.44921875 0.009765625
0 0.87890625 0.23828125 1 0.25390625 1 0.1796875 0.890625 0.1640625
0 0.798828125 0.638671875 0.787109375 0.724609375 1 0.75390625 1 0.666015625
0 0.80078125 0.732421875 0.77734375 0.90625 1 0.9375 1 0.76171875
0 0.3671875 0.78515625 0.384765625 0.66015625 0.349609375 0.65625 0.33203125 0.779296875
0 0.33203125 0.779296875 0.328125 0.814453125 0.46875 0.8359375 0.474609375 0.80078125 0.3671875 0.78515625
0 0.5703125 0.85546875 0.740234375 0.87890625 0.765625 0.703125 0.595703125 0.6796875
0 0.8125 0.541015625 0.798828125 0.638671875 1 0.666015625 1 0.56640625
0 0.841796875 0.337890625 0.826171875 0.439453125 1 0.462890625 1 0.359375
0 0.853515625 0.24609375 0.841796875 0.337890625 1 0.359375 1 0.265625
0 0.826171875 0.439453125 0.8125 0.541015625 1 0.56640625 1 0.462890625
0 0.361328125 0.572265625 0.349609375 0.65625 0.384765625 0.66015625 0.3671875 0.78515625 0.41015625 0.791015625 0.4296875 0.65625 0.767578125 0.705078125 0.779296875 0.630859375 0.583984375 0.603515625
0 0.693359375 0.55859375 0.73046875 0.30078125 0.62890625 0.28515625 0.591796875 0.54296875
0 0.63671875 0.2265625 0.62890625 0.28515625 0.73046875 0.30078125 0.693359375 0.55859375 0.591796875 0.54296875 0.583984375 0.603515625 0.798828125 0.634765625 0.853515625 0.2578125
0 0.447265625 0.212890625 0.44140625 0.259765625 0.48828125 0.265625 0.48046875 0.314453125 0.5234375 0.3203125 0.53125 0.2734375 0.56640625 0.27734375 0.572265625 0.23046875 0.529296875 0.224609375
0 0.53125 0.2109375 0.529296875 0.224609375 0.572265625 0.23046875 0.5703125 0.251953125 0.6328125 0.26171875 0.63671875 0.2265625
0 0.39453125 0.41015625 0.404296875 0.35546875 0.37109375 0.349609375 0.36328125 0.404296875 0.39453125 0.41015625
0 0.560546875 0.861328125 0.564453125 0.83203125 0.521484375 0.826171875 0.517578125 0.85546875 0.560546875 0.861328125
0 0.4140625 0.03515625 0.416015625 0.001953125 0.37890625 0 0.376953125 0.033203125 0.4140625 0.03515625