0 0.86328125 0 0.62890625 0 0.63671875 0.0078125 0.541015625 0.09765625 0.595703125 0.154296875 0.62109375 0.130859375 0.7109375 0.146484375 0.740234375 0.1171875
0 0.501953125 0.072265625 0.560546875 0.017578125 0.54296875 0 0.43359375 0
0 0.89453125 0.43359375 0.9296875 0.470703125 1 0.40234375 1 0.33203125
0 0.9296875 0.470703125 0.89453125 0.43359375 0.884765625 0.501953125 1 0.619140625 1 0.615234375 0.962890625 0.578125 0.984375 0.556640625 0.9921875 0.564453125 1 0.5546875 1 0.533203125 0.953125 0.484375 1 0.4375 1 0.40234375
0 0.07421875 0.06640625 0 0.130859375 0 0.287109375 0.3359375 0.662109375 0.47265625 0.5390625 0.32421875 0.375 0.359375 0.345703125 0.107421875 0.083984375 0.09765625 0.091796875
0 0.95703125 0.94921875 1 0.99609375 1 0.908203125
0 0.64453125 0.728515625 0.693359375 0.77734375 0.779296875 0.69140625 0.732421875 0.642578125
0 0.455078125 0.794921875 0.48828125 0.828125 0.546875 0.76953125 0.513671875 0.736328125
0 0.568359375 0.87890625 0.6171875 0.830078125 0.5859375 0.798828125 0.5390625 0.84765625
0 0.462890625 0.923828125 0.416015625 0.970703125 0.4453125 1 0.44921875 1 0.494140625 0.955078125
0 0.650390625 0.595703125 0.68359375 0.630859375 0.708984375 0.60546875 0.67578125 0.5703125
0 0.580078125 0.6640625 0.615234375 0.6953125 0.654296875 0.65234375 0.619140625 0.619140625
0 0.3671875 0.861328125 0.404296875 0.8984375 0.4765625 0.828125 0.439453125 0.791015625
0 0.5390625 0.84765625 0.525390625 0.859375 0.556640625 0.890625 0.568359375 0.87890625
0 0.525390625 0.859375 0.47265625 0.9140625 0.50390625 0.943359375 0.556640625 0.890625
0 0.52734375 0.431640625 0.48828125 0.388671875 0.43359375 0.439453125 0.47265625 0.482421875 0.52734375 0.431640625
0 0.044921875 0.044921875 0.044921875 0 0 0 0 0.044921875 0.044921875 0.044921875
0 0.0546875 0.640625 0.05078125 0.52734375 0 0.529296875 0.001953125 0.642578125 0.0546875 0.640625
0 0.251953125 0.7421875 0.2890625 0.69921875 0.24609375 0.662109375 0.208984375 0.705078125 0.251953125 0.7421875
0 0.365234375 0.953125 0.337890625 0.921875 0.2890625 0.9609375 0.31640625 0.994140625 0.365234375 0.953125
0 0.2890625 1 0.2890625 0.96875 0.232421875 0.96875 0.232421875 0.998046875 0.2890625 1
0 0.59375 0.720703125 0.5546875 0.68359375 0.51953125 0.720703125 0.55859375 0.7578125 0.59375 0.720703125
0 0.55078125 0.388671875 0.490234375 0.322265625 0.462890625 0.345703125 0.525390625 0.4140625 0.55078125 0.388671875