0 0.455078125 0.28515625 0.4296875 0.337890625 0.642578125 0.43359375 0.666015625 0.3828125
0 0.359375 0.2421875 0.3046875 0.21484375 0.27734375 0.26953125 0.408203125 0.333984375 0.435546875 0.279296875 0.39453125 0.259765625 0.384765625 0.279296875 0.349609375 0.26171875
0 0.3203125 0.0078125 0.4375 0.05078125 0.455078125 0 0.322265625 0
0 0 0.943359375 0 1 0.037109375 1 0.052734375 0.9765625
0 0 0.76953125 0 0.826171875 0.111328125 0.892578125 0.134765625 0.849609375
0 0.107421875 0.8984375 0.275390625 1 0.33203125 1 0.375 0.931640625 0.33203125 0.90625 0.306640625 0.951171875 0.134765625 0.849609375
0 0.232421875 0.7890625 0.396484375 0.892578125 0.451171875 0.8046875 0.412109375 0.779296875 0.380859375 0.828125 0.255859375 0.75
0 0.314453125 0.6640625 0.48046875 0.767578125 0.537109375 0.67578125 0.4921875 0.6484375 0.4609375 0.701171875 0.337890625 0.625
0 0.1796875 0.525390625 0.2109375 0.4765625 0.169921875 0.451171875 0.115234375 0.537109375 0.314453125 0.662109375 0.337890625 0.625
0 0.10546875 0.65625 0.134765625 0.607421875 0.09375 0.58203125 0.064453125 0.630859375 0.041015625 0.666015625 0.234375 0.78515625 0.255859375 0.75
0 0.193359375 0.4140625 0.552734375 0.638671875 0.580078125 0.595703125 0.220703125 0.37109375
0 0.908203125 0 0.86328125 0 0.84765625 0.03125 0.994140625 0.111328125 1 0.099609375 1 0.048828125
0 0.85546875 0.17578125 0.884765625 0.123046875 0.8359375 0.09765625 0.80859375 0.150390625
0 0.80859375 0.150390625 0.779296875 0.203125 0.93359375 0.28515625 0.9609375 0.234375 0.85546875 0.17578125
0 1 0.318359375 1 0.25390625 0.962890625 0.232421875 0.93359375 0.28515625
0 0.716796875 0 0.6796875 0 0.59375 0.046875 0.642578125 0.119140625 0.703125 0.169921875 0.76953125 0.056640625
0 0.75 0.451171875 0.966796875 0.576171875 0.990234375 0.533203125 0.775390625 0.408203125
0 0.912109375 0.70703125 0.8828125 0.75390625 1 0.8203125 1 0.759765625
0 0.673828125 0.53125 0.908203125 0.67578125 0.9375 0.62890625 0.701171875 0.486328125
0 0.59375 0.671875 0.80859375 0.8046875 0.873046875 0.69921875 0.830078125 0.673828125 0.796875 0.728515625 0.625 0.623046875
0 0.51171875 0.82421875 0.724609375 0.953125 0.75390625 0.90625 0.541015625 0.77734375
0 0.83203125 0.83984375 0.80078125 0.892578125 0.970703125 0.99609375 1 0.94921875 1 0.943359375
0 0.970703125 0.99609375 0.9765625 1 1 1 1 0.94921875
0 0.80078125 0.025390625 0.775390625 0 0.716796875 0 0.76953125 0.056640625
0 0.419921875 0.966796875 0.47265625 1 0.580078125 1 0.44921875 0.919921875
0 0.615234375 0.982421875 0.634765625 0.947265625 0.55078125 0.896484375 0.529296875 0.93359375 0.615234375 0.982421875
0 0.037109375 0.65625 0.037109375 0.5703125 0 0.572265625 0 0.65625 0.037109375 0.65625
0 0.703125 0.640625 0.73046875 0.58203125 0.671875 0.5546875 0.64453125 0.615234375 0.703125 0.640625
0 0.505859375 0.935546875 0.525390625 0.90234375 0.48046875 0.873046875 0.4609375 0.904296875 0.505859375 0.935546875