0 0.298828125 0.86328125 0.302734375 0.916015625 0.61328125 0.892578125 0.609375 0.841796875
0 0.650390625 0.890625 0.966796875 0.8671875 0.962890625 0.814453125 0.646484375 0.837890625
0 0.87890625 0.25 0.603515625 0.26171875 0.60546875 0.32421875 0.80859375 0.31640625 0.8125 0.41796875 0.962890625 0.412109375 0.9609375 0.345703125 0.8828125 0.349609375 0.880859375 0.314453125
0 0.59375 0.560546875 0.376953125 0.57421875 0.380859375 0.640625 0.59765625 0.626953125 0.59765625 0.619140625
0 0.865234375 0.5390625 0.947265625 0.53515625 0.943359375 0.46875 0.794921875 0.474609375 0.798828125 0.54296875 0.654296875 0.55078125 0.65625 0.6171875 0.869140625 0.607421875
0 0.5234375 0.21484375 0.412109375 0.21875 0.4140625 0.25390625 0.525390625 0.25
0 0.388671875 0.21875 0.27734375 0.22265625 0.279296875 0.259765625 0.390625 0.255859375
0 0.611328125 0.48828125 0.595703125 0.48828125 0.578125 0.484375 0.564453125 0.48046875 0.548828125 0.47265625 0.53515625 0.4609375 0.5234375 0.44921875 0.515625 0.4375 0.5078125 0.421875 0.501953125 0.40625 0.5 0.390625 0.4765625 0.36328125 0.474609375 0.35546875 0.470703125 0.34765625 0.466796875 0.33984375 0.4609375 0.333984375 0.45703125 0.328125 0.451171875 0.322265625 0.4453125 0.31640625 0.4375 0.3125 0.431640625 0.30859375 0.423828125 0.3046875 0.41796875 0.302734375 0.41015625 0.30078125 0.40234375 0.298828125 0.396484375 0.298828125 0.388671875 0.30078125 0.380859375 0.302734375 0.375 0.3046875 0.3671875 0.306640625 0.361328125 0.310546875 0.35546875 0.314453125 0.349609375 0.3203125 0.34375 0.326171875 0.337890625 0.33203125 0.333984375 0.33984375 0.330078125 0.345703125 0.326171875 0.353515625 0.322265625 0.36328125 0.3203125 0.37109375 0.318359375 0.388671875 0.318359375 0.40625 0.3203125 0.421875 0.32421875 0.4375 0.330078125 0.453125 0.337890625 0.466796875 0.345703125 0.630859375 0.380859375 0.630859375 0.376953125 0.57421875 0.59375 0.560546875 0.59765625 0.619140625 0.65625 0.6171875 0.654296875 0.55078125 0.7109375 0.546875 0.708984375 0.515625 0.6875 0.517578125 0.685546875 0.494140625 0.677734375 0.48828125 0.66796875 0.484375 0.658203125 0.482421875 0.6484375 0.482421875 0.638671875 0.482421875 0.62890625 0.486328125
0 1 0.7578125 1 0.71484375 0.970703125 0.720703125 0.978515625 0.76171875
0 1 0.919921875 1 0.8671875 0.970703125 0.875 0.982421875 0.923828125
0 0.123046875 0.984375 0.11328125 0.837890625 0 0.84375 0 0.990234375 0.072265625 0.986328125
0 0.16796875 0.98046875 0.1328125 0.982421875 0.1328125 1 0.16796875 1
0 0.1328125 0.982421875 0.072265625 0.986328125 0.072265625 1 0.1328125 1
0 0.072265625 0.529296875 0.078125 0.4921875 0 0.478515625 0 0.51953125
0 0.0546875 0.453125 0.064453125 0.412109375 0 0.39453125 0 0.439453125
0 0.052734375 0.0703125 0.052734375 0 0 0 0 0.0703125 0.052734375 0.0703125
0 0.994140625 0.998046875 0.994140625 0.970703125 0.73046875 0.970703125 0.73046875 1 0.994140625 0.998046875
0 0.8671875 0.0546875 0.865234375 0.005859375 0.7890625 0.0078125 0.791015625 0.05859375 0.8671875 0.0546875