0 0.447265625 0.0234375 0.568359375 0.0625 0.576171875 0 0.44921875 0
0 0.05078125 0.046875 0.447265625 0.1953125 0.48046875 0.10546875 0.19921875 0 0.068359375 0
0 0.53125 0.13671875 0.548828125 0.078125 0.513671875 0.068359375 0.47265625 0.208984375 0.5390625 0.228515625 0.5625 0.14453125
0 0.0390625 0.076171875 0 0.181640625 0 0.193359375 0.35546875 0.326171875 0.3984375 0.2109375
0 0.439453125 0.212890625 0.3359375 0.904296875 0.458984375 0.923828125 0.5625 0.232421875
0 0.333984375 0.9140625 0.30078125 0.91015625 0.28125 1 0.4453125 1 0.458984375 0.923828125 0.3359375 0.904296875
0 0 0.736328125 0 0.837890625 0.240234375 0.9296875 0.2734375 0.841796875
0 0.267578125 0.796875 0.310546875 0.6796875 0 0.5625 0 0.6953125
0 0.314453125 0.638671875 0.357421875 0.521484375 0 0.390625 0 0.525390625
0 0.37890625 0.373046875 0 0.228515625 0 0.35546875 0.337890625 0.482421875
0 0.92578125 0.869140625 0.65234375 0.830078125 0.626953125 1 0.90625 1
0 0.841796875 0.431640625 0.814453125 0.380859375 0.70703125 0.4375 0.734375 0.48828125 0.841796875 0.431640625
0 0.998046875 0.9921875 1 0.8203125 0.94921875 0.8203125 0.94921875 0.9921875 0.998046875 0.9921875