0 0.189453125 0.37890625 0.302734375 0.333984375 0.341796875 0.37890625 0.23046875 0.421875
0 0.240234375 0.255859375 0.349609375 0.205078125 0.390625 0.240234375 0.283203125 0.291015625
0 0.5043174342105263 0.23016036184210525 0.5472861842105263 0.20086348684210525 0.5902549342105263 0.23016036184210525 0.5472861842105263 0.2575041118421054
0 0.543482730263158 0.24568256578947373 0.641138980263158 0.22224506578947373 0.697779605263158 0.30427631578947373 0.598170230263158 0.32576069078947373
0 0.783203125 0.427734375 0.916015625 0.34375 0.9453125 0.384765625 0.8125 0.470703125
0 0.744140625 0.3046875 0.87890625 0.236328125 0.90625 0.28125 0.771484375 0.34765625
0 0.939453125 0.2890625 0.974609375 0.23046875 1 0.26953125 0.962890625 0.330078125
0 0.4296875 0.427734375 0.552734375 0.37109375 0.58203125 0.408203125 0.45703125 0.46484375
0 0.603515625 0.44921875 0.712890625 0.39453125 0.7421875 0.435546875 0.6328125 0.4921875
0 0.71484375 0.19921875 0.84765625 0.130859375 0.876953125 0.173828125 0.7421875 0.2421875
0 0.64453125 0.111328125 0.787109375 0.03515625 0.8125 0.076171875 0.669921875 0.154296875
0 0.2890625 0.5 0.37890625 0.4453125 0.416015625 0.482421875 0.32421875 0.537109375
0 0.62109375 0.57421875 0.7734375 0.501953125 0.796875 0.548828125 0.646484375 0.62109375
0 0.505859375 0.689453125 0.626953125 0.63671875 0.654296875 0.685546875 0.53125 0.73828125
0 0.6875 0.8613281249999999 0.7265625 0.8105468749999999 0.900390625 0.9492187499999999 0.861328125 0.9999999999999998
0 0.390625 0.591796875 0.578125 0.501953125 0.611328125 0.548828125 0.419921875 0.638671875
0 0.716796875 0.787109375 0.75390625 0.734375 0.94140625 0.89453125 0.908203125 0.947265625
0 0.77734375 0.71484375 0.93359375 0.541015625 0.98828125 0.59375 0.83203125 0.767578125
0 0 0.7138157894736842 0.01171875 0.6124588815789473 0.07905016447368425 0.5966282894736842 0.17465049342105265 0.606907894736842 0.18287417763157898 0.6552220394736842 0.11708470394736846 0.7086759868421052
0 0.13969983552631582 0.9132401315789472 0.1417557565789474 0.8690378289473684 0.319592927631579 0.8320312499999999 0.4480879934210526 0.8587582236842104 0.4347245065789474 0.8967927631578947 0.26716694078947373 0.9399671052631579
0 0.380859375 0.348889802631579 0.412109375 0.333264802631579 0.43359375 0.376233552631579 0.40234375 0.389905427631579
0 0.400390625 0.271484375 0.447265625 0.244140625 0.458984375 0.2734375 0.412109375 0.298828125
0 0.8311060855263158 0.7677837171052632 0.9959909539473684 0.5945723684210525 0.998046875 0.7220394736842105 0.8994654605263158 0.8517680921052632
0 0 0.1607730263157895 0.03793174342105267 0.10526315789473688 0.08203125 0.14535361842105265 0 0.2584292763157895
0 0.083984375 0.046875 0.142578125 0 0.2003495065789474 0 0.130859375 0.083984375
0 0.0019531250000000416 0.836143092105263 0.0029810855263158187 0.9081003289473684 0.03793174342105267 0.9163240131578947 0.07596628289473688 0.8772615131578947 0.05643503289473688 0.836143092105263
0 0.8685238486842105 0.03536184210526319 0.8746916118421052 0.11451480263157898 0.9456208881578947 0.12685032894736845 0.9959909539473684 0.12068256578947371 0.998046875 0.09361293859649028 0.9949629934210527 0.03947368421052635