0 0.89453125 0.357421875 0.82421875 0.388671875 0.859375 0.46875 0.9296875 0.439453125
0 1 0.33203125 1 0.3125 0.94140625 0.337890625 0.947265625 0.35546875 0.994140625 0.3359375
0 0.947265625 0.35546875 0.94140625 0.337890625 0.89453125 0.357421875 0.9296875 0.4375 1 0.40625 1 0.349609375 0.994140625 0.3359375
0 0.951171875 0.427734375 0.9296875 0.439453125 0.953125 0.490234375 1 0.466796875 1 0.40625
0 0.359375 0.845703125 0.318359375 0.865234375 0.3828125 1 0.43359375 1
0 0.2578125 0.9453125 0.1953125 0.974609375 0.20703125 1 0.283203125 1
0 0.0234375 1 0.068359375 1 0.091796875 0.98828125 0.0703125 0.943359375 0.009765625 0.97265625
0 0.095703125 0.86328125 0.033203125 0.896484375 0.0546875 0.939453125 0.1171875 0.90625 0.11328125 0.896484375
0 0.11328125 0.896484375 0.13671875 0.943359375 0.30078125 0.857421875 0.27734375 0.810546875
0 0.11328125 0.896484375 0.27734375 0.810546875 0.259765625 0.77734375 0.095703125 0.86328125
0 0.345703125 0.775390625 0.328125 0.7421875 0.259765625 0.77734375 0.27734375 0.810546875
0 0.337890625 0.998046875 0.3359375 0.96875 0.283203125 0.970703125 0.28515625 1 0.337890625 0.998046875