0 0.72265625 0.203125 0.83984375 0.205078125 0.83984375 0 0.72265625 0
0 0.74609375 0.205078125 0.744140625 0.234375 0.83984375 0.234375 0.83984375 0.205078125
0 0.83984375 0.234375 0.71875 0.234375 0.712890625 1 0.83203125 1 0.833984375 0.826171875
0 0.126953125 0.421875 0.076171875 0.421875 0.076171875 0.52734375 0.216796875 0.529296875 0.216796875 0.521484375 0.291015625 0.521484375 0.291015625 0.529296875 0.3203125 0.529296875 0.3203125 0.5234375 0.34765625 0.5234375 0.34765625 0.47265625 0.21484375 0.47265625 0.21484375 0.48046875 0.126953125 0.48046875
0 0.123046875 0.25390625 0.072265625 0.251953125 0.0703125 0.373046875 0.2109375 0.375 0.2109375 0.361328125 0.349609375 0.36328125 0.3515625 0.314453125 0.2109375 0.3125 0.2109375 0.322265625 0.12109375 0.3203125
0 0.578125 0.34765625 0.62890625 0.34765625 0.62890625 0.271484375 0.578125 0.271484375 0.578125 0.3203125 0.3828125 0.322265625 0.3828125 0.3671875 0.578125 0.3671875
0 0.578125 0.423828125 0.578125 0.474609375 0.38671875 0.47265625 0.38671875 0.5234375 0.578125 0.5234375 0.578125 0.50390625 0.625 0.50390625 0.625 0.423828125
0 0.576171875 0.580078125 0.57421875 0.63671875 0.3828125 0.6328125 0.380859375 0.6875 0.57421875 0.69140625 0.57421875 0.654296875 0.62890625 0.654296875 0.630859375 0.580078125
0 0.076171875 0.6875 0.345703125 0.69140625 0.345703125 0.63671875 0.076171875 0.634765625
0 0.572265625 0.73828125 0.572265625 0.791015625 0.12890625 0.787109375 0.12890625 0.740234375 0.068359375 0.740234375 0.06640625 0.845703125 0.572265625 0.849609375 0.572265625 0.814453125 0.6328125 0.81640625 0.6328125 0.73828125
0 0.525390625 0.126953125 0.525390625 0.162109375 0.544921875 0.162109375 0.544921875 0.197265625 0.609375 0.197265625 0.611328125 0.162109375 0.626953125 0.162109375 0.626953125 0.126953125
0 0.2109375 0.142578125 0.2109375 0.158203125 0.072265625 0.15625 0.072265625 0.208984375 0.2109375 0.208984375 0.2109375 0.1953125 0.486328125 0.1953125 0.486328125 0.14453125
0 0.2265625 0.009765625 0.087890625 0.009765625 0.087890625 0.060546875 0.2265625 0.0625 0.2265625 0.046875 0.5 0.048828125 0.5 0 0.2265625 0
0 0.541015625 0.01953125 0.5625 0.01953125 0.5625 0.0546875 0.626953125 0.0546875 0.626953125 0.01953125 0.64453125 0.01953125 0.64453125 0 0.541015625 0
0 0.009765625 0.259765625 0.009765625 0.21875 0 0.21875 0 0.259765625
0 0 0.962890625 0 1 0.052734375 1 0.052734375 0.96484375
0 0.388671875 0.966796875 0.099609375 0.966796875 0.09765625 1 0.388671875 1
0 0.625 0.96875 0.419921875 0.966796875 0.419921875 1 0.625 1
0 0.056640625 0.88671875 0.056640625 0.81640625 0 0.81640625 0 0.88671875 0.056640625 0.88671875
0 0.0546875 0.701171875 0.0546875 0.634765625 0 0.634765625 0 0.701171875 0.0546875 0.701171875
0 0.046875 0.185546875 0.048828125 0 0 0 0 0.18359375 0.046875 0.185546875
0 0.0546875 0.3671875 0.0546875 0.28515625 0 0.28515625 0 0.3671875 0.0546875 0.3671875
0 0.025390625 0.458984375 0.025390625 0.400390625 0 0.400390625 0 0.458984375 0.025390625 0.458984375
0 0.029296875 0.5078125 0.029296875 0.470703125 0 0.470703125 0 0.5078125 0.029296875 0.5078125
0 0.046875 0.578125 0.046875 0.5390625 0 0.5390625 0 0.578125 0.046875 0.578125