0 0.080078125 0.77734375 0.119140625 0.71484375 0.095703125 0.69921875 0.1015625 0.689453125 0.0390625 0.65234375 0.033203125 0.6640625 0.00390625 0.646484375 0 0.65234375 0 0.728515625
0 0.275390625 0.8515625 0.259765625 0.876953125 0.22265625 0.85546875 0.197265625 0.8984375 0.333984375 0.978515625 0.365234375 0.92578125 0.330078125 0.904296875 0.33984375 0.890625 0.31640625 0.876953125 0.302734375 0.90234375 0.283203125 0.890625 0.296875 0.865234375
0 0.84765625 0.896484375 0.9609375 0.962890625 0.984375 0.923828125 0.96484375 0.9140625 0.97265625 0.90234375 0.95703125 0.892578125 0.9453125 0.912109375 0.90234375 0.888671875 0.9140625 0.8671875 0.8984375 0.857421875 0.890625 0.869140625 0.87109375 0.857421875
0 0.974609375 0.6640625 1 0.677734375 1 0.623046875 0.998046875 0.623046875
0 0.548828125 0.740234375 0.10546875 0.478515625 0.08203125 0.51953125 0.525390625 0.78125 0.53125 0.76953125
0 0.111328125 0.46875 0 0.40234375 0 0.47265625 0.080078125 0.521484375 0.08203125 0.51953125
0 0.5625 0.71875 0.53125 0.76953125 0.72265625 0.8828125 0.75390625 0.830078125
0 0.720703125 0.220703125 0.908203125 0.33203125 1 0.310546875 1 0.25 0.9140625 0.271484375 0.75 0.173828125
0 0.03515625 0.2890625 0.228515625 0.40625 0.404296875 0.37109375 0.390625 0.310546875 0.232421875 0.341796875 0.064453125 0.240234375
0 0.55078125 0.576171875 0.74609375 0.67578125 0.9140625 0.640625 0.90625 0.59765625 0.76171875 0.626953125 0.57421875 0.53125
0 0.626953125 0.072265625 0.62890625 0.080078125 0.6015625 0.087890625 0.6171875 0.134765625 0.8828125 0.052734375 1 0.123046875 1 0.060546875 0.8984375 0 0.861328125 0
0 0.427734375 0.423828125 0.443359375 0.474609375 0.69921875 0.39453125 0.9609375 0.556640625 0.9921875 0.505859375 0.716796875 0.333984375
0 0.521484375 0.134765625 0.54296875 0.09375 0.361328125 0 0.267578125 0
0 0 0.138671875 0 0.193359375 0.216796875 0.130859375 0.49609375 0.28515625 0.521484375 0.23828125 0.22265625 0.07421875
0 0.646484375 0.310546875 0.69140625 0.201171875 0.595703125 0.162109375 0.55078125 0.271484375 0.646484375 0.310546875