0 0.607421875 0.158203125 0.6171875 0 0.5703125 0 0.556640625 0.19921875 0.6796875 0.20703125 0.681640625 0.1640625
0 0.375 0.134765625 0.361328125 0.333984375 0.408203125 0.3359375 0.41796875 0.20703125 0.490234375 0.212890625 0.49609375 0.14453125
0 0.525390625 0.24609375 0.5234375 0.353515625 0.65625 0.353515625 0.658203125 0.310546875 0.548828125 0.30859375 0.548828125 0.291015625 0.58203125 0.291015625 0.58203125 0.24609375
0 0.724609375 0.05078125 0.771484375 0.0546875 0.771484375 0.04296875 0.83203125 0.048828125 0.83203125 0.05859375 0.853515625 0.060546875 0.853515625 0.048828125 0.880859375 0.05078125 0.880859375 0.0625 0.916015625 0.064453125 0.916015625 0.056640625 0.9609375 0.060546875 0.9609375 0.068359375 1 0.0703125 1 0 0.728515625 0
0 0.751953125 0.123046875 0.74609375 0.193359375 0.810546875 0.197265625 0.810546875 0.189453125 0.85546875 0.193359375 0.85546875 0.201171875 1 0.2109375 1 0.138671875
0 0.703125 0.32421875 0.96484375 0.341796875 0.970703125 0.271484375 0.708984375 0.251953125
0 0.732421875 0.392578125 0.724609375 0.470703125 0.50390625 0.453125 0.501953125 0.494140625 0.740234375 0.513671875 0.744140625 0.47265625 0.765625 0.474609375 0.7734375 0.396484375
0 0.419921875 0.373046875 0.390625 0.373046875 0.384765625 0.376953125 0.384765625 0.400390625 0.451171875 0.486328125 0.486328125 0.458984375
0 0.859375 0.458984375 0.80859375 0.4921875 0.80078125 0.48046875 0.77734375 0.498046875 0.80078125 0.53515625 0.779296875 0.548828125 0.82421875 0.6171875 0.921875 0.552734375 0.869140625 0.474609375
0 0.478515625 0.79296875 0.763671875 0.64453125 0.740234375 0.59765625 0.453125 0.744140625
0 0.419921875 0.763671875 0.4375 0.533203125 0.392578125 0.529296875 0.373046875 0.759765625
0 0.8203125 0.830078125 0.8515625 0.80859375 0.8359375 0.783203125 0.720703125 0.85546875 0.759765625 0.919921875 0.84375 0.8671875
0 0.9140625 0.7265625 0.9375 0.763671875 0.955078125 0.751953125 0.966796875 0.76953125 1 0.74609375 1 0.669921875
0 0.955078125 0.751953125 0.9375 0.763671875 0.916015625 0.73046875 0.8359375 0.783203125 0.8515625 0.80859375 0.8203125 0.830078125 0.84375 0.8671875 0.974609375 0.783203125 0.966796875 0.76953125
0 0.5078125 0.955078125 0.451171875 1 0.54296875 1 0.55078125 0.978515625
0 0.943359375 0.904296875 0.9296875 0.95703125 1 0.97265625 1 0.916015625
0 1 0.5 1 0.431640625 0.990234375 0.416015625 0.98046875 0.40234375 0.869140625 0.474609375 0.921875 0.552734375
0 0.486328125 0.0859375 0.490234375 0 0.390625 0 0.384765625 0.080078125
0 0.57421875 0.623046875 0.58984375 0.56640625 0.501953125 0.54296875 0.486328125 0.599609375
0 0.92578125 0.955078125 0.939453125 0.896484375 0.869140625 0.87890625 0.85546875 0.9375