0 0 0.5 0 0.603515625 0.01953125 0.60546875 0.021484375 0.578125 0.115234375 0.583984375 0.109375 0.662109375 0.1796875 0.666015625 0.189453125 0.513671875
0 0.13671875 0.8984375 0.1328125 0.955078125 0.1875 0.958984375 0.19140625 0.90234375
0 0 0.751953125 0 0.8046875 0.12109375 0.814453125 0.115234375 0.896484375 0.19140625 0.90234375 0.201171875 0.765625
0 0.3984375 0.505859375 0.392578125 0.62890625 0.458984375 0.6328125 0.46484375 0.544921875 0.888671875 0.568359375 0.8828125 0.65625 0.931640625 0.658203125 0.9375 0.53515625
0 0.765625 0.8515625 0.76171875 0.94140625 0.931640625 0.951171875 0.935546875 0.861328125 0.87109375 0.859375
0 0.46484375 0.544921875 0.4609375 0.611328125 0.796875 0.630859375 0.7890625 0.763671875 0.771484375 0.763671875 0.765625 0.8515625 0.87109375 0.859375 0.888671875 0.568359375
0 0.376953125 0.666015625 0.373046875 0.76171875 0.43359375 0.765625 0.439453125 0.669921875
0 0.373046875 0.76171875 0.361328125 0.943359375 0.416015625 0.947265625 0.416015625 0.921875 0.6875 0.9375 0.693359375 0.837890625 0.720703125 0.83984375 0.724609375 0.78125 0.43359375 0.765625
0 0.69140625 0.853515625 0.6875 0.9375 0.76171875 0.94140625 0.765625 0.857421875
0 0.078125 0.048828125 0.07421875 0.046875 0.03125 0.033203125 0.0234375 0.03125 0 0.033203125 0 0.142578125 0.00390625 0.134765625 0.009765625 0.125 0.017578125 0.119140625 0.025390625 0.11328125 0.03515625 0.107421875 0.044921875 0.10546875 0.048828125 0.10546875
0 0.080078125 0.876953125 0.083984375 0.83984375 0.046875 0.8359375 0.04296875 0.873046875 0.080078125 0.876953125
0 0.140625 0.740234375 0.14453125 0.701171875 0.06640625 0.6953125 0.0625 0.734375 0.140625 0.740234375
0 0.041015625 0.912109375 0.044921875 0.87109375 0.015625 0.869140625 0.01171875 0.91015625 0.041015625 0.912109375