0 0.748046875 0.8984375 0.689453125 1 0.796875 1 0.830078125 0.94140625
0 0.896484375 0.82421875 0.919921875 0.8359375 0.955078125 0.775390625 0.8984375 0.7421875 0.908203125 0.728515625 0.861328125 0.701171875 0.748046875 0.8984375 0.830078125 0.94140625
0 0.267578125 0.525390625 0.27734375 0.5078125 0.251953125 0.494140625 0.171875 0.6328125 0.19921875 0.6484375 0.2109375 0.625 0.359375 0.708984375 0.416015625 0.611328125
0 0.013671875 0.90625 0 0.9296875 0 0.97265625 0.046875 1 0.173828125 1 0.17578125 0.998046875
0 0.271484375 0.814453125 0.26953125 0.84375 0.279296875 0.84375 0.27734375 0.89453125 0.291015625 0.89453125 0.2890625 0.9296875 0.298828125 0.9296875 0.298828125 0.953125 0.349609375 0.955078125 0.349609375 0.931640625 0.35546875 0.931640625 0.357421875 0.8984375 0.37109375 0.8984375 0.373046875 0.84765625 0.384765625 0.84765625 0.384765625 0.818359375
0 0.583984375 0.73046875 0.583984375 0.740234375 0.51953125 0.7421875 0.51953125 0.73046875 0.478515625 0.732421875 0.48046875 0.7578125 0.49609375 0.7578125 0.49609375 0.8203125 0.515625 0.8203125 0.515625 0.849609375 0.50390625 0.849609375 0.505859375 0.88671875 0.587890625 0.8828125 0.5859375 0.845703125 0.576171875 0.845703125 0.576171875 0.818359375 0.607421875 0.818359375 0.60546875 0.755859375 0.6171875 0.755859375 0.6171875 0.728515625
0 0.49609375 0.58984375 0.625 0.6640625 0.650390625 0.6171875 0.521484375 0.544921875
0 0.36328125 0.48828125 0.330078125 0.548828125 0.376953125 0.57421875 0.38671875 0.5546875 0.40234375 0.564453125 0.400390625 0.568359375 0.451171875 0.59765625 0.482421875 0.54296875 0.462890625 0.53125 0.46875 0.521484375 0.46875 0.517578125 0.466796875 0.51171875 0.46484375 0.5078125 0.4609375 0.501953125 0.45703125 0.5 0.453125 0.49609375 0.447265625 0.494140625 0.443359375 0.4921875 0.4375 0.4921875 0.431640625 0.4921875 0.427734375 0.494140625 0.421875 0.49609375 0.41015625 0.515625
0 0.6953125 0.759765625 0.76953125 0.70703125 0.72265625 0.640625 0.6484375 0.693359375
0 0.78515625 0.013671875 0.755859375 0.064453125 0.92578125 0.162109375 0.955078125 0.111328125
0 0.88671875 0.23046875 0.951171875 0.267578125 1 0.181640625 1 0.033203125 0.92578125 0.162109375
0 0.490234375 0.474609375 0.744140625 0.619140625 0.798828125 0.5234375 0.755859375 0.5 0.732421875 0.5390625 0.521484375 0.41796875
0 0.615234375 0 0.59375 0 0.451171875 0.251953125 0.501953125 0.28125 0.650390625 0.01953125
0 0.578125 0.26953125 0.546875 0.322265625 0.75 0.4375 0.78125 0.384765625
0 0.298828125 0.375 0.462890625 0.46875 0.533203125 0.34375 0.369140625 0.25
0 0.873046875 0.251953125 0.79296875 0.392578125 0.78125 0.384765625 0.75390625 0.43359375 0.783203125 0.451171875 0.755859375 0.5 0.798828125 0.5234375 0.93359375 0.287109375
0 0.646484375 0.138671875 0.623046875 0.1796875 0.65625 0.19921875 0.6484375 0.2109375 0.66796875 0.22265625 0.67578125 0.2109375 0.72265625 0.236328125 0.71484375 0.248046875 0.73828125 0.26171875 0.74609375 0.25 0.7890625 0.275390625 0.78125 0.287109375 0.806640625 0.30078125 0.814453125 0.2890625 0.84375 0.306640625 0.8671875 0.263671875
0 0.94921875 0.67578125 1 0.703125 1 0.6328125 0.978515625 0.62109375
0 0.96875 0.474609375 0.935546875 0.529296875 1 0.564453125 1 0.4921875
0 0.91015625 0.58203125 0.87890625 0.63671875 0.94921875 0.67578125 0.978515625 0.62109375
0 0.8984375 0.984375 0.923828125 1 0.951171875 1 1 0.9140625 1 0.806640625
0 0.880859375 0.21875 0.904296875 0.17578125 0.6875 0.060546875 0.666015625 0.103515625 0.880859375 0.21875