0 0.087890625 0.06640625 0.203125 0.064453125 0.203125 0.0078125 0.0859375 0.009765625 0.0859375 0.0234375 0 0.0234375 0 0.076171875 0.087890625 0.076171875
0 0.140625 0.25 0.138671875 0.1796875 0 0.1796875 0 0.25
0 0.03515625 0.42578125 0.03515625 0.3515625 0 0.3515625 0 0.42578125
0 0.423828125 0.041015625 0.666015625 0.037109375 0.666015625 0 0.294921875 0 0.296875 0.0546875 0.423828125 0.052734375
0 0.359375 0.2578125 0.689453125 0.25390625 0.6875 0.177734375 0.357421875 0.181640625
0 0.185546875 0.357421875 0.296875 0.357421875 0.296875 0.27734375 0.185546875 0.279296875
0 0.0703125 0.48046875 0.400390625 0.4765625 0.3984375 0.4140625 0.068359375 0.41796875
0 0.447265625 0.43359375 0.6875 0.431640625 0.685546875 0.3671875 0.4453125 0.369140625
0 0.7734375 0.830078125 0.76171875 0.775390625 0.728515625 0.783203125 0.740234375 0.837890625 0.7734375 0.830078125
0 0.6953125 0.322265625 0.693359375 0.275390625 0.603515625 0.27734375 0.603515625 0.32421875 0.6953125 0.322265625
0 0.693359375 0.998046875 0.693359375 0.97265625 0.552734375 0.97265625 0.552734375 1 0.693359375 0.998046875