0 0 0.412109375 0 0.6640625 0.017578125 0.67578125 0.296875 0.16796875 0.173828125 0.099609375
0 0.021484375 0.828125 0.056640625 0.7734375 0.037109375 0.763671875 0.025390625 0.783203125 0 0.767578125 0 0.814453125
0 0.0703125 0.005859375 0.158203125 0.0546875 0.1875 0 0.072265625 0
0 0.384765625 0.01953125 0.33203125 0.11328125 0.30078125 0.095703125 0.3125 0.072265625 0.283203125 0.056640625 0.255859375 0.107421875 0.36328125 0.16796875 0.45703125 0.001953125 0.453125 0 0.349609375 0
0 0.701171875 0.177734375 0.68359375 0.2109375 0.859375 0.296875 0.875 0.263671875
0 0.78125 0.380859375 0.595703125 0.287109375 0.5625 0.35546875 0.748046875 0.44921875 0.75390625 0.439453125 0.841796875 0.484375 0.857421875 0.455078125 0.765625 0.408203125
0 0.005859375 0.818359375 0 0.826171875 0 0.904296875 0.0390625 0.83984375 0.021484375 0.828125
0 0.83203125 0.05078125 0.76953125 0.015625 0.716796875 0.109375 0.779296875 0.14453125 0.78125 0.138671875
0 1 0.244140625 1 0.201171875 0.80859375 0.09375 0.78125 0.138671875 0.947265625 0.232421875 0.93359375 0.255859375 0.98046875 0.28125 0.9921875 0.259765625
0 0.32421875 0.95703125 0.302734375 0.994140625 0.3125 1 0.40234375 1
0 0.24609375 0.892578125 0.21875 0.94140625 0.279296875 0.974609375 0.306640625 0.92578125
0 0.236328125 0.951171875 0.208984375 1 0.24609375 1 0.265625 0.966796875
0 0.25 0.80859375 0.2890625 0.830078125 0.31640625 0.783203125 0.27734375 0.759765625
0 0.4609375 0.98828125 0.482421875 1 0.486328125 1 0.517578125 0.943359375 0.4921875 0.9296875
0 0.5703125 0.33203125 0.58984375 0.291015625 0.544921875 0.26953125 0.525390625 0.310546875
0 0.023831153100775188 0.04767744670542637 0.04296875 0 0 0 0 0.068359375
0 0.998046875 0.4526859253875969 1 0.373046875 0.9844961240310078 0.41180656492248063 0.9723837209302325 0.4413305474806202