0 0.068359375 0.482421875 0.025390625 0.4375 0 0.458984375 0 0.544921875
0 0.177734375 0.158203125 0.1796875 0.16796875 0.142578125 0.169921875 0.142578125 0.16015625 0.103515625 0.162109375 0.103515625 0.173828125 0.08203125 0.173828125 0.083984375 0.234375 0.22265625 0.228515625 0.220703125 0.171875 0.208984375 0.171875 0.208984375 0.158203125
0 0.087890625 0.138671875 0.0859375 0.080078125 0 0.080078125 0 0.138671875
0 0.474609375 0.12890625 0.47265625 0.0625 0.291015625 0.064453125 0.291015625 0.130859375
0 0.48046875 0.263671875 0.478515625 0.197265625 0.3828125 0.201171875 0.384765625 0.265625
0 0.376953125 0.384765625 0.375 0.32421875 0.23828125 0.328125 0.23828125 0.38671875
0 0.615234375 0.41796875 0.6171875 0.43359375 0.591796875 0.435546875 0.595703125 0.49609375 0.740234375 0.48828125 0.73828125 0.427734375 0.724609375 0.427734375 0.72265625 0.412109375
0 0.544921875 0.384765625 0.4921875 0.38671875 0.4296875 0.4375 0.431640625 0.533203125 0.443359375 0.53125 0.443359375 0.51953125 0.478515625 0.51953125 0.48046875 0.53125 0.498046875 0.53125 0.498046875 0.51953125 0.537109375 0.517578125 0.537109375 0.529296875 0.55078125 0.529296875 0.546875 0.439453125
0 0.0234375 0.677734375 0 0.69921875 0 0.78515625 0.06640625 0.72265625
0 0 0.92578125 0 1 0.01953125 1 0.1796875 0.84765625 0.134765625 0.798828125
0 0.173828125 1 0.265625 1 0.2890625 0.978515625 0.244140625 0.93359375
0 0.537109375 0.529296875 0.537109375 0.517578125 0.498046875 0.51953125 0.498046875 0.53125 0.48046875 0.53125 0.478515625 0.51953125 0.443359375 0.51953125 0.443359375 0.53125 0.412109375 0.533203125 0.4140625 0.591796875 0.556640625 0.5859375 0.5546875 0.529296875 0.55078125 0.529296875
0 0.236328125 0.796875 0.236328125 0.849609375 0.369140625 0.84765625 0.369140625 0.794921875
0 0.087890625 0.6171875 0.087890625 0.671875 0.22265625 0.671875 0.22265625 0.6171875 0.10546875 0.6171875
0 0.076171875 0.5859375 0.10546875 0.6171875 0.197265625 0.6171875 0.123046875 0.541015625
0 0.22265625 0.671875 0.15625 0.671875 0.26953125 0.796875 0.369140625 0.794921875 0.22265625 0.64453125
0 0.416015625 0.845703125 0.369140625 0.794921875 0.369140625 0.84765625 0.318359375 0.849609375 0.365234375 0.900390625 0.412109375 0.857421875
0 0.732421875 0.71484375 0.703125 0.7421875 0.7109375 0.75 0.666015625 0.79296875 0.658203125 0.78515625 0.625 0.8203125 0.63671875 0.833984375 0.630859375 0.83984375 0.66796875 0.876953125 0.697265625 0.849609375 0.689453125 0.84375 0.75 0.78515625 0.755859375 0.79296875 0.783203125 0.765625
0 0.92578125 0.923828125 0.896484375 0.951171875 0.904296875 0.95703125 0.861328125 1 0.935546875 1 0.943359375 0.994140625 0.94921875 1 0.9765625 0.974609375
0 0.95703125 0.802734375 0.962890625 0.86328125 1 0.857421875 1 0.796875
0 0.80859375 0.70703125 1 0.685546875 1 0.625 0.802734375 0.646484375
0 0.646484375 0.068359375 0.931640625 0.03515625 0.92578125 0 0.841796875 0 0.642578125 0.0234375
0 0.611328125 0.193359375 0.6171875 0.23828125 0.865234375 0.20703125 0.859375 0.162109375
0 0.810546875 0.509765625 0.994140625 0.490234375 0.98828125 0.43359375 0.8046875 0.453125
0 0.89453125 0.333984375 0.9609375 0.326171875 0.947265625 0.205078125 0.880859375 0.212890625
0 0.873046875 0.587890625 1 0.57421875 1 0.529296875 0.8671875 0.54296875
0 0.134765625 0.021484375 0.134765625 0 0 0 0 0.021484375 0.134765625 0.021484375
0 1 0.337890625 0.99609375 0.271484375 0.96484375 0.2734375 0.96875 0.33984375 1 0.337890625
0 1 0.40234375 0.99609375 0.345703125 0.873046875 0.357421875 0.87890625 0.4140625 1 0.40234375