0 0.70703125 0.958984375 0.69140625 1 0.818359375 1
0 0.013671875 1 0.189453125 1 0 0.908203125 0 0.9921875
0 0.32421875 0.89453125 0.345703125 0.837890625 0 0.716796875 0 0.78125
0 0.380859375 0.927734375 0.59765625 1 0.6484375 1 0.6640625 0.951171875 0.400390625 0.865234375
0 0.865234375 0.0859375 1 0.130859375 1 0.0625 0.88671875 0.025390625
0 0.7109375 0.025390625 0.837890625 0.0703125 0.85546875 0.021484375 0.79296875 0 0.71875 0
0 0.666015625 0.1484375 0.787109375 0.197265625 0.8125 0.1328125 0.69140625 0.0859375
0 0.822265625 0.1875 0.9609375 0.23828125 0.98046875 0.18359375 0.841796875 0.1328125
0 0.173828125 0.576171875 0.197265625 0.50390625 0 0.435546875 0 0.517578125
0 0.291015625 0.302734375 0.53515625 0.38671875 0.556640625 0.328125 0.3125 0.244140625
0 0.26953125 0.33984375 0.24609375 0.40234375 0.3203125 0.427734375 0.341796875 0.365234375
0 0.32421875 0.416015625 0.48828125 0.47265625 0.505859375 0.421875 0.341796875 0.365234375
0 0.333984375 0.181640625 0.5703125 0.263671875 0.587890625 0.2109375 0.3515625 0.12890625
0 0.0703125 0.087890625 0.3046875 0.171875 0.32421875 0.1171875 0.091796875 0.033203125
0 0.060546875 0.11328125 0.046875 0.150390625 0.20703125 0.208984375 0.220703125 0.169921875
0 0.08203125 0.23046875 0.04296875 0.21484375 0 0.322265625 0 0.333984375 0.037109375 0.349609375 0.05078125 0.314453125
0 0.158203125 0.396484375 0.171875 0.359375 0.05078125 0.314453125 0.037109375 0.349609375
0 0.201171875 0.412109375 0.25390625 0.275390625 0.208984375 0.259765625 0.158203125 0.396484375
0 0.61328125 0.29296875 0.927734375 0.3984375 0.94921875 0.3359375 0.634765625 0.228515625
0 0.578125 0.412109375 0.892578125 0.521484375 0.9140625 0.458984375 0.599609375 0.349609375
0 0.927734375 0.52734375 1 0.55078125 1 0.4921875 0.9453125 0.474609375
0 0.54296875 0.53515625 0.849609375 0.6484375 0.87109375 0.591796875 0.5625 0.48046875
0 0.896484375 0.671875 1 0.705078125 1 0.638671875 0.916015625 0.611328125
0 0.767578125 0.767578125 0.962890625 0.841796875 0.98046875 0.79296875 0.78515625 0.71875
0 0.478515625 0.66796875 0.701171875 0.744140625 0.71875 0.689453125 0.49609375 0.61328125
0 0.46484375 0.068359375 0.48828125 0 0.26953125 0
0 0.37109375 0.546875 0.396484375 0.478515625 0.328125 0.453125 0.302734375 0.521484375 0.37109375 0.546875
0 0.4375 0.6796875 0.46875 0.595703125 0.23828125 0.513671875 0.20703125 0.59765625 0.4375 0.6796875
0 0.27734375 0.251953125 0.296875 0.197265625 0.244140625 0.177734375 0.224609375 0.234375 0.27734375 0.251953125
0 0.02734375 0.1640625 0.02734375 0.087890625 0 0.087890625 0 0.1640625 0.02734375 0.1640625
0 0.998046875 0.412109375 1 0.326171875 0.97265625 0.326171875 0.970703125 0.412109375 0.998046875 0.412109375
0 0.3046875 0.525390625 0.322265625 0.47265625 0.248046875 0.451171875 0.23046875 0.50390625 0.3046875 0.525390625