0 0.970703125 0.123046875 0.974609375 0.13671875 0.943359375 0.146484375 0.958984375 0.203125 1 0.19140625 1 0.11328125
0 0.93359375 0.029296875 1 0.009765625 1 0 0.923828125 0
0 0.603515625 0.130859375 0.4375 0.17578125 0.439453125 0.1796875 0.41796875 0.185546875 0.427734375 0.220703125 0.615234375 0.16796875
0 0.556640625 0.029296875 0.458984375 0.056640625 0.47265625 0.107421875 0.5703125 0.080078125
0 0.3828125 0 0.34375 0.01171875 0.392578125 0.185546875 0.431640625 0.173828125 0.392578125 0.03125
0 0.83984375 0.04296875 0.8671875 0.03515625 0.85546875 0 0.80859375 0 0.822265625 0.04296875 0.689453125 0.08203125 0.6484375 0.09375 0.66015625 0.13671875 0.849609375 0.08203125
0 0.6640625 0 0.619140625 0 0.646484375 0.09375 0.689453125 0.08203125
0 0.791015625 0.572265625 0.73046875 0.353515625 0.66015625 0.373046875 0.693359375 0.48828125 0.6796875 0.490234375 0.708984375 0.59375 0.720703125 0.591796875
0 0.9296875 0.279296875 0.91015625 0.212890625 0.689453125 0.275390625 0.708984375 0.33984375 0.787109375 0.318359375 0.798828125 0.36328125 0.87890625 0.33984375 0.8671875 0.294921875
0 0.685546875 0.2578125 0.724609375 0.24609375 0.71484375 0.21484375 0.623046875 0.240234375 0.66015625 0.373046875 0.712890625 0.359375 0.689453125 0.275390625
0 0.962890625 0.40625 0.91015625 0.421875 0.966796875 0.623046875 1 0.61328125 1 0.5390625
0 0.748046875 0.65234375 0.771484375 0.734375 1 0.669921875 1 0.61328125 0.966796875 0.623046875 0.958984375 0.59375
0 0.259765625 0.357421875 0.21875 0.337890625 0.115234375 0.5546875 0.09375 0.544921875 0.099609375 0.533203125 0.052734375 0.509765625 0.033203125 0.55078125 0.142578125 0.603515625 0.2109375 0.4609375
0 0.10546875 0.2109375 0.083984375 0.25 0.265625 0.345703125 0.28515625 0.306640625
0 0.111328125 0.19921875 0.0078125 0.14453125 0 0.158203125 0 0.23828125 0.013671875 0.212890625 0.083984375 0.25 0.10546875 0.2109375
0 0.01171875 0.642578125 0 0.6640625 0 0.7578125 0.05078125 0.6640625
0 0.05078125 0.6640625 0 0.7578125 0 0.845703125 0.0859375 0.681640625
0 0.392578125 0.03125 0.505859375 0 0.3828125 0
0 0.48046875 0.54296875 0.5078125 0.64453125 0.6875 0.59375 0.677734375 0.55859375 0.546875 0.59375 0.529296875 0.529296875
0 0.439453125 0.39453125 0.470703125 0.505859375 0.646484375 0.45703125 0.630859375 0.404296875 0.5 0.44140625 0.482421875 0.3828125
0 0.5234375 0.6796875 0.556640625 0.796875 0.734375 0.748046875 0.720703125 0.69921875 0.58203125 0.73828125 0.5625 0.66796875
0 0.427734375 0.361328125 0.611328125 0.310546875 0.59375 0.248046875 0.41015625 0.298828125
0 0.578125 0.546875 0.662109375 0.5234375 0.6484375 0.474609375 0.564453125 0.498046875
0 0.927734375 0.9609375 0.9375 1 1 1 1 0.939453125
0 0.642578125 0.939453125 0.806640625 0.892578125 0.791015625 0.8359375 0.57421875 0.896484375 0.6015625 1 0.634765625 1 0.658203125 0.994140625
0 0.8359375 1 0.892578125 1 0.849609375 0.83984375 0.794921875 0.85546875 0.806640625 0.892578125
0 0.904296875 0.837890625 0.916015625 0.880859375 1 0.85546875 1 0.810546875
0 0.486328125 0.962890625 0.3515625 1 0.49609375 1 0.49609375 0.99609375
0 0.51953125 0.98828125 0.501953125 0.92578125 0.23828125 1 0.3515625 1 0.486328125 0.962890625 0.49609375 0.99609375
0 0.193359375 0.65234375 0.16796875 0.697265625 0.38671875 0.818359375 0.412109375 0.7734375
0 0.306640625 0.43359375 0.2890625 0.455078125 0.33984375 0.630859375 0.236328125 0.57421875 0.216796875 0.611328125 0.39453125 0.708984375 0.36328125 0.609375
0 0.3359375 0.3984375 0.306640625 0.43359375 0.39453125 0.708984375 0.216796875 0.611328125 0.193359375 0.65234375 0.431640625 0.783203125 0.4609375 0.755859375 0.345703125 0.396484375
0 0.13671875 0.716796875 0.109375 0.763671875 0.259765625 0.84765625 0.029296875 0.916015625 0.009765625 0.953125 0.01171875 0.97265625 0.021484375 0.982421875 0.361328125 0.880859375 0.369140625 0.833984375
0 0.140625 0.70703125 0.13671875 0.716796875 0.369140625 0.833984375 0.37109375 0.822265625
0 0.259765625 0.84765625 0.109375 0.763671875 0.1015625 0.78125 0.19140625 0.82421875 0.046875 0.8671875 0.029296875 0.916015625 0.244140625 0.8515625
0 0.064453125 0.32421875 0.08203125 0.29296875 0.0078125 0.25 0 0.28125 0.064453125 0.32421875