0 0.958984375 0.423828125 1 0.423828125 1 0.15234375 0.958984375 0.15234375
0 0.845703125 0.416015625 0.79296875 0.416015625 0.79296875 0.48828125 0.845703125 0.48828125
0 0.50390625 0.427734375 0.423828125 0.427734375 0.423828125 0.490234375 0.50390625 0.490234375
0 0.541015625 0.7109375 0.541015625 0.490234375 0.16796875 0.490234375 0.16796875 0.7109375 0.453125 0.7109375
0 0.9453125 0.146484375 0.76171875 0.146484375 0.76171875 0.416015625 0.9453125 0.416015625
0 0.861328125 0.634765625 0.890625 0.634765625 0.890625 0.48828125 0.62109375 0.48828125 0.62109375 0.89453125 0.861328125 0.89453125
0 0.166015625 0.15234375 0.166015625 0.427734375 0.650390625 0.427734375 0.650390625 0.400390625 0.76171875 0.400390625 0.76171875 0.3359375 0.6484375 0.3359375 0.6484375 0.26171875 0.76171875 0.26171875 0.76171875 0.205078125 0.650390625 0.205078125 0.650390625 0.15234375 0.52734375 0.15234375 0.52734375 0.134765625 0.330078125 0.134765625 0.330078125 0.15234375
0 0.490234375 0.09765625 0.794921875 0.09765625 0.794921875 0.06640625 0.490234375 0.06640625
0 0.970703125 0.125 0.96875 0 0.845703125 0 0.84765625 0.126953125 0.970703125 0.125
0 0.455078125 0.119140625 0.453125 0 0.337890625 0.001953125 0.33984375 0.12109375 0.455078125 0.119140625
0 0.34765625 0.119140625 0.349609375 0 0.201171875 0 0.201171875 0.1171875 0.34765625 0.119140625
0 0.8125 0.041015625 0.8125 0 0.505859375 0 0.505859375 0.04296875 0.8125 0.041015625
0 0.97265625 0.923828125 0.978515625 0.513671875 0.927734375 0.51171875 0.921875 0.921875 0.97265625 0.923828125
0 0.58203125 0.98828125 0.58203125 0.94921875 0.443359375 0.947265625 0.443359375 0.986328125 0.58203125 0.98828125
0 1 0.96875 1 0.927734375 0.689453125 0.921875 0.689453125 0.962890625 1 0.96875