0 0.130859375 0.958984375 0.130859375 0.966796875 0.177734375 0.96484375 0.177734375 0.953125 0.19140625 0.953125 0.189453125 0.8828125 0.08984375 0.88671875 0.09375 0.9609375
0 0.453125 0.958984375 0.455078125 0.96875 0.41796875 0.97265625 0.41796875 0.9609375 0.400390625 0.962890625 0.400390625 0.97265625 0.3671875 0.974609375 0.3671875 0.96484375 0.349609375 0.966796875 0.349609375 0.9765625 0.314453125 0.978515625 0.314453125 0.96875 0.294921875 0.96875 0.296875 0.978515625 0.259765625 0.982421875 0.2578125 0.97265625 0.244140625 0.97265625 0.24609375 0.982421875 0.224609375 0.984375 0.224609375 1 0.494140625 1 0.494140625 0.966796875 0.47265625 0.96875 0.47265625 0.95703125
0 0.4375 0.865234375 0.439453125 0.875 0.40234375 0.87890625 0.40234375 0.8671875 0.384765625 0.869140625 0.384765625 0.87890625 0.3515625 0.880859375 0.3515625 0.87109375 0.333984375 0.873046875 0.333984375 0.8828125 0.298828125 0.884765625 0.298828125 0.875 0.279296875 0.876953125 0.28125 0.884765625 0.244140625 0.888671875 0.2421875 0.87890625 0.228515625 0.87890625 0.23046875 0.888671875 0.208984375 0.890625 0.2109375 0.93359375 0.48046875 0.916015625 0.478515625 0.873046875 0.45703125 0.875 0.45703125 0.865234375
0 0.5234375 1 0.572265625 1 0.66796875 0.9921875 0.6640625 0.93359375 0.521484375 0.943359375
0 0.52734375 0.3515625 0.548828125 0.791015625 0.693359375 0.783203125 0.671875 0.345703125
0 0.9609375 0.75390625 0.98046875 0.751953125 0.974609375 0.65625 0.927734375 0.658203125 0.931640625 0.724609375 0.708984375 0.73828125 0.712890625 0.787109375 0.9609375 0.7734375
0 0.693359375 0.912109375 0.931640625 0.900390625 0.927734375 0.849609375 0.69140625 0.861328125
0 0.52734375 0.609375 0.5234375 0.564453125 0.302734375 0.578125 0.3046875 0.623046875 0.318359375 0.62109375
0 0.2734375 0.625 0.279296875 0.705078125 0.32421875 0.703125 0.318359375 0.62109375 0.3046875 0.623046875
0 0.515625 0.44921875 0.51171875 0.40234375 0.29296875 0.419921875 0.296875 0.46484375 0.306640625 0.46484375
0 0.259765625 0.46875 0.265625 0.552734375 0.3125 0.548828125 0.306640625 0.46484375 0.296875 0.46484375
0 0.267578125 0.33984375 0.509765625 0.32421875 0.505859375 0.271484375 0.263671875 0.287109375
0 0.541015625 0.75 0.294921875 0.763671875 0.296875 0.8046875 0.376953125 0.80078125 0.37890625 0.81640625 0.408203125 0.814453125 0.408203125 0.8046875 0.54296875 0.798828125
0 0.919921875 0.58203125 0.693359375 0.58984375 0.697265625 0.646484375 0.921875 0.63671875
0 0.96484375 0.6015625 0.9609375 0.513671875 0.91796875 0.515625 0.921875 0.603515625
0 0.095703125 0.71875 0.06640625 0.720703125 0.072265625 0.826171875 0.1015625 0.826171875 0.099609375 0.783203125
0 0.24609375 0.818359375 0.244140625 0.775390625 0.228515625 0.77734375 0.220703125 0.638671875 0.11328125 0.64453125 0.12109375 0.783203125 0.099609375 0.783203125 0.1015625 0.826171875
0 0 0.91796875 0 0.97265625 0.07421875 0.97265625 0.0703125 0.93359375 0.068359375 0.9140625
0 0.900390625 0.32421875 0.93359375 0.322265625 0.931640625 0.251953125 0.7265625 0.259765625 0.73046875 0.35546875 0.900390625 0.349609375
0 0.728515625 0.30078125 0.685546875 0.302734375 0.6875 0.373046875 0.73046875 0.37109375 0.73046875 0.35546875
0 0.220703125 0.4609375 0.208984375 0.2734375 0.0625 0.283203125 0.076171875 0.46875 0.125 0.466796875
0 0.30859375 0.044921875 0.30859375 0 0.259765625 0 0.259765625 0.044921875 0.30859375 0.044921875
0 0.912109375 0.998046875 0.9140625 0.947265625 0.712890625 0.9453125 0.712890625 0.99609375 0.912109375 0.998046875
0 0.04296875 0.794921875 0.04296875 0.703125 0 0.703125 0 0.79296875 0.04296875 0.794921875
0 0.826171875 0.525390625 0.822265625 0.48046875 0.734375 0.48828125 0.73828125 0.533203125 0.826171875 0.525390625