0 0.69140625 0.03515625 0.7109375 0 0.62890625 0
0 0.744140625 0.119140625 0.935546875 0.228515625 1 0.2109375 1 0 0.810546875 0
0 0.81640625 0.66015625 0.6953125 0.587890625 0.658203125 0.65234375 0.693359375 0.671875 0.666015625 0.716796875 0.72265625 0.75 0.748046875 0.705078125 0.779296875 0.724609375 0.798828125 0.69140625
0 0.625 0.328125 0.599609375 0.376953125 0.62890625 0.392578125 0.591796875 0.4609375 0.66015625 0.498046875 0.697265625 0.4296875 0.73828125 0.453125 0.763671875 0.404296875
0 0.63671875 0.2890625 0.591796875 0.37109375 0.599609375 0.376953125 0.625 0.328125 0.763671875 0.404296875 0.73828125 0.453125 0.751953125 0.4609375 0.7734375 0.5546875 0.73828125 0.615234375 0.81640625 0.66015625 0.779296875 0.724609375 0.748046875 0.705078125 0.72265625 0.75 0.765625 0.775390625 0.892578125 0.55859375 0.859375 0.412109375 0.64453125 0.29296875
0 0.458984375 0.62109375 0.498046875 0.642578125 0.53515625 0.580078125 0.658203125 0.65234375 0.68359375 0.607421875 0.521484375 0.51171875
0 0 0.953125 0 1 0.083984375 1
0 0.974609375 0.923828125 0.9296875 1 1 1 1 0.9375
0 0.0546875 0.18359375 0 0.15234375 0 0.27734375 0.001953125 0.279296875 0.029296875 0.23046875
0 0.060546875 0 0 0 0 0.03515625 0.138671875 0.111328125 0.16796875 0.05859375
0 0.318359375 0.74609375 0.33984375 0.70703125 0.005859375 0.513671875 0 0.5234375 0 0.5625
0 0.162109375 0.826171875 0.185546875 0.78515625 0.02734375 0.69140625 0.00390625 0.734375
0 0.12109375 0.41015625 0.216796875 0.2421875 0.173828125 0.216796875 0.052734375 0.42578125 0.384765625 0.6171875 0.408203125 0.576171875
0 0.052734375 0.8984375 0.08203125 0.845703125 0 0.798828125 0 0.869140625
0 0.173828125 0.837890625 0.224609375 0.8671875 0.251953125 0.822265625 0.2578125 0.810546875 0.232421875 0.796875 0.224609375 0.806640625 0.19921875 0.79296875
0 0.23828125 0.896484375 0.181640625 0.865234375 0.1484375 0.921875 0.205078125 0.955078125
0 0.130859375 0.912109375 0.10546875 0.955078125 0.1796875 0.998046875 0.205078125 0.955078125
0 0.458984375 0.5078125 0.4921875 0.453125 0.25 0.310546875 0.21875 0.36328125
0 0.5546875 0.349609375 0.587890625 0.294921875 0.25390625 0.09765625 0.220703125 0.15234375
0 0.68359375 0.904296875 0.7109375 0.857421875 0.43359375 0.6875 0.404296875 0.736328125
0 0.3984375 0.857421875 0.423828125 0.8125 0.373046875 0.783203125 0.32421875 0.865234375 0.548828125 1 0.615234375 1 0.654296875 0.935546875 0.615234375 0.912109375 0.58203125 0.966796875 0.56640625 0.95703125
0 0.427734375 0.998046875 0.427734375 0.931640625 0.263671875 0.93359375 0.263671875 1 0.427734375 0.998046875
0 0.83203125 0.322265625 0.876953125 0.248046875 0.80859375 0.208984375 0.765625 0.283203125 0.83203125 0.322265625