0 0.716796875 0.060546875 0.736328125 0 0.625 0 0.6171875 0.029296875
0 0.572265625 0.015625 0.6171875 0.029296875 0.625 0 0.576171875 0
0 0.3984375 0.10546875 0.482421875 0.130859375 0.49609375 0.083984375 0.412109375 0.05859375
0 0.515625 0.0625 0.4453125 0.28125 0.509765625 0.302734375 0.517578125 0.275390625 0.5625 0.2890625 0.623046875 0.09765625
0 0.56640625 0.34765625 0.41015625 0.298828125 0.390625 0.357421875 0.546875 0.408203125 0.5546875 0.384765625
0 0.734375 0.59375 0.712890625 0.654296875 0.833984375 0.69921875 0.859375 0.640625
0 0.970703125 0.234375 0.892578125 0.19921875 0.755859375 0.54296875 0.826171875 0.57421875 0.853515625 0.5078125 0.79296875 0.482421875 0.818359375 0.423828125 0.87890625 0.451171875 0.919921875 0.353515625 0.8515625 0.32421875 0.876953125 0.263671875 0.9453125 0.29296875
0 0.416015625 0.04296875 0.34375 0.021484375 0.291015625 0.1953125 0.36328125 0.216796875 0.412109375 0.05859375
0 0.533203125 0.451171875 0.603515625 0.47265625 0.623046875 0.408203125 0.5546875 0.384765625 0.546875 0.408203125
0 0.876953125 0.263671875 0.8515625 0.32421875 1 0.384765625 1 0.314453125 0.9453125 0.29296875
0 0.818359375 0.423828125 0.79296875 0.482421875 1 0.572265625 1 0.50390625 0.87890625 0.451171875
0 0.923828125 0.15625 0.994140625 0.1796875 1 0.162109375 1 0 0.9765625 0
0 0.955078125 0.744140625 0.978515625 0.68359375 0.859375 0.640625 0.833984375 0.69921875
0 0.052734375 0.134765625 0.2890625 0.205078125 0.349609375 0 0.091796875 0
0 0.998046875 0.822265625 0.998046875 0.732421875 0.96484375 0.732421875 0.96484375 0.82421875 0.998046875 0.822265625
0 0.4375 0.61328125 0.41015625 0.587890625 0.322265625 0.681640625 0.34765625 0.70703125 0.4375 0.61328125
0 0.046875 0.037109375 0.046875 0 0 0 0 0.037109375 0.046875 0.037109375