0 0.71875 0.974609375 0.671875 0.98828125 0.673828125 1 0.734375 1 0.732421875 0.9921875 0.724609375 0.994140625 0.72265625 0.9921875
0 0.794921875 0.953125 0.798828125 0.970703125 0.787109375 0.97265625 0.794921875 1 0.85546875 1 0.853515625 0.990234375 0.859375 0.98828125 0.849609375 0.955078125 0.841796875 0.95703125 0.837890625 0.939453125
0 0.96875 0.923828125 0.9609375 0.92578125 0.95703125 0.908203125 0.9140625 0.921875 0.91796875 0.9375 0.90625 0.94140625 0.916015625 0.974609375 0.927734375 0.970703125 0.935546875 0.99609375 0.978515625 0.982421875 0.974609375 0.970703125 0.97265625 0.958984375 0.978515625 0.95703125 0.970703125 0.927734375
0 0.970703125 0.927734375 0.978515625 0.95703125 0.97265625 0.958984375 0.974609375 0.970703125 1 0.962890625 1 0.91796875
0 0.72265625 0.9921875 0.724609375 0.994140625 0.732421875 0.9921875 0.734375 1 0.794921875 1 0.787109375 0.97265625
0 0.310546875 1 0.3671875 1 0.44140625 0.978515625 0.421875 0.90625 0.294921875 0.9453125
0 0.37109375 0.728515625 0.349609375 0.65625 0.228515625 0.69140625 0.25 0.763671875 0.3125 0.74609375
0 0.18359375 0.509765625 0.302734375 0.474609375 0.283203125 0.40625 0.1640625 0.44140625
0 0.251953125 0.5390625 0.181640625 0.55859375 0.294921875 0.9453125 0.365234375 0.923828125 0.3125 0.74609375 0.25 0.763671875 0.228515625 0.69140625 0.291015625 0.673828125
0 0.728515625 0.36328125 0.93359375 0.30859375 0.919921875 0.259765625 0.71484375 0.314453125
0 0.421875 0.44140625 0.646484375 0.380859375 0.6328125 0.33203125 0.408203125 0.392578125
0 0.517578125 0.9453125 0.822265625 0.853515625 0.8046875 0.80078125 0.501953125 0.890625
0 0.470703125 0.625 0.73046875 0.546875 0.71484375 0.494140625 0.453125 0.572265625
0 0.865234375 0.8515625 1 0.810546875 1 0.75390625 0.849609375 0.798828125
0 0.916015625 0.669921875 1 0.64453125 1 0.587890625 0.900390625 0.6171875
0 0.78515625 0.54296875 1 0.478515625 1 0.416015625 0.767578125 0.486328125
0 0.462890625 0.7890625 0.78125 0.6953125 0.767578125 0.646484375 0.447265625 0.740234375
0 0.349609375 0.2265625 0.509765625 0.083984375 0.47265625 0.04296875 0.3125 0.185546875
0 0.587890625 0.22265625 0.578125 0.1875 0.541015625 0.197265625 0.55078125 0.232421875
0 0.583984375 0.005859375 0.671875 0.099609375 0.90625 0.04296875 0.89453125 0 0.8125 0 0.681640625 0.033203125 0.677734375 0.029296875 0.68359375 0.021484375 0.662109375 0 0.58984375 0
0 0.12109375 0.25390625 0.21484375 0.166015625 0.13671875 0.08203125 0.041015625 0.169921875
0 0.248046875 0.095703125 0.349609375 0 0.232421875 0 0.193359375 0.037109375