0 0.23828125 0.330078125 0.205078125 0.33984375 0.23828125 0.44921875 0.26953125 0.439453125
0 0.26953125 0.326171875 0.23828125 0.3359375 0.26953125 0.439453125 0.30078125 0.4296875
0 0.333984375 0.4296875 0.30078125 0.31640625 0.26953125 0.326171875 0.302734375 0.4375 0.322265625 0.43359375
0 0.357421875 0.421875 0.36328125 0.421875 0.369140625 0.39453125 0.36328125 0.392578125
0 0.3125 0.462890625 0.330078125 0.45703125 0.322265625 0.43359375 0.306640625 0.4375
0 0.091796875 0.501953125 0.107421875 0.51171875 0.12890625 0.46875 0.11328125 0.4609375
0 0.173828125 0.4453125 0.140625 0.505859375 0.162109375 0.517578125 0.1953125 0.45703125
0 0.125 0.53125 0.146484375 0.54296875 0.16015625 0.515625 0.140625 0.505859375
0 0.203125 0.21484375 0.169921875 0.224609375 0.203125 0.328125 0.234375 0.31640625
0 0.267578125 0.306640625 0.236328125 0.20703125 0.203125 0.216796875 0.234375 0.31640625
0 0.41796875 0.111328125 0.421875 0.08203125 0.341796875 0.076171875 0.33984375 0.107421875 0.41796875 0.111328125
0 0.14453125 0.455078125 0.1796875 0.396484375 0.14453125 0.375 0.109375 0.43359375 0.14453125 0.455078125