0 0.666015625 0.82421875 0.638671875 0.861328125 0.625 0.849609375 0.6015625 0.880859375 0.615234375 0.890625 0.58984375 0.921875 0.62890625 0.951171875 0.65234375 0.921875 0.6875 0.94921875 0.7109375 0.919921875 0.67578125 0.890625 0.705078125 0.85546875
0 0.875 0.83984375 0.84765625 0.873046875 0.837890625 0.86328125 0.8125 0.89453125 0.82421875 0.90234375 0.794921875 0.939453125 0.833984375 0.970703125 0.86328125 0.935546875 0.89453125 0.9609375 0.91796875 0.9296875 0.88671875 0.904296875 0.9140625 0.87109375
0 0.57421875 1 0.59765625 1 0.59765625 0.958984375 0.57421875 0.958984375
0 0.9609375 0.310546875 0.935546875 0.349609375 0.904296875 0.328125 0.87890625 0.365234375 0.91015625 0.38671875 0.8984375 0.404296875 0.9296875 0.423828125 0.939453125 0.408203125 0.98046875 0.435546875 1 0.40625 1 0.392578125 0.96484375 0.369140625 0.990234375 0.33203125
0 0.71484375 0.404296875 0.73828125 0.4296875 0.7578125 0.412109375 0.734375 0.38671875
0 0.71484375 0.255859375 0.640625 0.25390625 0.63671875 0.32421875 0.712890625 0.40625 0.7890625 0.33984375
0 0.8046875 0.037109375 0.8046875 0 0.716796875 0 0.716796875 0.033203125
0 0.912109375 0.041015625 0.912109375 0 0.826171875 0 0.826171875 0.037109375
0 0.6953125 0.03125 0.6953125 0 0.609375 0 0.609375 0.029296875
0 0.591796875 0.072265625 0.60546875 0.072265625 0.60546875 0.048828125 0.59375 0.048828125
0 0.6875 0.15625 0.689453125 0.095703125 0.607421875 0.091796875 0.603515625 0.15234375
0 0.798828125 0.15625 0.798828125 0.095703125 0.712890625 0.095703125 0.712890625 0.15625
0 0.904296875 0.162109375 0.90234375 0.1015625 0.818359375 0.1015625 0.8203125 0.162109375
0 0.953125 0.0390625 0.951171875 0.068359375 0.9921875 0.0703125 0.994140625 0.041015625 0.9765625 0.0390625
0 1 0.041015625 1 0.013671875 0.978515625 0.013671875 0.9765625 0.0390625 0.994140625 0.041015625
0 0.990234375 0.11328125 0.990234375 0.09375 0.9609375 0.09375 0.958984375 0.111328125
0 0.77734375 0.279296875 0.796875 0.263671875 0.771484375 0.234375 0.751953125 0.25
0 0.943359375 0.234375 0.974609375 0.234375 0.974609375 0.193359375 0.943359375 0.193359375
0 0.353515625 0.91796875 0.373046875 0.86328125 0.283203125 0.833984375 0.265625 0.888671875 0.353515625 0.91796875