0 0.294921875 0.060546875 0.33203125 0.091796875 0.41015625 0 0.345703125 0
0 0.658203125 0.05859375 0.5078125 0.234375 0.544921875 0.263671875 0.552734375 0.25390625 0.544921875 0.248046875 0.564453125 0.224609375 0.572265625 0.232421875 0.580078125 0.22265625 0.572265625 0.216796875 0.583984375 0.201171875 0.591796875 0.208984375 0.6015625 0.197265625 0.595703125 0.189453125 0.626953125 0.15234375 0.634765625 0.158203125 0.64453125 0.146484375 0.63671875 0.140625 0.64453125 0.130859375 0.65234375 0.138671875 0.666015625 0.12109375 0.658203125 0.115234375 0.673828125 0.095703125 0.681640625 0.103515625 0.693359375 0.08984375
0 1 0.69140625 1 0.626953125 0.861328125 0.505859375 0.8203125 0.5546875 0.990234375 0.703125
0 0.95703125 0.21484375 0.9140625 0.17578125 0.681640625 0.44140625 0.724609375 0.48046875
0 0.869140625 0.494140625 0.9140625 0.533203125 1 0.43359375 1 0.34375
0 0.986328125 0.23046875 0.955078125 0.267578125 1 0.306640625 1 0.2421875
0 0.93359375 0.8125 0.76953125 1 0.869140625 1 0.990234375 0.861328125
0 0.7421875 0.91015625 0.646484375 0.826171875 0.607421875 0.87109375 0.703125 0.955078125
0 0.677734375 0.931640625 0.6171875 1 0.6640625 1 0.703125 0.955078125
0 0.5703125 0.880859375 0.5234375 0.83984375 0.44921875 0.923828125 0.498046875 0.96484375
0 0.623046875 0.822265625 0.55859375 0.765625 0.505859375 0.82421875 0.5703125 0.880859375 0.591796875 0.857421875
0 0.7421875 0.658203125 0.658203125 0.75390625 0.7109375 0.802734375 0.796875 0.705078125
0 0.642578125 0.7421875 0.6171875 0.771484375 0.751953125 0.890625 0.77734375 0.859375
0 0.658203125 0.50390625 0.509765625 0.671875 0.564453125 0.720703125 0.7109375 0.55078125
0 0.615234375 0.46484375 0.505859375 0.591796875 0.447265625 0.541015625 0.408203125 0.583984375 0.509765625 0.671875 0.658203125 0.50390625
0 0.51953125 0.77734375 0.35546875 0.6328125 0.330078125 0.6640625 0.494140625 0.806640625
0 0.43359375 0.861328125 0.283203125 0.73046875 0.2578125 0.759765625 0.408203125 0.890625
0 0.16015625 0.158203125 0.275390625 0.259765625 0.146484375 0.408203125 0.03125 0.306640625 0 0.341796875 0 0.376953125 0.271484375 0.615234375 0.318359375 0.5625 0.19921875 0.458984375 0.333984375 0.302734375 0.453125 0.40625 0.494140625 0.361328125 0.205078125 0.107421875
0 0.369140625 0.509765625 0.40625 0.466796875 0.34375 0.412109375 0.306640625 0.455078125
0 0.521484375 0.478515625 0.5 0.458984375 0.470703125 0.490234375 0.494140625 0.509765625
0 0.671875 0.6875 0.654296875 0.673828125 0.6171875 0.716796875 0.6328125 0.732421875
0 0.98046875 0.724609375 0.990234375 0.71484375 0.884765625 0.62109375 0.8515625 0.66015625 1 0.791015625 1 0.7421875
0 0.771484375 0.51953125 0.74609375 0.548828125 0.78125 0.580078125 0.806640625 0.55078125 0.80078125 0.546875
0 0.892578125 0.32421875 0.7421875 0.49609375 0.771484375 0.51953125 0.919921875 0.349609375
0 0.9609375 0.302734375 0.771484375 0.51953125 0.80078125 0.546875 0.9921875 0.330078125
0 0.12890625 0 0.07421875 0 0.0625 0.015625 0.0546875 0.009765625 0.00390625 0.068359375 0.01171875 0.07421875 0 0.087890625 0 0.15234375 0.005859375 0.158203125 0.037109375 0.12109375 0.02734375 0.111328125 0.041015625 0.095703125 0.05078125 0.10546875 0.099609375 0.046875 0.08984375 0.0390625 0.099609375 0.02734375 0.109375 0.03515625 0.13671875 0.005859375
0 0.080078125 0.576171875 0.04296875 0.62109375 0.091796875 0.662109375 0.12890625 0.619140625
0 0.12890625 0.619140625 0.091796875 0.662109375 0.17578125 0.734375 0.212890625 0.689453125
0 0.099609375 0.5078125 0.080078125 0.529296875 0.15234375 0.58984375 0.169921875 0.568359375
0 0.15234375 0.771484375 0.10546875 0.80078125 0.1640625 0.8984375 0.2109375 0.87109375
0 0.052734375 0.46875 0.03515625 0.490234375 0.080078125 0.529296875 0.099609375 0.5078125
0 0.1875 0.58203125 0.169921875 0.603515625 0.224609375 0.650390625 0.2421875 0.630859375