0 0.6171875 0.15234375 0.826171875 0.12109375 0.81640625 0.052734375 0.607421875 0.083984375
0 0.1328125 0.58203125 0.40625 0.54296875 0.400390625 0.4921875 0.125 0.53125
0 0.66796875 0.455078125 0.87890625 0.42578125 0.869140625 0.3671875 0.66015625 0.3984375
0 0.09375 0.41796875 0.3671875 0.37890625 0.359375 0.328125 0.0859375 0.3671875
0 0.43359375 0.52734375 0.640625 0.498046875 0.630859375 0.4375 0.42578125 0.46875
0 0.412109375 0.37109375 0.6171875 0.341796875 0.609375 0.28125 0.40234375 0.3125
0 0.078125 0.240234375 0.3515625 0.201171875 0.34375 0.150390625 0.0703125 0.189453125
0 0.384765625 0.1953125 0.591796875 0.1640625 0.583984375 0.10546875 0.376953125 0.134765625
0 0.62890625 0.3046875 0.837890625 0.2734375 0.830078125 0.21484375 0.62109375 0.24609375
0 0.21484375 0.759765625 0.423828125 0.6953125 0.404296875 0.626953125 0.193359375 0.69140625
0 0.458984375 0.69140625 0.673828125 0.625 0.650390625 0.5546875 0.4375 0.62109375
0 0.703125 0.6171875 0.921875 0.546875 0.900390625 0.48046875 0.681640625 0.55078125
0 0.74609375 0.75 0.96484375 0.6796875 0.943359375 0.611328125 0.724609375 0.681640625
0 0.2578125 0.890625 0.466796875 0.826171875 0.447265625 0.759765625 0.236328125 0.82421875
0 0.501953125 0.82421875 0.716796875 0.755859375 0.693359375 0.685546875 0.48046875 0.75390625
0 0.11328125 0.595703125 0.1015625 0.52734375 0 0.54296875 0 0.61328125 0.11328125 0.595703125
0 0.083984375 0.42578125 0.078125 0.35546875 0 0.365234375 0 0.43359375 0.083984375 0.42578125
0 0.060546875 0.251953125 0.0546875 0.1796875 0 0.185546875 0 0.255859375 0.060546875 0.251953125
0 0.98046875 0.22265625 0.96484375 0.140625 0.927734375 0.1484375 0.9453125 0.23046875 0.98046875 0.22265625
0 0.546875 0.0234375 0.546875 0 0.46484375 0 0.46484375 0.0234375 0.546875 0.0234375