0 0.169921875 0.80078125 0.16015625 0.796875 0.16796875 0.76953125 0.025390625 0.720703125 0.009765625 0.763671875 0.126953125 0.802734375 0.060546875 1 0.1015625 1 0.15234375 0.85546875
0 0.029296875 0.70703125 0.025390625 0.720703125 0.16796875 0.76953125 0.16015625 0.796875 0.169921875 0.80078125 0.18359375 0.759765625
0 0.111328125 0.076171875 0.236328125 0.119140625 0.25 0.080078125 0.125 0.037109375
0 0.185546875 0 0.07421875 0 0.072265625 0.009765625 0.171875 0.04296875
0 0.109375 0.083984375 0.12890625 0.02734375 0.083984375 0.013671875 0.076171875 0.03515625 0 0.0078125 0 0.044921875
0 0.078125 0.30078125 0.13671875 0.294921875 0.130859375 0.24609375 0.072265625 0.25390625
0 0.28125 0.234375 0.251953125 0.30859375 0.28125 0.3203125 0.248046875 0.404296875 0.28125 0.416015625 0.302734375 0.36328125 0.2890625 0.357421875 0.30078125 0.328125 0.310546875 0.33203125 0.33984375 0.255859375
0 0.4453125 0 0.337890625 0 0.376953125 0.029296875 0.3671875 0.072265625 0.400390625 0.080078125 0.404296875 0.064453125 0.427734375 0.0703125 0.435546875 0.041015625 0.4609375 0.046875 0.470703125 0.005859375
0 0.287109375 0.083984375 0.349609375 0.080078125 0.34765625 0.044921875 0.28515625 0.048828125
0 0.595703125 0.603515625 0.578125 0.65234375 0.93359375 0.775390625 0.951171875 0.7265625 0.615234375 0.611328125
0 0.986328125 0.763671875 1 0.724609375 1 0.685546875 0.96875 0.67578125 0.943359375 0.75
0 0.66796875 0.453125 0.6171875 0.435546875 0.5625 0.591796875 0.615234375 0.611328125
0 0.701171875 0.462890625 0.68359375 0.51171875 0.970703125 0.615234375 0.98828125 0.568359375
0 1 0.58984375 1 0.53515625 0.982421875 0.583984375
0 0.859375 0.3515625 0.83984375 0.40625 1 0.46484375 1 0.40234375 0.890625 0.36328125
0 0.916015625 0.294921875 0.875 0.279296875 0.87890625 0.267578125 0.80859375 0.240234375 0.80078125 0.26171875 0.734375 0.236328125 0.712890625 0.29296875 0.779296875 0.318359375 0.79296875 0.28125 0.86328125 0.30859375 0.849609375 0.34765625 0.890625 0.36328125
0 0.677734375 0.2578125 0.626953125 0.392578125 0.669921875 0.408203125 0.720703125 0.2734375
0 0.02734375 0.912109375 0.03515625 0.841796875 0 0.83984375 0 0.908203125 0.02734375 0.912109375
0 1 0.349609375 1 0.291015625 0.97265625 0.2890625 0.96875 0.34765625 1 0.349609375