0 0.939453125 0.939453125 0.94140625 1 1 1 1 0.9375
0 0.236328125 0.22265625 0.283203125 0.21484375 0.26171875 0.1015625 0.216796875 0.109375
0 0.2109375 0.080078125 0.033203125 0.11328125 0.01953125 0.044921875 0 0.046875 0 0.171875 0.1796875 0.146484375 0.22265625 0.138671875 0.216796875 0.109375
0 0.025390625 0.408203125 0.03125 0.46875 0.080078125 0.462890625 0.08203125 0.4765625 0.166015625 0.466796875 0.16796875 0.494140625 0.328125 0.474609375 0.322265625 0.419921875 0.162109375 0.439453125 0.158203125 0.41015625 0.076171875 0.419921875 0.07421875 0.40234375
0 0.001953125 0.2734375 0.009765625 0.33203125 0.240234375 0.30078125 0.248046875 0.357421875 0.30078125 0.3515625 0.2890625 0.263671875 0.236328125 0.271484375 0.232421875 0.2421875
0 0 0.568359375 0 0.62890625 0.181640625 0.6640625 0.193359375 0.607421875
0 0.080078125 0.826171875 0.09375 0.751953125 0 0.732421875 0 0.80859375
0 0.43359375 0.037109375 0.443359375 0.109375 0.4921875 0.103515625 0.498046875 0.14453125 0.552734375 0.13671875 0.548828125 0.1171875 0.611328125 0.109375 0.60546875 0.0625 0.54296875 0.0703125 0.544921875 0.0859375 0.490234375 0.09375 0.482421875 0.03125
0 0.533203125 0.220703125 0.5625 0.216796875 0.556640625 0.17578125 0.45703125 0.189453125 0.46484375 0.240234375 0.53515625 0.232421875
0 0.955078125 0.712890625 0.962890625 0.904296875 1 0.90234375 1 0.712890625
0 0.953125 0.646484375 0.955078125 0.712890625 1 0.712890625 1 0.64453125
0 0.533203125 1 0.576171875 1 0.576171875 0.99609375 0.580078125 0.982421875 0.58984375 0.974609375 0.6015625 0.97265625 0.62890625 0.970703125 0.626953125 0.919921875 0.578125 0.921875 0.556640625 0.935546875 0.546875 0.94921875 0.541015625 0.9609375 0.533203125 0.998046875
0 0.72265625 0.865234375 0.72265625 0.876953125 0.70703125 0.876953125 0.708984375 0.939453125 0.8515625 0.935546875 0.849609375 0.873046875 0.837890625 0.873046875 0.8359375 0.861328125
0 0.845703125 0.76171875 0.765625 0.765625 0.705078125 0.830078125 0.70703125 0.876953125 0.72265625 0.876953125 0.72265625 0.865234375 0.8359375 0.861328125 0.837890625 0.873046875 0.849609375 0.873046875 0.84765625 0.802734375
0 0.23828125 0.60546875 0.248046875 0.537109375 0.1953125 0.529296875 0.185546875 0.59765625 0.23828125 0.60546875
0 0.29296875 0.078125 0.28125 0 0.216796875 0 0.228515625 0.0859375 0.29296875 0.078125
0 0.59765625 0.439453125 0.578125 0.306640625 0.50390625 0.318359375 0.5234375 0.451171875 0.59765625 0.439453125
0 0.88671875 0.998046875 0.884765625 0.96484375 0.818359375 0.96484375 0.818359375 1 0.88671875 0.998046875
0 0.21484375 0.025390625 0.21484375 0 0 0 0 0.0234375 0.21484375 0.025390625
0 0.9453125 0.73828125 0.9375 0.6484375 0.875 0.654296875 0.8828125 0.7421875 0.9453125 0.73828125
0 0.54296875 0.302734375 0.53515625 0.244140625 0.48828125 0.251953125 0.494140625 0.30859375 0.54296875 0.302734375
0 0.02734375 0.912109375 0.02734375 0.841796875 0 0.83984375 0 0.912109375 0.02734375 0.912109375