0 0.837890625 0 0.7578125 0 0.7578125 0.001953125 0.916015625 0.12890625 0.94921875 0.087890625
0 0.986328125 0.037109375 1 0.017578125 1 0 0.939453125 0
0 0.68359375 0.1484375 0.72265625 0.099609375 0.59765625 0 0.498046875 0
0 0.359375 0.115234375 0.537109375 0.259765625 0.55078125 0.240234375 0.587890625 0.271484375 0.65625 0.1875 0.609375 0.150390625 0.556640625 0.212890625 0.388671875 0.078125
0 0.2578125 0.240234375 0.435546875 0.384765625 0.44921875 0.365234375 0.48828125 0.396484375 0.5546875 0.3125 0.5078125 0.275390625 0.45703125 0.337890625 0.287109375 0.203125
0 0.333984375 0.06640625 0.216796875 0.212890625 0.248046875 0.240234375 0.3671875 0.09375
0 0.42578125 0 0.376953125 0 0.328125 0.060546875 0.3671875 0.09375 0.435546875 0.0078125
0 0.779296875 0.306640625 0.736328125 0.361328125 0.80078125 0.408203125 0.810546875 0.39453125 0.869140625 0.439453125 0.900390625 0.396484375 0.794921875 0.318359375
0 0.59375 0.470703125 0.6484375 0.51171875 0.662109375 0.494140625 0.72265625 0.541015625 0.75390625 0.5 0.69140625 0.455078125 0.685546875 0.462890625 0.630859375 0.421875
0 0.4609375 0.5625 0.4765625 0.572265625 0.47265625 0.580078125 0.5 0.599609375 0.505859375 0.59375 0.51953125 0.603515625 0.52734375 0.591796875 0.587890625 0.63671875 0.62109375 0.59375 0.560546875 0.548828125 0.548828125 0.5625 0.4921875 0.521484375
0 0.45703125 0.427734375 0.51171875 0.46875 0.53125 0.44140625 0.478515625 0.400390625
0 1 0.36328125 1 0.306640625 0.916015625 0.2109375 0.888671875 0.234375
0 0.998046875 0.517578125 0.8984375 0.43359375 0.85546875 0.482421875 0.95703125 0.568359375 0.990234375 0.52734375
0 0.935546875 0.751953125 0.974609375 0.703125 0.77734375 0.53515625 0.736328125 0.583984375
0 0.978515625 0.7890625 0.84765625 0.78515625 0.642578125 0.6171875 0.6015625 0.666015625 0.81640625 0.84375 0.9765625 0.84765625 0.9765625 0.828125
0 1 0.828125 1 0.771484375 0.978515625 0.771484375 0.9765625 0.828125
0 0.849609375 0.8671875 0.853515625 0.900390625 0.978515625 0.888671875 0.9765625 0.857421875
0 0.9765625 0.857421875 0.978515625 0.890625 1 0.888671875 1 0.853515625
0 0.64453125 1 0.94921875 1 0.951171875 0.970703125 0.6484375 0.955078125
0 0.513671875 0.685546875 0.51171875 0.798828125 0.287109375 0.794921875 0.28515625 0.849609375 0.57421875 0.85546875 0.578125 0.6875
0 0.203125 0.6328125 0.126953125 0.576171875 0.09375 0.623046875 0.1796875 0.6875 0.431640625 0.69140625 0.43359375 0.638671875
0 0 0.53515625 0 0.61328125 0.044921875 0.55859375 0.1015625 0.603515625 0.140625 0.5546875 0.083984375 0.5078125 0.07421875 0.51953125 0.037109375 0.490234375
0 0.08203125 0.783203125 0 0.716796875 0 0.794921875 0.05859375 0.84375 0.24609375 0.84765625 0.24609375 0.787109375
0 0.044921875 0.958984375 0 0.92578125 0 1 0.24609375 1 0.248046875 0.962890625
0 0.609375 0.939453125 0.28125 0.939453125 0.28125 1 0.609375 1
0 0.576171875 0.330078125 0.62890625 0.369140625 0.669921875 0.31640625 0.615234375 0.275390625
0 0.77734375 0.126953125 0.806640625 0.08984375 0.77734375 0.06640625 0.65625 0.228515625 0.771484375 0.314453125 0.779296875 0.306640625 0.794921875 0.318359375 0.880859375 0.203125
0 0.953125 0.12890625 0.984375 0.150390625 1 0.12890625 1 0.06640625
0 0.33984375 0.451171875 0.3828125 0.3984375 0.33203125 0.357421875 0.2890625 0.41015625
0 0.224609375 0.283203125 0.2109375 0.271484375 0.17578125 0.31640625 0.2890625 0.41015625 0.326171875 0.365234375 0.275390625 0.32421875 0.28515625 0.3125 0.234375 0.271484375
0 0.267578125 0.392578125 0.189453125 0.328125 0.083984375 0.45703125 0.130859375 0.494140625 0.203125 0.408203125 0.212890625 0.416015625 0.2578125 0.404296875
0 0.35546875 0.453125 0.4453125 0.51953125 0.48046875 0.474609375 0.388671875 0.408203125
0 0.26171875 0.494140625 0.38671875 0.583984375 0.40625 0.556640625 0.28125 0.466796875
0 0.3515625 0.609375 0.3515625 0.576171875 0.265625 0.572265625 0.265625 0.60546875
0 0.982421875 0.345703125 0.900390625 0.263671875 0.861328125 0.302734375 0.943359375 0.384765625 0.982421875 0.345703125