0 0.34765625 0 0.265625 0 0.119140625 0.072265625 0.111328125 0.0546875 0.03515625 0.091796875 0.056640625 0.13671875 0.1328125 0.099609375 0.1328125 0.09765625 0.142578125 0.1171875 0.33984375 0.01953125 0.333984375 0.0078125 0.3359375 0.005859375
0 0.3515625 0.90625 0.349609375 0.859375 0.2109375 0.8671875 0.21484375 0.9140625 0.255859375 0.912109375 0.2578125 0.935546875 0.31640625 0.93359375 0.314453125 0.908203125
0 0.845703125 0.509765625 0.9765625 0.8125 1 0.80078125 1 0.44140625
0 0.958984375 0.38671875 0.96484375 0.396484375 0.94921875 0.404296875 0.9453125 0.392578125 0.888671875 0.41796875 0.892578125 0.4296875 0.884765625 0.43359375 0.87890625 0.421875 0.814453125 0.44921875 0.84375 0.51171875 1 0.44140625 1 0.3671875
0 0.70703125 0.033203125 0.671875 0.119140625 0.73828125 0.24609375 0.798828125 0.21875 0.73828125 0.103515625 0.740234375 0.103515625 0.7109375 0.03515625 0.794921875 0 0.77734375 0
0 0.765625 0.30859375 1 0.20703125 1 0.130859375 0.73828125 0.24609375
0 0.833984375 0 0.794921875 0 0.7109375 0.03515625 0.740234375 0.103515625 0.857421875 0.052734375 0.8515625 0.041015625
0 0.142578125 0.26953125 0 0.337890625 0 0.400390625 0.11328125 0.345703125 0.154296875 0.427734375 0.20703125 0.40234375 0.16796875 0.3203125
0 0.421875 0.1484375 0.296875 0.2109375 0.29296875 0.201171875 0.240234375 0.2265625 0.3046875 0.35546875 0.35546875 0.330078125 0.322265625 0.263671875 0.447265625 0.201171875
0 0.462890625 0.15625 0.5 0.13671875 0.462890625 0.0625 0.42578125 0.08203125
0 0.541015625 0.447265625 0.587890625 0.423828125 0.5 0.23828125 0.451171875 0.26171875
0 0.703125 0.67578125 0.6171875 0.490234375 0.568359375 0.51171875 0.62890625 0.64453125 0.54296875 0.685546875 0.56640625 0.73828125 0.654296875 0.697265625
0 0.73828125 0.759765625 0.611328125 0.8203125 0.634765625 0.87109375 0.70703125 0.8359375 0.771484375 0.970703125 0.826171875 0.9453125 0.76171875 0.810546875
0 0.669921875 0.943359375 0.611328125 0.947265625 0.61328125 1 0.671875 1
0 0.060546875 0.978515625 0.201171875 0.970703125 0.193359375 0.861328125 0.0546875 0.869140625
0 0.35546875 0.955078125 0.51953125 0.9453125 0.513671875 0.849609375 0.349609375 0.859375 0.3515625 0.90625
0 0.216796875 0.56640625 0.15625 0.5703125 0.1640625 0.708984375 0.08203125 0.71484375 0.0859375 0.7734375 0.228515625 0.765625
0 0.32421875 0.552734375 0.3359375 0.755859375 0.47265625 0.748046875 0.46875 0.6875 0.388671875 0.69140625 0.37890625 0.55078125
0 0 0.435546875 0 0.466796875 0.052734375 0.455078125 0.05859375 0.48046875 0.08984375 0.470703125 0.068359375 0.412109375
0 0.0625 0.638671875 0.125 0.625 0.099609375 0.515625 0.037109375 0.53125
0 0.052734375 0.455078125 0 0.466796875 0 0.5390625 0.068359375 0.5234375 0.05859375 0.48046875
0 0.537109375 0.998046875 0.53515625 0.96875 0.31640625 0.970703125 0.318359375 1 0.537109375 0.998046875