0 0.05078125 0.234375 0.0546875 0.15625 0.033203125 0.15625 0.03515625 0.140625 0 0.138671875 0 0.23046875
0 0.3515625 0.185546875 0.3515625 0.203125 0.291015625 0.203125 0.291015625 0.263671875 0.447265625 0.267578125 0.447265625 0.20703125 0.40234375 0.20703125 0.404296875 0.1875
0 0.1171875 0.236328125 0.115234375 0.34765625 0.275390625 0.357421875 0.27734375 0.240234375 0.126953125 0.236328125
0 0.197265625 0.146484375 0.197265625 0.1640625 0.12890625 0.162109375 0.126953125 0.236328125 0.291015625 0.240234375 0.29296875 0.169921875 0.255859375 0.169921875 0.255859375 0.1484375
0 0 0.263671875 0 0.322265625 0.115234375 0.333984375 0.1171875 0.275390625
0 0.53515625 0.103515625 0.537109375 0.03515625 0.408203125 0.029296875 0.404296875 0.09765625
0 1 0.23046875 1 0.189453125 0.919921875 0.19921875 0.92578125 0.240234375
0 0.919921875 0.193359375 0.73046875 0.21484375 0.736328125 0.26171875 0.92578125 0.240234375 0.919921875 0.19921875
0 0.76171875 0.212890625 0.7421875 0.041015625 0.6953125 0.046875 0.71484375 0.216796875 0.73046875 0.21484375
0 0.830078125 0 0.8046875 0 0.80859375 0.0546875 0.833984375 0.052734375
0 0.888671875 0.140625 0.97265625 0.13671875 0.970703125 0.091796875 0.88671875 0.095703125
0 0.39453125 0.583984375 0.19140625 0.583984375 0.19140625 0.6484375 0.353515625 0.6484375 0.390625 0.68359375 0.390625 0.724609375 0.443359375 0.724609375 0.443359375 0.623046875
0 0.162109375 0.76171875 0.0703125 0.759765625 0.0703125 0.8359375 0.162109375 0.837890625 0.162109375 0.787109375
0 0.44140625 0.84765625 0.443359375 0.775390625 0.341796875 0.775390625 0.341796875 0.84765625 0.439453125 0.84765625
0 0.162109375 0.787109375 0.162109375 0.845703125 0.341796875 0.84765625 0.341796875 0.7890625
0 0.375 0.84765625 0.369140625 1 0.43359375 1 0.439453125 0.84765625
0 0.8984375 0.318359375 0.853515625 0.31640625 0.8515625 0.365234375 0.896484375 0.3671875 0.8984375 0.32421875
0 0.755859375 0.3515625 0.767578125 0.361328125 0.78125 0.3671875 0.841796875 0.3671875 0.841796875 0.306640625 0.74609375 0.306640625 0.744140625 0.341796875
0 0.861328125 0.646484375 0.86328125 0.59375 0.708984375 0.58984375 0.70703125 0.642578125
0 0.65234375 0.626953125 0.6484375 0.712890625 0.693359375 0.71484375 0.697265625 0.62890625
0 0.8671875 1 1 1 1 0.986328125 0.8671875 0.986328125
0 0.875 0.896484375 1 0.8984375 1 0.853515625 0.875 0.8515625
0 0.595703125 0.96484375 0.791015625 0.974609375 0.79296875 0.919921875 0.59765625 0.91015625
0 0.615234375 0.79296875 0.61328125 0.869140625 0.6640625 0.87109375 0.666015625 0.794921875
0 0.83984375 0.822265625 0.841796875 0.771484375 0.666015625 0.767578125 0.666015625 0.81640625
0 0.13671875 0.681640625 0.13671875 0.58984375 0.03515625 0.58984375 0.03515625 0.681640625 0.13671875 0.681640625
0 0.87109375 0.197265625 0.86328125 0.109375 0.775390625 0.115234375 0.78125 0.203125 0.87109375 0.197265625
0 0.53125 0.029296875 0.53125 0 0.431640625 0 0.431640625 0.029296875 0.53125 0.029296875
0 0.28515625 0.998046875 0.28515625 0.958984375 0.1015625 0.9609375 0.1015625 0.998046875 0.28515625 0.998046875