0 0.1015625 0.2109375 0.107421875 0.2265625 0.080078125 0.23828125 0.07421875 0.220703125 0.05078125 0.23046875 0.05859375 0.25 0.029296875 0.26171875 0.056640625 0.326171875 0.193359375 0.26953125 0.16796875 0.205078125 0.134765625 0.21875 0.126953125 0.19921875
0 0.369140625 0.09765625 0.376953125 0.115234375 0.32421875 0.134765625 0.318359375 0.1171875 0.2890625 0.12890625 0.294921875 0.146484375 0.25390625 0.162109375 0.279296875 0.224609375 0.45703125 0.15625 0.431640625 0.09375 0.400390625 0.10546875 0.39453125 0.087890625
0 0.568359375 0.27734375 0.576171875 0.29296875 0.548828125 0.3046875 0.541015625 0.287109375 0.517578125 0.296875 0.525390625 0.31640625 0.49609375 0.328125 0.521484375 0.392578125 0.66015625 0.3359375 0.6328125 0.271484375 0.6015625 0.28515625 0.59375 0.265625
0 0.34375 0.478515625 0.349609375 0.494140625 0.298828125 0.513671875 0.291015625 0.498046875 0.263671875 0.509765625 0.26953125 0.525390625 0.228515625 0.541015625 0.251953125 0.603515625 0.4296875 0.537109375 0.40625 0.47265625 0.375 0.486328125 0.3671875 0.46875
0 0.9296875 0.458984375 0.923828125 0.4453125 0.876953125 0.46484375 0.884765625 0.478515625 0.82421875 0.50390625 0.818359375 0.48828125 0.7734375 0.5078125 0.779296875 0.5234375 0.734375 0.541015625 0.759765625 0.599609375 0.9921875 0.50390625 0.96875 0.443359375
0 0.74609375 0.6875 0.740234375 0.673828125 0.693359375 0.693359375 0.69921875 0.70703125 0.640625 0.732421875 0.634765625 0.716796875 0.58984375 0.736328125 0.595703125 0.751953125 0.55078125 0.76953125 0.57421875 0.828125 0.80859375 0.732421875 0.783203125 0.673828125
0 0.93359375 0.111328125 0.94140625 0.130859375 0.916015625 0.142578125 0.90625 0.12109375 0.880859375 0.1328125 0.888671875 0.150390625 0.859375 0.1640625 0.884765625 0.228515625 1 0.1796875 1 0.115234375 0.99609375 0.107421875 0.96484375 0.119140625 0.95703125 0.1015625
0 0 0.5234375 0 0.80078125 0.0546875 0.8046875 0.056640625 0.76953125 0.033203125 0.7109375 0.060546875 0.701171875 0.0703125 0.533203125 0.02734375 0.55078125 0.001953125 0.490234375
0 0.12109375 0.513671875 0.09765625 0.451171875 0.001953125 0.490234375 0.02734375 0.55078125 0.0703125 0.533203125
0 0.123046875 0.67578125 0.033203125 0.7109375 0.05859375 0.771484375 0.146484375 0.734375
0 0.29296875 0.80859375 0.318359375 0.875 0.439453125 0.828125 0.412109375 0.76171875
0 0.970703125 0.8359375 0.55859375 0.9921875 0.560546875 1 0.666015625 1 0.98828125 0.876953125
0 0.958984375 0.8046875 0.732421875 0.890625 0.74609375 0.921875 0.970703125 0.8359375
0 0.681640625 0.91015625 0.546875 0.9609375 0.55859375 0.9921875 0.693359375 0.94140625
0 0.0703125 0.087890625 0.072265625 0 0 0 0 0.087890625 0.0703125 0.087890625