0 0.091796875 0 0.02734375 0 0.02734375 1 0.091796875 1
0 0.443359375 0.025390625 0.443359375 0 0.390625 0 0.390625 0.02734375 0.404296875 0.02734375 0.404296875 0.03125 0.431640625 0.03125 0.431640625 0.025390625
0 0.935546875 0 0.814453125 0 0.814453125 0.005859375 0.89453125 0.005859375 0.89453125 0.048828125 0.935546875 0.048828125 0.935546875 0.005859375
0 0.46484375 0.138671875 0.46484375 0.185546875 0.486328125 0.185546875 0.486328125 0.197265625 0.5234375 0.197265625 0.5234375 0.1875 0.544921875 0.1875 0.544921875 0.197265625 0.583984375 0.197265625 0.583984375 0.1875 0.609375 0.1875 0.609375 0.197265625 0.646484375 0.197265625 0.646484375 0.1875 0.673828125 0.1875 0.673828125 0.197265625 0.705078125 0.197265625 0.705078125 0.1875 0.732421875 0.1875 0.732421875 0.197265625 0.783203125 0.197265625 0.783203125 0.138671875
0 0.361328125 0.005859375 0.361328125 0.072265625 0.375 0.072265625 0.375 0.30078125 0.431640625 0.30078125 0.431640625 0.03125 0.404296875 0.03125 0.404296875 0.02734375 0.390625 0.02734375 0.390625 0.005859375
0 0.779296875 0.32421875 0.779296875 0.376953125 0.806640625 0.376953125 0.806640625 0.38671875 0.822265625 0.38671875 0.822265625 0.380859375 0.876953125 0.380859375 0.876953125 0.38671875 0.90234375 0.38671875 0.90234375 0.384765625 0.9375 0.384765625 0.9375 0.32421875
0 0.3828125 0.30078125 0.3828125 0.38671875 0.474609375 0.38671875 0.474609375 0.3984375 0.5234375 0.3984375 0.5234375 0.388671875 0.552734375 0.388671875 0.552734375 0.3984375 0.6015625 0.3984375 0.6015625 0.388671875 0.634765625 0.388671875 0.634765625 0.3984375 0.685546875 0.3984375 0.685546875 0.388671875 0.69921875 0.388671875 0.69921875 0.341796875 0.673828125 0.341796875 0.673828125 0.33203125 0.640625 0.33203125 0.640625 0.34375 0.59375 0.34375 0.59375 0.33203125 0.5625 0.33203125 0.5625 0.341796875 0.51171875 0.341796875 0.51171875 0.33203125 0.478515625 0.33203125 0.478515625 0.341796875 0.45703125 0.341796875 0.45703125 0.33203125 0.431640625 0.33203125 0.431640625 0.30078125
0 0.62890625 0.525390625 0.62890625 0.53125 0.58984375 0.53125 0.58984375 0.525390625 0.548828125 0.525390625 0.548828125 0.53125 0.509765625 0.53125 0.509765625 0.525390625 0.47265625 0.525390625 0.47265625 0.529296875 0.451171875 0.529296875 0.451171875 0.541015625 0.41015625 0.541015625 0.41015625 0.529296875 0.380859375 0.529296875 0.380859375 0.560546875 0.373046875 0.560546875 0.373046875 0.595703125 0.4140625 0.595703125 0.4140625 0.583984375 0.451171875 0.583984375 0.451171875 0.57421875 0.47265625 0.57421875 0.47265625 0.587890625 0.515625 0.587890625 0.515625 0.57421875 0.54296875 0.57421875 0.54296875 0.587890625 0.595703125 0.587890625 0.595703125 0.57421875 0.623046875 0.57421875 0.623046875 0.587890625 0.677734375 0.587890625 0.677734375 0.57421875 0.689453125 0.57421875 0.689453125 0.53125 0.66796875 0.53125 0.66796875 0.525390625
0 0.373046875 0.865234375 0.421875 0.865234375 0.421875 0.595703125 0.373046875 0.595703125
0 0.720703125 0.72265625 0.720703125 0.73046875 0.697265625 0.73046875 0.697265625 0.72265625 0.59765625 0.72265625 0.59765625 0.73046875 0.568359375 0.73046875 0.568359375 0.72265625 0.5390625 0.72265625 0.5390625 0.73046875 0.51171875 0.73046875 0.51171875 0.72265625 0.474609375 0.72265625 0.474609375 0.732421875 0.462890625 0.732421875 0.462890625 0.771484375 0.478515625 0.771484375 0.478515625 0.779296875 0.509765625 0.779296875 0.509765625 0.771484375 0.5390625 0.771484375 0.5390625 0.779296875 0.58203125 0.779296875 0.58203125 0.771484375 0.59765625 0.771484375 0.59765625 0.779296875 0.638671875 0.779296875 0.638671875 0.771484375 0.65234375 0.771484375 0.65234375 0.779296875 0.6953125 0.779296875 0.6953125 0.771484375 0.72265625 0.771484375 0.72265625 0.779296875 0.75390625 0.779296875 0.75390625 0.771484375 0.767578125 0.771484375 0.767578125 0.732421875 0.751953125 0.732421875 0.751953125 0.72265625
0 0.935546875 0.580078125 0.935546875 0.53515625 0.767578125 0.53515625 0.767578125 0.580078125 0.794921875 0.580078125 0.794921875 0.59375 0.81640625 0.59375 0.81640625 0.580078125 0.87890625 0.580078125 0.87890625 0.59375 0.89453125 0.59375 0.89453125 0.580078125
0 0.869140625 0.724609375 0.869140625 0.779296875 1 0.779296875 1 0.724609375
0 0.99609375 0.912109375 0.99609375 0.919921875 0.96484375 0.919921875 0.96484375 0.912109375 0.93359375 0.912109375 0.93359375 0.919921875 0.904296875 0.919921875 0.904296875 0.912109375 0.869140625 0.912109375 0.869140625 0.919921875 0.849609375 0.919921875 0.849609375 0.943359375 0.85546875 0.943359375 0.85546875 0.966796875 1 0.966796875 1 0.912109375
0 0.724609375 0.916015625 0.724609375 0.921875 0.67578125 0.921875 0.67578125 0.916015625 0.646484375 0.916015625 0.646484375 0.919921875 0.619140625 0.919921875 0.619140625 0.962890625 0.78125 0.962890625 0.78125 0.919921875 0.751953125 0.919921875 0.751953125 0.916015625
0 0.400390625 0.884765625 0.400390625 0.890625 0.38671875 0.890625 0.38671875 0.947265625 0.3984375 0.947265625 0.3984375 0.970703125 0.5859375 0.970703125 0.5859375 0.927734375 0.572265625 0.927734375 0.572265625 0.919921875 0.5390625 0.919921875 0.5390625 0.927734375 0.51171875 0.927734375 0.51171875 0.919921875 0.478515625 0.919921875 0.4765625 0.927734375 0.466796875 0.927734375 0.466796875 0.919921875 0.439453125 0.919921875 0.439453125 0.890625 0.427734375 0.890625 0.427734375 0.884765625