0 0 0.498046875 0 0.546875 0.1640625 0.548828125 0.1640625 0.498046875
0 0.169921875 0.435546875 0.169921875 0.37890625 0 0.376953125 0 0.435546875
0 0.20703125 0.38671875 0.20703125 0.5625 0.255859375 0.5625 0.255859375 0.38671875
0 0 0.634765625 0 0.671875 0.25 0.673828125 0.25 0.634765625
0 0.20703125 0.5625 0.20703125 0.560546875 0.171875 0.560546875 0.171875 0.576171875 0.125 0.576171875 0.125 0.634765625 0.2421875 0.634765625 0.2421875 0.5625
0 0 0.828125 0 0.873046875 0.140625 0.873046875 0.140625 0.828125
0 0.12890625 0.794921875 0.12890625 0.740234375 0 0.740234375 0 0.794921875
0 0.8046875 0.525390625 0.744140625 0.525390625 0.744140625 0.5859375 0.369140625 0.5859375 0.369140625 0.6484375 0.8046875 0.6484375
0 0.607421875 0.40234375 0.607421875 0.419921875 0.3671875 0.419921875 0.3671875 0.5625 0.419921875 0.5625 0.421875 0.490234375 0.40625 0.490234375 0.40625 0.474609375 0.607421875 0.474609375 0.607421875 0.458984375 0.814453125 0.4609375 0.814453125 0.404296875
0 0.37109375 0.30078125 0.591796875 0.302734375 0.591796875 0.248046875 0.373046875 0.248046875
0 0.8125 0 0.693359375 0 0.6953125 0.08203125 0.8125 0.08203125
0 0 0.0859375 0.216796875 0.0859375 0.216796875 0.03125 0 0.03125
0 0.21484375 0 0.14453125 0 0.14453125 0.03125 0.21484375 0.03125
0 0.025390625 0.974609375 0.02734375 0.916015625 0 0.9140625 0 0.97265625
0 0.0703125 0.921875 0.0703125 0.994140625 0.150390625 0.994140625 0.150390625 0.921875
0 0.173828125 0.75390625 0.173828125 1 0.23046875 1 0.23046875 0.75390625
0 0.92578125 0.373046875 0.919921875 0.666015625 1 0.666015625 1 0.373046875
0 0.92578125 0.373046875 0.88671875 0.373046875 0.880859375 0.6640625 0.919921875 0.666015625 0.919921875 0.654296875
0 0.939453125 0.97265625 1 0.97265625 1 0.75 0.943359375 0.75
0 0.90625 0.75 0.904296875 0.970703125 0.939453125 0.97265625 0.943359375 0.75
0 0.9375 0.15625 0.90625 0.15625 0.90625 0.21875 0.927734375 0.220703125 0.92578125 0.248046875 1 0.248046875 1 0.1875 0.9609375 0.1875 0.958984375 0.201171875 0.9375 0.201171875
0 0.369140625 0.87890625 0.369140625 1 0.59765625 1 0.828125 0.998046875 0.828125 0.939453125 0.4296875 0.943359375 0.4296875 0.87890625
0 0.373046875 0.810546875 0.79296875 0.8125 0.79296875 0.82421875 0.771484375 0.822265625 0.76953125 0.8984375 0.78515625 0.8984375 0.83203125 0.896484375 0.822265625 0.751953125 0.373046875 0.75
0 0.404296875 0.07421875 0.537109375 0.07421875 0.537109375 0.033203125 0.404296875 0.033203125 0.404296875 0.046875 0.359375 0.046875 0.359375 0.193359375 0.404296875 0.19140625
0 0.5546875 0.212890625 0.599609375 0.21484375 0.6015625 0.05859375 0.556640625 0.05859375
0 0.208984375 0.13671875 0.20703125 0.240234375 0.130859375 0.240234375 0.130859375 0.23046875 0.080078125 0.23046875 0.080078125 0.23828125 0 0.23828125 0 0.279296875 0.20703125 0.283203125 0.20703125 0.251953125 0.248046875 0.25390625 0.25 0.138671875
0 0.16015625 0.16015625 0.16015625 0.12109375 0.0078125 0.123046875 0.0078125 0.16015625
0 0.68359375 0.08203125 0.68359375 0 0.62890625 0 0.62890625 0.08203125 0.68359375 0.08203125
0 0.666015625 0.314453125 0.6640625 0.220703125 0.60546875 0.22265625 0.607421875 0.314453125 0.666015625 0.314453125