0 0.220703125 0.96875 0.232421875 0.98046875 0.240234375 0.970703125 0.228515625 0.9609375
0 0.228515625 0.9609375 0.203125 0.939453125 0.181640625 0.962890625 0.208984375 0.984375 0.220703125 0.96875
0 0.0234375 0.98828125 0.01953125 1 0.068359375 1
0 0.029296875 0.966796875 0.033203125 0.94921875 0 0.939453125 0 0.95703125
0 0 0.95703125 0 1 0.01953125 1 0.029296875 0.966796875
0 0.033203125 0.94921875 0.0234375 0.98828125 0.06640625 1 0.08203125 1 0.091796875 0.966796875
0 0.533203125 0.84375 0.568359375 0.84375 0.568359375 0.826171875 0.533203125 0.828125
0 0.552734375 0.787109375 0.552734375 0.826171875 0.6015625 0.828125 0.6015625 0.787109375
0 0.603515625 0.78125 0.638671875 0.7578125 0.603515625 0.701171875 0.568359375 0.724609375
0 0.580078125 0.666015625 0.544921875 0.6875 0.568359375 0.724609375 0.603515625 0.701171875
0 0.392578125 0.681640625 0.427734375 0.654296875 0.404296875 0.62109375 0.3671875 0.6484375
0 0.4765625 0.5859375 0.50390625 0.572265625 0.4765625 0.51953125 0.44921875 0.53515625
0 0.521484375 0.640625 0.544921875 0.625 0.513671875 0.580078125 0.4921875 0.595703125
0 0.638671875 0.6328125 0.662109375 0.609375 0.6328125 0.58203125 0.611328125 0.60546875
0 0.72265625 0.658203125 0.67578125 0.62109375 0.65234375 0.6484375 0.69921875 0.6875 0.71875 0.662109375
0 0.736328125 0.716796875 0.755859375 0.693359375 0.71875 0.662109375 0.69921875 0.6875
0 0.70703125 0.568359375 0.740234375 0.5546875 0.73046875 0.529296875 0.697265625 0.54296875
0 0.732421875 0.529296875 0.72265625 0.50390625 0.6875 0.517578125 0.697265625 0.54296875 0.73046875 0.529296875
0 0.703125 0.51171875 0.697265625 0.5 0.68359375 0.505859375 0.6875 0.517578125
0 0.91015625 0.541015625 0.947265625 0.529296875 0.93359375 0.484375 0.896484375 0.49609375
0 0.7109375 0.4609375 0.75 0.4453125 0.734375 0.40234375 0.6953125 0.41796875
0 0.525390625 0.537109375 0.556640625 0.5078125 0.521484375 0.470703125 0.490234375 0.5
0 0.486328125 0.494140625 0.517578125 0.466796875 0.5078125 0.455078125 0.4765625 0.482421875
0 0.443359375 0.53515625 0.466796875 0.51953125 0.45703125 0.505859375 0.43359375 0.521484375
0 0.3671875 0.458984375 0.34765625 0.470703125 0.392578125 0.546875 0.43359375 0.521484375 0.408203125 0.478515625 0.388671875 0.490234375 0.375 0.466796875
0 0.509765625 0.38671875 0.505859375 0.33203125 0.458984375 0.3359375 0.462890625 0.390625 0.47265625 0.390625
0 0.44921875 0.388671875 0.447265625 0.41796875 0.484375 0.419921875 0.484375 0.390625 0.47265625 0.390625 0.462890625 0.390625
0 0.748046875 0.404296875 0.75390625 0.427734375 0.765625 0.423828125 0.759765625 0.400390625