0 0.134765625 0.59375 0 0.603515625 0 1 0.1640625 1
0 0.707687319015444 0.5536996259652508 0.701827944015444 0.432605875965251 0.627609194015444 0.436512125965251 0.633468569015444 0.5576058759652508
0 0.20838583669354832 0.9469821068548386 0.2689327116935483 0.9411227318548386 0.2591670866935483 0.8239352318548386 0.19666708669354832 0.8297946068548386
0 0.005859375 0.287109375 0.00390625 0.310546875 0.025390625 0.310546875 0.021484375 0.375 0.0390625 0.376953125 0.04296875 0.2890625
0 0 0.384765625 0 0.419921875 0.01953125 0.423828125 0.025390625 0.390625
0 0.046434137139107615 0.5051980807086613 0.11088726213910761 0.48957308070866146 0.10307476213910761 0.45441683070866146 0.038621637139107615 0.47004183070866146
0 0.06677021817585302 0.41828145505249337 0.06677021817585302 0.44757833005249337 0.15856709317585302 0.44953145505249337 0.15856709317585302 0.42023458005249337
0 0.16052021817585302 0.37335958005249337 0.16052021817585302 0.34796895505249337 0.06872334317585302 0.34601583005249337 0.06872334317585302 0.37140645505249337
0 0.06872334317585302 0.37140645505249337 0.06677021817585302 0.41828145505249337 0.16442646817585302 0.42023458005249337 0.16637959317585302 0.37335958005249337 0.16052021817585302 0.37335958005249337
0 0.07458271817585302 0.30500020505249337 0.07458271817585302 0.33039083005249337 0.17223896817585302 0.33429708005249337 0.17223896817585302 0.30890645505249337
0 0.07848896817585302 0.22101583005249342 0.07653584317585302 0.25617208005249337 0.17809834317585302 0.26007833005249337 0.18005146817585302 0.22687520505249342
0 0.18395771817585302 0.12726583005249345 0.08044209317585302 0.12335958005249345 0.07653584317585302 0.18390645505249342 0.18200459317585302 0.18781270505249342
0 0.06872334317585302 0.18195333005249342 0.06677021817585302 0.22101583005249342 0.18005146817585302 0.22687520505249342 0.18200459317585302 0.18781270505249342 0.07653584317585302 0.18390645505249342
0 0.75390625 0.994140625 0.732421875 0.59765625 0.67578125 0.6015625 0.697265625 0.998046875
0 0.8967363911290324 0.7532762096774193 0.998046875 0.7504410282258065 0.998046875 0.634671118951613 0.8850176411290324 0.6360887096774193