0 0.31640625 0.03125 0.357421875 0.0546875 0.388671875 0 0.333984375 0
0 0.16796875 0.01171875 0.208984375 0.025390625 0.21875 0.001953125 0.212890625 0 0.171875 0
0 0.587890625 0.333984375 0.669921875 0.3671875 0.69140625 0.314453125 0.66796875 0.3046875 0.66015625 0.32421875 0.6015625 0.30078125
0 0.564453125 0.384765625 0.634765625 0.4140625 0.6484375 0.380859375 0.578125 0.3515625
0 0.529296875 0.28515625 0.578125 0.30078125 0.58984375 0.263671875 0.541015625 0.248046875
0 0.630859375 0.220703125 0.66015625 0.232421875 0.677734375 0.1875 0.6484375 0.177734375 0.63671875 0.201171875
0 0.556640625 0.140625 0.546875 0.166015625 0.63671875 0.201171875 0.6484375 0.177734375
0 0.658203125 0.111328125 0.68359375 0.123046875 0.736328125 0 0.705078125 0
0 0.541015625 0.037109375 0.583984375 0.06640625 0.630859375 0 0.56640625 0
0 0.103515625 0.646484375 0 0.6015625 0 0.650390625 0.01171875 0.65625 0.017578125 0.642578125 0.091796875 0.673828125 0.095703125 0.66015625
0 0.01171875 0.65625 0 0.68359375 0 0.826171875 0.0625 0.6796875
0 0 0.888671875 0 1 0.01953125 1 0.154296875 0.685546875 0.095703125 0.66015625 0.091796875 0.673828125
0 0.916015625 0.345703125 0.982421875 0.373046875 1 0.328125 0.93359375 0.302734375
0 0.998046875 0.58203125 0.998046875 0.486328125 0.96875 0.486328125 0.96875 0.58203125 0.998046875 0.58203125
0 0.96484375 0.294921875 0.984375 0.2421875 0.947265625 0.228515625 0.9296875 0.28125 0.96484375 0.294921875
0 0.365234375 0.123046875 0.376953125 0.087890625 0.32421875 0.072265625 0.3125 0.10546875 0.365234375 0.123046875
0 0.43359375 0.150390625 0.4453125 0.119140625 0.41015625 0.107421875 0.3984375 0.138671875 0.43359375 0.150390625
0 0.955078125 0.46484375 0.970703125 0.427734375 0.94140625 0.416015625 0.92578125 0.453125 0.955078125 0.46484375