0 1 0.85546875 1 0.728515625 0.978515625 0.728515625 0.978515625 0.85546875
0 0.970703125 0.185546875 0.984375 0.185546875 0.984375 0.123046875 1 0.123046875 1 0 0.970703125 0
0 0.794921875 0.103515625 0.845703125 0.103515625 0.845703125 0 0.794921875 0
0 0.845703125 0.103515625 0.6796875 0.103515625 0.6796875 0.16015625 0.845703125 0.16015625
0 0.84765625 0.2890625 0.68359375 0.2890625 0.68359375 0.349609375 0.84765625 0.349609375
0 0.84765625 0.16015625 0.79296875 0.16015625 0.79296875 0.2890625 0.84765625 0.2890625
0 0.15625 0.158203125 0.15625 0.107421875 0 0.107421875 0 0.158203125
0 0.1875 0.162109375 0.380859375 0.162109375 0.380859375 0.103515625 0.1875 0.103515625
0 0.427734375 0.1640625 0.650390625 0.1640625 0.650390625 0.103515625 0.427734375 0.103515625
0 0.42578125 0.2890625 0.42578125 0.349609375 0.6484375 0.349609375 0.6484375 0.2890625
0 0.03125 0.2890625 0.03125 0.345703125 0.376953125 0.345703125 0.376953125 0.2890625
0 0.224609375 0.490234375 0.224609375 0.55078125 0.578125 0.55078125 0.578125 0.490234375
0 0.845703125 0.5 0.630859375 0.5 0.630859375 0.5625 0.845703125 0.5625
0 0.84765625 0.685546875 0.625 0.685546875 0.625 0.7421875 0.84765625 0.7421875
0 0.39453125 0.69140625 0.39453125 0.75 0.57421875 0.75 0.57421875 0.69140625
0 0.79296875 0.5625 0.79296875 0.66796875 0.845703125 0.66796875 0.845703125 0.5625
0 0.796875 0.853515625 0.84765625 0.853515625 0.84765625 0.7421875 0.794921875 0.7421875
0 0.673828125 0.869140625 0.673828125 0.9296875 0.849609375 0.9296875 0.849609375 0.869140625
0 0.3984375 0.02734375 0.3984375 0 0.05078125 0 0.05078125 0.02734375 0.3984375 0.02734375
0 0.150390625 0.998046875 0.1484375 0.91015625 0.013671875 0.912109375 0.015625 1 0.150390625 0.998046875