0 0.37890625 0.24609375 0.35546875 0.24609375 0.353515625 0.2890625 0.31640625 0.287109375 0.31640625 0.322265625 0.53125 0.328125 0.533203125 0.294921875 0.5078125 0.29296875 0.509765625 0.25 0.482421875 0.248046875 0.482421875 0.255859375 0.4765625 0.255859375 0.4765625 0.283203125 0.435546875 0.283203125 0.4375 0.25390625 0.42578125 0.25390625 0.423828125 0.26953125 0.412109375 0.26953125 0.412109375 0.28125 0.37890625 0.28125 0.37890625 0.251953125
0 0.185546875 0.373046875 0.185546875 0.39453125 0.166015625 0.39453125 0.1640625 0.412109375 0.15625 0.412109375 0.15625 0.435546875 0.1640625 0.435546875 0.1640625 0.453125 0.310546875 0.45703125 0.310546875 0.439453125 0.31640625 0.439453125 0.31640625 0.416015625 0.310546875 0.416015625 0.3125 0.3984375 0.302734375 0.3984375 0.3046875 0.376953125 0.271484375 0.375 0.271484375 0.40625 0.205078125 0.404296875 0.20703125 0.373046875
0 0.373046875 0.54296875 0.34765625 0.54296875 0.34765625 0.568359375 0.33203125 0.568359375 0.33203125 0.578125 0.3203125 0.578125 0.3203125 0.603515625 0.330078125 0.603515625 0.330078125 0.623046875 0.474609375 0.626953125 0.4765625 0.607421875 0.482421875 0.609375 0.482421875 0.58203125 0.4765625 0.58203125 0.4765625 0.572265625 0.4609375 0.572265625 0.462890625 0.546875 0.439453125 0.544921875 0.4375 0.580078125 0.427734375 0.580078125 0.427734375 0.57421875 0.384765625 0.57421875 0.384765625 0.580078125 0.373046875 0.578125 0.373046875 0.568359375
0 0.203125 0.673828125 0.177734375 0.671875 0.17578125 0.69921875 0.162109375 0.69921875 0.16015625 0.70703125 0.150390625 0.70703125 0.1484375 0.734375 0.16015625 0.734375 0.16015625 0.751953125 0.3046875 0.7578125 0.3046875 0.73828125 0.310546875 0.73828125 0.3125 0.712890625 0.306640625 0.7109375 0.306640625 0.703125 0.291015625 0.701171875 0.291015625 0.67578125 0.267578125 0.67578125 0.267578125 0.7109375 0.255859375 0.7109375 0.255859375 0.705078125 0.21484375 0.703125 0.21484375 0.708984375 0.201171875 0.708984375 0.203125 0.69921875
0 0.357421875 0.810546875 0.357421875 0.8203125 0.298828125 0.8203125 0.298828125 0.86328125 0.431640625 0.8671875 0.431640625 0.82421875 0.376953125 0.822265625 0.376953125 0.810546875
0 0.197265625 0.94140625 0.197265625 0.951171875 0.140625 0.94921875 0.140625 0.994140625 0.267578125 0.998046875 0.26953125 0.953125 0.224609375 0.951171875 0.224609375 0.94140625
0 0.421875 0.947265625 0.37109375 0.94140625 0.365234375 1 0.416015625 1
0 0.4375 0.802734375 0.451171875 0.70703125 0.40625 0.69921875 0.390625 0.794921875
0 0.560546875 0.255859375 0.5078125 0.255859375 0.5078125 0.29296875 0.533203125 0.294921875 0.53125 0.328125 0.46875 0.326171875 0.42578125 0.48046875 0.5 0.501953125 0.55859375 0.294921875 0.55859375 0.29296875
0 0.37890625 0.28125 0.412109375 0.28125 0.412109375 0.26953125 0.423828125 0.26953125 0.42578125 0.25390625 0.4375 0.25390625 0.435546875 0.283203125 0.4765625 0.283203125 0.4765625 0.255859375 0.482421875 0.255859375 0.482421875 0.25390625 0.37890625 0.251953125
0 0.318359375 0.25 0.31640625 0.287109375 0.353515625 0.2890625 0.35546875 0.25
0 0.619140625 0.576171875 0.744140625 0.61328125 0.75390625 0.580078125 0.62890625 0.54296875
0 0.82421875 0.765625 1 0.814453125 1 0.7578125 0.83984375 0.712890625
0 0.779296875 0.900390625 0.94921875 0.94921875 0.96484375 0.892578125 0.794921875 0.845703125
0 0.73046875 1 0.849609375 1 0.740234375 0.96875
0 0.904296875 0.5546875 0.900390625 0.5703125 0.859375 0.55859375 0.841796875 0.615234375 1 0.658203125 1 0.58984375 0.998046875 0.59765625 0.91796875 0.576171875 0.923828125 0.560546875
0 0.765625 0.291015625 0.755859375 0.326171875 0.7265625 0.318359375 0.712890625 0.36328125 0.892578125 0.4140625 0.904296875 0.369140625 0.880859375 0.361328125 0.890625 0.326171875 0.857421875 0.31640625 0.849609375 0.34765625 0.794921875 0.33203125 0.802734375 0.30078125