0 0.072265625 1 0.181640625 1 0.09765625 0.955078125
0 0.08203125 0.033203125 0.099609375 0 0.0234375 0
0 0.74609375 0.890625 0.638671875 0.828125 0.591796875 0.91015625 0.69921875 0.97265625 0.724609375 0.927734375
0 0 0.486328125 0 0.578125 0.052734375 0.609375 0.078125 0.564453125 0.056640625 0.552734375 0.0703125 0.52734375 0.05078125 0.517578125 0.04296875 0.529296875 0.0078125 0.509765625 0.015625 0.49609375
0 0.271484375 0.673828125 0.263671875 0.685546875 0.283203125 0.6953125 0.2890625 0.685546875
0 0.046875 0.619140625 0.197265625 0.705078125 0.212890625 0.6796875 0.19921875 0.673828125 0.21484375 0.646484375 0.240234375 0.662109375 0.2421875 0.658203125 0.078125 0.564453125
0 0.34375 0.8046875 0.40625 0.6953125 0.369140625 0.673828125 0.3046875 0.783203125
0 0.25 0.64453125 0.240234375 0.662109375 0.21484375 0.646484375 0.19921875 0.673828125 0.212890625 0.6796875 0.197265625 0.705078125 0.30078125 0.763671875 0.314453125 0.73828125 0.326171875 0.74609375 0.341796875 0.71875 0.3125 0.703125 0.322265625 0.685546875 0.296875 0.669921875 0.283203125 0.6953125 0.263671875 0.685546875 0.279296875 0.66015625
0 0.677734375 0.759765625 0.677734375 0.76171875 0.638671875 0.828125 0.74609375 0.890625 0.724609375 0.927734375 1 0.841796875 1 0.69921875 0.9765625 0.70703125 0.966796875 0.671875
0 0.77734375 0.310546875 0.55859375 0.31640625 0.560546875 0.369140625 0.587890625 0.3671875 0.58984375 0.37890625 0.6328125 0.376953125 0.6328125 0.3671875 0.708984375 0.365234375 0.708984375 0.375 0.748046875 0.373046875 0.748046875 0.36328125 0.77734375 0.36328125 0.77734375 0.32421875
0 0.890625 0.369140625 0.888671875 0.3203125 0.77734375 0.32421875 0.779296875 0.37109375 0.798828125 0.37109375 0.798828125 0.3828125 0.87109375 0.380859375 0.869140625 0.369140625
0 0.529296875 0.056640625 0.52734375 0 0.31640625 0.005859375 0.31640625 0.0625 0.33203125 0.0625 0.33203125 0.07421875 0.375 0.072265625 0.375 0.0625 0.4453125 0.060546875 0.4453125 0.0703125 0.494140625 0.0703125 0.494140625 0.05859375
0 0.421875 0.412109375 0.419921875 0.3515625 0.314453125 0.353515625 0.31640625 0.4140625
0 0.91015625 0.53515625 0.908203125 0.484375 0.689453125 0.4921875 0.689453125 0.541015625 0.712890625 0.541015625 0.71484375 0.55078125 0.755859375 0.55078125 0.755859375 0.5390625 0.8203125 0.537109375 0.822265625 0.548828125 0.875 0.546875 0.873046875 0.537109375
0 0.8984375 0.201171875 0.8984375 0.150390625 0.783203125 0.154296875 0.78515625 0.205078125 0.810546875 0.203125 0.810546875 0.216796875 0.8671875 0.21484375 0.8671875 0.203125
0 0.689453125 0.53515625 0.689453125 0.478515625 0.5703125 0.482421875 0.572265625 0.537109375 0.595703125 0.537109375 0.595703125 0.546875 0.66015625 0.544921875 0.658203125 0.53515625
0 0.314453125 0.18359375 0.205078125 0.1875 0.20703125 0.2421875 0.21875 0.2421875 0.21875 0.25390625 0.279296875 0.251953125 0.279296875 0.240234375 0.314453125 0.23828125 0.314453125 0.23046875
0 0.783203125 0.142578125 0.564453125 0.1484375 0.56640625 0.208984375 0.78515625 0.203125
0 0.90625 0.041015625 0.90625 0 0.78125 0 0.783203125 0.04296875 0.80859375 0.04296875 0.810546875 0.05859375 0.869140625 0.056640625 0.8671875 0.041015625
0 0.419921875 0.2265625 0.419921875 0.17578125 0.3125 0.177734375 0.314453125 0.23046875 0.337890625 0.228515625 0.337890625 0.2421875 0.39453125 0.240234375 0.39453125 0.2265625
0 0.31640625 0.4140625 0.314453125 0.359375 0.1953125 0.361328125 0.1953125 0.41796875 0.224609375 0.41796875 0.224609375 0.4296875 0.275390625 0.427734375 0.275390625 0.416015625
0 0.31640625 0.0625 0.31640625 0.01171875 0.189453125 0.015625 0.189453125 0.06640625 0.22265625 0.06640625 0.22265625 0.078125 0.27734375 0.076171875 0.27734375 0.064453125
0 0.673828125 0.0390625 0.705078125 0.0390625 0.705078125 0.05078125 0.755859375 0.048828125 0.75390625 0.037109375 0.783203125 0.037109375 0.78125 0 0.671875 0
0 0.955078125 0.228515625 0.931640625 0.26953125 0.951171875 0.28125 0.93359375 0.3125 0.978515625 0.33984375 0.974609375 0.349609375 1 0.36328125 1 0.251953125
0 0.53515625 0.9296875 0.5625 0.875 0.376953125 0.775390625 0.34765625 0.828125 0.53515625 0.9296875