0 0.05078125 0.048828125 0.04296875 0.017578125 0.03125 0 0 0 0 0.0625
0 0.767578125 0.283203125 0.740234375 0.2109375 0.359375 0.359375 0.388671875 0.431640625 0.3984375 0.427734375
0 0.689453125 0.08984375 0.671875 0.048828125 0.2890625 0.205078125 0.306640625 0.248046875 0.314453125 0.244140625
0 0.359375 0.2265625 0.314453125 0.244140625 0.359375 0.359375 0.404296875 0.341796875
0 0.666015625 0.099609375 0.62890625 0.115234375 0.67578125 0.236328125 0.712890625 0.220703125
0 0.49609375 0.0859375 0.43359375 0.111328125 0.447265625 0.140625 0.509765625 0.115234375
0 0.32421875 0.134765625 0.279296875 0.15234375 0.298828125 0.201171875 0.34375 0.18359375
0 0.62890625 0.00390625 0.58984375 0.01953125 0.611328125 0.072265625 0.6484375 0.05859375
0 0.7734375 0.001953125 0.775390625 0.005859375 0.775390625 0.009765625 0.77734375 0.013671875 0.779296875 0.017578125 0.783203125 0.021484375 0.787109375 0.025390625 0.791015625 0.02734375 0.794921875 0.02734375 1 0.11328125 1 0 0.7734375 0
0 0.955078125 0.095703125 0.935546875 0.142578125 0.998046875 0.169921875 1 0.1640625 1 0.11328125
0 0.935546875 0.142578125 0.908203125 0.208984375 0.970703125 0.236328125 0.998046875 0.169921875
0 0.828125 0.1328125 0.8359375 0.15234375 0.849609375 0.166015625 0.85546875 0.169921875 0.86328125 0.171875 0.87109375 0.173828125 0.87890625 0.173828125 0.888671875 0.171875 0.89453125 0.169921875 0.90234375 0.166015625 0.908203125 0.16015625 0.919921875 0.146484375 0.923828125 0.126953125 0.921875 0.111328125 0.9140625 0.09765625 0.90625 0.087890625 0.900390625 0.083984375 0.892578125 0.080078125 0.884765625 0.078125 0.875 0.078125 0.8671875 0.078125 0.859375 0.080078125 0.8515625 0.083984375 0.845703125 0.087890625 0.83984375 0.09375 0.833984375 0.099609375 0.830078125 0.107421875
0 0.330078125 0.765625 0.306640625 0.6953125 0 0.794921875 0 0.873046875 0.005859375 0.873046875
0 0.2109375 0.8046875 0.28515625 1 0.376953125 1 0.291015625 0.779296875
0 0.115234375 0.8359375 0.005859375 0.873046875 0.0546875 1 0.177734375 1
0 0.224609375 0.83984375 0.171875 0.861328125 0.224609375 1 0.287109375 1
0 0.048828125 0.462890625 0.0625 0.498046875 0.064453125 0.50390625 0.068359375 0.513671875 0.072265625 0.52734375 0.03515625 0.541015625 0.025390625 0.509765625 0.060546875 0.498046875 0.046875 0.462890625 0 0.48046875 0 0.56640625 0.00390625 0.578125 0 0.578125 0 0.677734375 0.0546875 0.65625 0.060546875 0.67578125 0.0859375 0.6640625 0.080078125 0.646484375 0.126953125 0.626953125 0.1328125 0.64453125 0.15625 0.634765625 0.150390625 0.6171875 0.201171875 0.59765625 0.20703125 0.611328125 0.234375 0.599609375 0.19921875 0.513671875 0.2890625 0.4765625 0.27734375 0.44921875 0.248046875 0.4609375 0.234375 0.42578125 0.265625 0.4140625 0.251953125 0.37890625 0.23046875 0.388671875 0.216796875 0.357421875 0.23828125 0.34765625 0.21875 0.30078125 0.19921875 0.30859375 0.1875 0.279296875 0.20703125 0.271484375 0.1875 0.224609375 0.16796875 0.232421875 0.15625 0.203125 0.10546875 0.224609375 0.115234375 0.244140625 0.064453125 0.263671875 0.08203125 0.3046875 0.130859375 0.28515625 0.1484375 0.330078125 0.0078125 0.38671875 0.025390625 0.431640625 0.03515625 0.427734375 0.0390625 0.435546875 0.078125 0.419921875 0.0703125 0.404296875 0.171875 0.365234375 0.185546875 0.400390625 0.083984375 0.4375 0.078125 0.421875 0.0390625 0.4375 0.048828125 0.4609375