0 0.4375 0.0546875 0.60546875 0.0546875 0.60546875 0.119140625 0.4375 0.119140625
0 0.494140625 0.322265625 0.6640625 0.322265625 0.6640625 0.37890625 0.494140625 0.37890625
0 0.49609375 0.4453125 0.671875 0.4453125 0.671875 0.501953125 0.49609375 0.501953125
0 0.4765625 0.578125 0.712890625 0.578125 0.712890625 0.630859375 0.4765625 0.630859375
0 0.162109375 0.19140625 0.34375 0.19140625 0.34375 0.267578125 0.162109375 0.267578125
0 0.00390625 0.216796875 0.14453125 0.216796875 0.14453125 0.265625 0.00390625 0.265625
0 0.166015625 0.06640625 0.3359375 0.06640625 0.3359375 0.146484375 0.166015625 0.146484375
0 0 0 0.1171875 0 0.1314761513157895 0.029194078947368453 0 0.021484375
0 0.001953125 0.09375 0.150390625 0.09375 0.150390625 0.1484375 0.001953125 0.1484375
0 0 0.35546875 0.123046875 0.35546875 0.123046875 0.416015625 0 0.416015625
0 0.1484375 0.3515625 0.3203125 0.3515625 0.3203125 0.41015625 0.1484375 0.41015625
0 0 0.607421875 0.044921875 0.607421875 0.044921875 0.662109375 0 0.662109375
0 0.064453125 0.78125 0.064453125 0.7265625 0.306640625 0.7265625 0.306640625 0.78125
0 0.060546875 0.912109375 0.060546875 0.85546875 0.298828125 0.861328125 0.298828125 0.919921875
0 0 0.482421875 0.08984375 0.482421875 0.08984375 0.5390625 0 0.5390625
0 0.146484375 0.48046875 0.3125 0.48046875 0.3125 0.54296875 0.146484375 0.54296875
0 0.14453125 0.609375 0.3125 0.609375 0.3125 0.669921875 0.14453125 0.669921875
0 0.806640625 0.662109375 0.849609375 0.583984375 0.998046875 0.5760690789473684 0.998046875 0.6562499999999999
0 0.49609375 0.703125 0.73828125 0.703125 0.73828125 0.755859375 0.49609375 0.755859375
0 0.4921875 0.82421875 0.7265625 0.82421875 0.7265625 0.87890625 0.4921875 0.87890625
0 0.873046875 0.404296875 0.9921875 0.3984375 0.99609375 0.46484375 0.9312294407894737 0.47635690789473684 0.876953125 0.46875
0 0.4609375 0.1875 0.62890625 0.1875 0.62890625 0.2421875 0.4609375 0.2421875
0 0.80078125 0.01953125 0.927734375 0 0.94140625 0.03125 0.8125 0.048828125
0 0.634765625 0.078125 0.7890625 0.078125 0.7890625 0.130859375 0.634765625 0.130859375
0 0.640625 0.19140625 0.802734375 0.19140625 0.802734375 0.2421875 0.640625 0.2421875
0 0.69921875 0.447265625 0.853515625 0.447265625 0.853515625 0.505859375 0.69921875 0.505859375
0 0.6875 0.32421875 0.84765625 0.32421875 0.84765625 0.384765625 0.6875 0.384765625
0 0.85546875 0.771484375 0.951171875 0.763671875 0.95703125 0.822265625 0.865234375 0.828125
0 0.078125 0.72265625 0.078125 0.6875 0.134765625 0.6875 0.134765625 0.72265625
0 0.615234375 0.017578125 0.76171875 0.017578125 0.76171875 0.05859375 0.615234375 0.05859375