0 0.626953125 0.923828125 0.765625 1 0.859375 1 0.908203125 0.912109375 0.6953125 0.796875
0 0.734375 0.7265625 0.939453125 0.837890625 0.98046875 0.763671875 0.775390625 0.65234375
0 0.822265625 0.59765625 0.978515625 0.681640625 1 0.640625 1 0.611328125 0.857421875 0.53515625
0 0.67578125 0.404296875 0.404296875 0.890625 0.341796875 1 0.484375 1 0.783203125 0.46484375
0 0.26171875 0.83984375 0.171875 1 0.34375 1 0.392578125 0.9140625
0 0.412109375 0.59765625 0.28515625 0.826171875 0.404296875 0.890625 0.53125 0.6640625
0 0.556640625 0.337890625 0.423828125 0.578125 0.54296875 0.64453125 0.67578125 0.404296875
0 0.04296875 0.884765625 0.158203125 0.947265625 0.50390625 0.328125 0.388671875 0.263671875
0 0 0.951171875 0 1 0.111328125 1 0.005859375 0.94140625
0 0.365234375 0.2265625 0.1875 0.126953125 0 0.462890625 0 0.8828125
0 0.13671875 0.185546875 0.181640625 0.107421875 0 0.00390625 0 0.109375
0 0.046875 0.333984375 0.095703125 0.24609375 0 0.19140625 0 0.306640625
0 0.236328125 0.060546875 0.25390625 0 0.12109375 0
0 0.33984375 0.12109375 0.408203125 0.1640625 0.513671875 0 0.375 0
0 0.228515625 0.080078125 0.341796875 0.11328125 0.375 0 0.251953125 0
0 0.44921875 0.177734375 0.705078125 0.318359375 0.80078125 0.14453125 0.544921875 0.00390625
0 0.638671875 0.013671875 0.744140625 0.072265625 0.783203125 0 0.64453125 0
0 0.982421875 0.47265625 1 0.439453125 1 0.2421875 0.900390625 0.427734375
0 0.92578125 0.154296875 0.98046875 0.18359375 0.994140625 0.158203125 0.939453125 0.12890625
0 0.9140625 0.28515625 0.962890625 0.310546875 1 0.2421875 1 0.22265625 0.958984375 0.201171875
0 1 0.109375 0.998046875 0 0.923828125 0 0.92578125 0.111328125 1 0.109375
0 0.68359375 1 0.68359375 0.96875 0.587890625 0.96875 0.587890625 0.998046875 0.68359375 1