0 0.6875 0.16015625 0.904296875 0.162109375 0.904296875 0.1015625 0.689453125 0.099609375
0 0.640625 0.03515625 0.638671875 0 0.416015625 0 0.41796875 0.0390625 0.46875 0.0390625
0 0.419921875 0.212890625 0.642578125 0.2109375 0.642578125 0.15234375 0.419921875 0.154296875
0 0.46875 0.0390625 0.41796875 0.0390625 0.419921875 0.154296875 0.46875 0.154296875
0 0.927734375 0.470703125 1 0.4921875 1 0.4296875 0.9453125 0.4140625
0 0.720703125 0.400390625 0.8984375 0.4609375 0.916015625 0.404296875 0.740234375 0.345703125
0 0.9453125 0.275390625 1 0.294921875 1 0.234375 0.96484375 0.22265625
0 0.486328125 0.310546875 0.673828125 0.44921875 0.69140625 0.42578125 0.50390625 0.287109375
0 0.6875 0.4609375 0.873046875 0.591796875 0.88671875 0.5703125 0.703125 0.44140625
0 0.90234375 0.615234375 1 0.685546875 1 0.650390625 0.919921875 0.59375
0 0.92578125 0.0234375 0.92578125 0 0.7109375 0 0.7109375 0.021484375 0.92578125 0.0234375
0 0.962890625 0.5859375 0.978515625 0.564453125 0.90625 0.51171875 0.890625 0.53515625 0.962890625 0.5859375