0 0 0.8046875 0 0.8671875 0.033203125 0.876953125 0.046875 0.81640625
0 0.0625 0.728515625 0.076171875 0.662109375 0 0.646484375 0 0.71484375
0 0.083984375 0.580078125 0.095703125 0.525390625 0 0.50390625 0 0.560546875
0 0.111328125 0.408203125 0.123046875 0.353515625 0 0.326171875 0 0.3828125
0 0.15234375 0.2578125 0.1640625 0.20703125 0 0.169921875 0 0.224609375
0 0.1875 0.04296875 0.193359375 0 0 0 0 0.0078125
0 0.408203125 0.029296875 0.404296875 0.04296875 0.380859375 0.0390625 0.369140625 0.08984375 0.626953125 0.14453125 0.638671875 0.09375 0.611328125 0.087890625 0.61328125 0.072265625 0.580078125 0.06640625 0.576171875 0.080078125 0.51953125 0.068359375 0.5234375 0.052734375 0.49609375 0.048828125 0.4921875 0.0625 0.439453125 0.05078125 0.44140625 0.037109375
0 0.787109375 0.12109375 0.78515625 0.1328125 0.7578125 0.12890625 0.748046875 0.1796875 1 0.2265625 1 0.171875 0.990234375 0.171875 0.9921875 0.16015625 0.958984375 0.15234375 0.95703125 0.166015625 0.90234375 0.15625 0.90625 0.142578125 0.87109375 0.13671875 0.869140625 0.1484375 0.822265625 0.140625 0.82421875 0.126953125
0 0.486328125 0.50390625 0.4921875 0.50390625 0.4921875 0.466796875 0.263671875 0.46875 0.263671875 0.525390625 0.486328125 0.5234375
0 0.8203125 0.46875 0.8203125 0.451171875 0.546875 0.4453125 0.544921875 0.48828125 0.552734375 0.48828125 0.552734375 0.505859375 0.8203125 0.509765625 0.8203125 0.4921875 0.828125 0.4921875 0.828125 0.46875
0 0.232421875 0.693359375 0.48828125 0.6953125 0.490234375 0.638671875 0.232421875 0.63671875
0 0.537109375 0.673828125 0.828125 0.677734375 0.828125 0.623046875 0.5390625 0.6171875
0 0.193359375 0.87109375 0.44921875 0.875 0.451171875 0.814453125 0.193359375 0.8125
0 0.494140625 0.86328125 0.806640625 0.8671875 0.806640625 0.8125 0.494140625 0.80859375
0 0.3515625 0.16015625 0.3515625 0.19140625 0.337890625 0.19140625 0.3359375 0.341796875 0.357421875 0.341796875 0.357421875 0.3359375 0.421875 0.3359375 0.423828125 0.162109375
0 0.357421875 0.3359375 0.35546875 0.46875 0.427734375 0.466796875 0.4296875 0.3359375 0.421875 0.3359375
0 1 0.501953125 1 0.435546875 0.970703125 0.431640625 0.958984375 0.49609375
0 0.89453125 0.751953125 1 0.76953125 1 0.6953125 0.90625 0.6796875
0 0.83203125 0.986328125 0.91015625 1 0.98046875 1 0.990234375 0.94921875 0.84375 0.923828125
0 0.234375 1 0.435546875 1 0.435546875 0.994140625 0.234375 0.994140625
0 0.470703125 1 0.767578125 1 0.76953125 0.962890625 0.47265625 0.9609375