0 0.0703125 0.453125 0.02734375 0.697265625 0.19140625 0.7265625 0.185546875 0.7578125 0.064453125 0.736328125 0.041015625 0.748046875 0.037109375 0.767578125 0.044921875 0.787109375 0.21484375 0.81640625 0.21484375 0.8125 0.251953125 0.818359375 0.310546875 0.494140625
0 0 0.3046875 0 0.6484375 0.00390625 0.650390625 0.056640625 0.283203125 0.00390625 0.27734375
0 0.818359375 0.37109375 0.8515625 0.376953125 0.8671875 0.294921875 0.833984375 0.2890625
0 0.10546875 0.0703125 0.451171875 0.111328125 0.45703125 0.060546875 0.111328125 0.01953125
0 0.0859375 0.240234375 0.419921875 0.279296875 0.427734375 0.21875 0.09375 0.1796875
0 0.388671875 0.3984375 0.068359375 0.341796875 0.05078125 0.44921875 0.337890625 0.5 0.376953125 0.462890625
0 0.01171875 0.255859375 0.056640625 0.26171875 0.068359375 0.16015625 0.0234375 0.15625
0 0.5234375 0.169921875 0.78125 0.20703125 0.78515625 0.169921875 0.52734375 0.1328125
0 0.876953125 0.26953125 1 0.2890625 1 0.234375 0.88671875 0.216796875
0 0.80859375 0.578125 1 0.60546875 1 0.544921875 0.81640625 0.517578125
0 0.8046875 0.70703125 1 0.73828125 1 0.69140625 0.8125 0.662109375
0 1 0.8671875 1 0.826171875 0.7890625 0.7890625 0.78125 0.828125
0 0.7890625 1 1 1 1 0.974609375 0.7421875 0.931640625 0.732421875 0.990234375
0 0.712890625 0.345703125 0.708984375 0.369140625 0.6796875 0.365234375 0.67578125 0.390625 0.7421875 0.400390625 0.75 0.3515625
0 0.625 0.4375 0.7265625 0.44921875 0.728515625 0.427734375 0.626953125 0.416015625
0 0.859375 0.478515625 0.927734375 0.490234375 0.931640625 0.466796875 0.86328125 0.45703125
0 0.716796875 0.544921875 0.724609375 0.498046875 0.478515625 0.458984375 0.470703125 0.50390625
0 0.41015625 0.638671875 0.68359375 0.67578125 0.689453125 0.62890625 0.416015625 0.59375
0 0.373046875 0.765625 0.669921875 0.80859375 0.677734375 0.74609375 0.3828125 0.703125
0 0.34375 0.93359375 0.630859375 0.974609375 0.640625 0.91015625 0.353515625 0.8671875
0 0.818359375 0.021484375 0.818359375 0 0.63671875 0 0.63671875 0.0234375 0.818359375 0.021484375
0 0.099609375 0.068359375 0.10546875 0 0.052734375 0 0.046875 0.064453125 0.099609375 0.068359375
0 0.9296875 0.033203125 0.93359375 0 0.87109375 0 0.8671875 0.025390625 0.9296875 0.033203125
0 0.1328125 1 0.1328125 0.97265625 0 0.97265625 0 1 0.1328125 1
0 0.271484375 1 0.27734375 0.96484375 0.197265625 0.955078125 0.193359375 1 0.271484375 1