0 0.841796875 0.060546875 0.802734375 0.10546875 0.8671875 0.162109375 0.90625 0.115234375 0.869140625 0.083984375
0 0.8671875 0 0.8203125 0 0.80078125 0.025390625 0.869140625 0.083984375 0.91015625 0.037109375 0.87109375 0.001953125
0 1 0.291015625 1 0.2421875 0.8359375 0.279296875 0.845703125 0.3203125 0.8828125 0.3125 0.888671875 0.3359375 0.904296875 0.33203125 0.900390625 0.3125 0.962890625 0.298828125 0.966796875 0.318359375 0.994140625 0.310546875 0.990234375 0.294921875
0 0.97265625 0.416015625 0.96484375 0.38671875 0.853515625 0.4140625 0.861328125 0.443359375 0.888671875 0.4375 0.89453125 0.45703125 0.91796875 0.44921875 0.923828125 0.4765625 0.94140625 0.47265625 0.935546875 0.4453125 0.95703125 0.439453125 0.953125 0.419921875
0 0.88671875 0.59375 1 0.5703125 1 0.51953125 0.876953125 0.546875
0 0.97265625 0.759765625 1 0.751953125 1 0.708984375 0.9609375 0.720703125
0 0.998046875 0.884765625 0.966796875 0.93359375 1 0.955078125 1 0.884765625
0 0.193359375 0.638671875 0.150390625 0.43359375 0 0.46484375 0 0.6796875
0 0.216796875 0.630859375 0.443359375 0.583984375 0.3984375 0.37890625 0.173828125 0.42578125
0 0.125 0.234375 0.28515625 0.193359375 0.2578125 0.091796875 0.099609375 0.1328125
0 0.07421875 0.244140625 0.03125 0.0390625 0 0.044921875 0 0.259765625
0 0.259765625 0.08984375 0.234375 0 0.1796875 0 0.072265625 0.029296875 0.099609375 0.1328125 0.2578125 0.091796875
0 0.658203125 0.962890625 0.716796875 0.94921875 0.712890625 0.931640625 0.65234375 0.947265625
0 0.521484375 0.1484375 0.58203125 0.130859375 0.552734375 0.0390625 0.4921875 0.056640625
0 1 0.837890625 0.99609375 0.798828125 0.935546875 0.818359375 0.947265625 0.857421875 1 0.837890625
0 0.384765625 0.359375 0.373046875 0.296875 0.322265625 0.30859375 0.333984375 0.369140625 0.384765625 0.359375
0 0.4375 0.150390625 0.427734375 0.11328125 0.3828125 0.125 0.392578125 0.162109375 0.4375 0.150390625
0 0.109375 0.291015625 0.095703125 0.2421875 0.04296875 0.255859375 0.056640625 0.3046875 0.109375 0.291015625
0 0.6171875 0.380859375 0.609375 0.3515625 0.5625 0.361328125 0.5703125 0.390625 0.6171875 0.380859375
0 0.23828125 0.275390625 0.220703125 0.212890625 0.171875 0.2265625 0.189453125 0.2890625 0.23828125 0.275390625