0 0.048828125 0.96875 0 0.94140625 0 1 0.0703125 1 0.041015625 0.984375
0 0.189453125 0.7421875 0.140625 0.712890625 0.11328125 0.759765625 0.119140625 0.763671875 0.109375 0.78125 0.232421875 0.8515625 0.2890625 0.75390625 0.234375 0.720703125 0.216796875 0.751953125 0.224609375 0.755859375 0.212890625 0.775390625 0.181640625 0.755859375
0 0.03515625 0.787109375 0.0546875 0.73046875 0 0.7109375 0 0.7734375
0 0.126953125 0.63671875 0.14453125 0.58203125 0 0.5390625 0 0.59765625
0 0.4375 0.931640625 0.39453125 1 0.451171875 1 0.478515625 0.95703125
0 0.560546875 0.947265625 0.53125 0.9921875 0.54296875 1 0.642578125 1
0 0.556640625 0.796875 0.51953125 0.779296875 0.4609375 0.896484375 0.498046875 0.9140625 0.5390625 0.833984375
0 0.6640625 0.89453125 0.681640625 0.861328125 0.5546875 0.798828125 0.5390625 0.833984375
0 0.76171875 1 0.859375 1 0.8671875 0.98828125 0.701171875 0.88671875 0.666015625 0.94140625
0 0.97265625 0.0078125 0.947265625 0.052734375 1 0.08203125 1 0.0234375 0.99609375 0.021484375
0 0.658203125 0.6640625 0.6328125 0.708984375 0.859375 0.833984375 0.884765625 0.7890625
0 0.8828125 0.7890625 0.916015625 0.73046875 0.873046875 0.70703125 0.83984375 0.765625
0 0.65234375 0.548828125 0.580078125 0.6796875 0.6328125 0.708984375 0.705078125 0.578125
0 0.927734375 0.697265625 0.951171875 0.6484375 0.75390625 0.548828125 0.728515625 0.59765625
0 0.83984375 0.224609375 0.7265625 0.4296875 0.779296875 0.45703125 0.892578125 0.25390625
0 0.4140625 0.5859375 0.43359375 0.546875 0.435546875 0.546875 0.4609375 0.494140625 0.4140625 0.47265625 0.390625 0.525390625 0.23828125 0.455078125 0.21875 0.501953125
0 0.8671875 0.17578125 0.83984375 0.224609375 1 0.3125 1 0.25
0 0.875 0.392578125 0.84765625 0.439453125 1 0.521484375 1 0.4609375
0 0.7734375 0.45703125 0.720703125 0.427734375 0.65234375 0.548828125 0.705078125 0.578125
0 0.078125 0.40234375 0.1171875 0.294921875 0.0625 0.279296875 0.01953125 0.400390625 0.037109375 0.44140625 0.21875 0.501953125 0.23828125 0.455078125
0 0.080078125 0.234375 0.341796875 0.330078125 0.361328125 0.279296875 0.099609375 0.181640625
0 0.666015625 0.068359375 0.6015625 0.033203125 0.5703125 0.087890625 0.607421875 0.109375 0.548828125 0.212890625 0.498046875 0.18359375 0.46875 0.234375 0.515625 0.259765625 0.4453125 0.384765625 0.390625 0.353515625 0.365234375 0.3984375 0.48046875 0.462890625 0.671875 0.119140625
0 0.12890625 0.36328125 0.23828125 0.396484375 0.25390625 0.341796875 0.14453125 0.30859375
0 0.470703125 0.205078125 0.49609375 0.134765625 0.208984375 0.033203125 0.18359375 0.103515625 0.470703125 0.205078125
0 0.1640625 0.177734375 0.220703125 0.015625 0.158203125 0 0.1015625 0.15625 0.1640625 0.177734375
0 0.3671875 0.265625 0.3828125 0.216796875 0.216796875 0.158203125 0.19921875 0.20703125 0.3671875 0.265625
0 0.046875 0.060546875 0.046875 0 0 0 0 0.060546875 0.046875 0.060546875
0 0.033203125 0.19140625 0.033203125 0.080078125 0 0.080078125 0 0.19140625 0.033203125 0.19140625