0 0 0.71484375 0 0.818359375 0.0234375 0.818359375 0.0234375 0.71484375
0 0.0234375 0.71484375 0.025390625 0.955078125 0.10546875 0.955078125 0.10546875 0.998046875 0.185546875 0.998046875 0.181640625 0.712890625
0 0.265625 0.375 0.263671875 0.40234375 0.234375 0.40234375 0.234375 0.453125 0.390625 0.458984375 0.392578125 0.40625 0.375 0.40625 0.375 0.37890625
0 0.283203125 0.080078125 0.283203125 0.095703125 0.267578125 0.095703125 0.265625 0.16015625 0.404296875 0.1640625 0.40625 0.099609375 0.38671875 0.099609375 0.38671875 0.083984375
0 0.595703125 0.28515625 0.755859375 0.28125 0.755859375 0.2265625 0.595703125 0.228515625
0 0.4453125 0.283203125 0.529296875 0.287109375 0.53125 0.23046875 0.447265625 0.2265625
0 0.779296875 0.572265625 0.775390625 0.646484375 1 0.65234375 1 0.578125
0 0.5625 0.57421875 0.5625 0.607421875 0.591796875 0.607421875 0.591796875 0.59765625 0.63671875 0.59765625 0.63671875 0.57421875
0 0.591796875 0.611328125 0.591796875 0.638671875 0.662109375 0.638671875 0.662109375 0.611328125
0 0.669921875 0.6640625 0.7109375 0.666015625 0.7109375 0.60546875 0.669921875 0.60546875
0 0.365234375 0.69140625 0.365234375 0.638671875 0.330078125 0.638671875 0.330078125 0.69140625
0 0.28125 0.69140625 0.279296875 0.9375 0.376953125 0.9375 0.376953125 0.69140625 0.330078125 0.69140625
0 0.275390625 0.9375 0.275390625 1 0.376953125 1 0.376953125 0.9375 0.279296875 0.9375
0 0.052734375 0.607421875 0.279296875 0.609375 0.279296875 0.5625 0.052734375 0.55859375
0 0.119140625 0.5078125 0.12109375 0.458984375 0 0.45703125 0 0.505859375 0.119140625 0.5078125
0 0.486328125 0.443359375 0.490234375 0.34375 0.439453125 0.33984375 0.43359375 0.44140625 0.486328125 0.443359375