0 1 0.953125 1 0.91015625 0.751953125 0.912109375 0.751953125 0.955078125 0.77734375 0.955078125
0 0.77734375 0.955078125 0.77734375 0.9765625 1 0.97265625 1 0.953125
0 0.75 0.779296875 1 0.77734375 1 0.724609375 0.75 0.7265625
0 0.447265625 0.765625 0.67578125 0.765625 0.67578125 0.72265625 0.447265625 0.72265625 0.447265625 0.73046875 0.23046875 0.73046875 0.23046875 0.779296875 0.447265625 0.779296875
0 0.458984375 0.89453125 0.458984375 0.90625 0.23828125 0.904296875 0.23828125 0.958984375 0.458984375 0.958984375 0.458984375 0.9453125 0.68359375 0.9453125 0.68359375 0.89453125
0 0 0.91796875 0 0.9765625 0.19140625 0.982421875 0.193359375 0.923828125
0 0.189453125 0.8203125 0.19140625 0.759765625 0 0.751953125 0 0.8125
0 0.189453125 0.642578125 0.19140625 0.58203125 0 0.576171875 0 0.63671875
0 0.453125 0.53515625 0.453125 0.546875 0.236328125 0.546875 0.236328125 0.59375 0.453125 0.595703125 0.453125 0.578125 0.68359375 0.578125 0.68359375 0.53515625
0 0.470703125 0.345703125 0.470703125 0.361328125 0.244140625 0.361328125 0.244140625 0.41015625 0.46875 0.41015625 0.46875 0.400390625 0.697265625 0.400390625 0.697265625 0.34765625
0 0.189453125 0.474609375 0.19140625 0.4140625 0 0.41015625 0 0.47265625
0 0.755859375 0.58984375 1 0.58984375 1 0.537109375 0.755859375 0.537109375
0 0.755859375 0.349609375 0.755859375 0.400390625 1 0.400390625 1 0.349609375
0 0.798828125 0.1640625 0.798828125 0.228515625 1 0.228515625 1 0.1640625
0 0.798828125 0.05078125 1 0.05078125 1 0 0.798828125 0
0 0.4609375 0.05078125 0.52734375 0.05078125 0.52734375 0 0.4609375 0 0.4609375 0.01171875 0.25 0.01171875 0.25 0.0625 0.4609375 0.0625
0 0.212890625 0.056640625 0.212890625 0 0 0 0 0.056640625
0 0.205078125 0.236328125 0.205078125 0.17578125 0 0.17578125 0 0.236328125
0 0.478515625 0.220703125 0.5390625 0.220703125 0.5390625 0.16796875 0.46875 0.16796875 0.46875 0.18359375 0.24609375 0.18359375 0.24609375 0.232421875 0.478515625 0.232421875
0 0.62890625 0.220703125 0.62890625 0.158203125 0.5390625 0.158203125 0.5390625 0.220703125
0 0.62109375 0.0078125 0.677734375 0.0078125 0.677734375 0.03515625 0.744140625 0.03515625 0.744140625 0 0.62109375 0
0 0.65625 0.103515625 0.71875 0.23828125 0.728515625 0.234375 0.775390625 0.23046875 0.771484375 0.1640625 0.73046875 0.166015625 0.693359375 0.0859375
0 0.173828125 0.3828125 0.173828125 0.298828125 0.068359375 0.296875 0.068359375 0.380859375 0.173828125 0.3828125
0 1 0.525390625 1 0.47265625 0.802734375 0.466796875 0.80078125 0.521484375 1 0.525390625
0 0.671875 0.33203125 0.671875 0.263671875 0.583984375 0.263671875 0.583984375 0.33203125 0.671875 0.33203125
0 0.51171875 0.15625 0.509765625 0.10546875 0.251953125 0.1171875 0.25390625 0.166015625 0.51171875 0.15625