0 0.69140625 0.966796875 0.7265625 0.97265625 0.734375 0.9296875 0.69921875 0.921875
0 0.3671875 0.962890625 0.3984375 0.966796875 0.40234375 0.947265625 0.37109375 0.943359375
0 0.318359375 0.958984375 0.345703125 0.962890625 0.349609375 0.9375 0.32421875 0.931640625
0 0.310546875 1 0.337890625 1 0.33984375 0.99609375 0.3125 0.9921875
0 0.330078125 0.83203125 0.369140625 0.83984375 0.376953125 0.802734375 0.337890625 0.794921875
0 0.33203125 0.78515625 0.337890625 0.7578125 0.220703125 0.736328125 0.21484375 0.763671875
0 0.078125 0.064453125 0.083984375 0.013671875 0.001953125 0.00390625 0 0.052734375 0.078125 0.064453125
0 0.064453125 0.16796875 0.07421875 0.1015625 0 0.08984375 0 0.15625 0.064453125 0.16796875
0 0.052734375 0.2734375 0.060546875 0.208984375 0 0.201171875 0 0.265625 0.052734375 0.2734375
0 0.0390625 0.359375 0.046875 0.296875 0 0.291015625 0 0.353515625 0.0390625 0.359375
0 0.509765625 0.02734375 0.513671875 0 0.466796875 0 0.46484375 0.021484375 0.509765625 0.02734375
0 0.314453125 0.98046875 0.32421875 0.923828125 0.037109375 0.869140625 0.02734375 0.92578125 0.314453125 0.98046875