0 0.783203125 0.986328125 0.80078125 0.953125 0.751953125 0.92578125 0.732421875 0.958984375
0 0.779296875 0.873046875 0.70703125 0.833984375 0.693359375 0.861328125 0.763671875 0.8984375
0 0.62890625 0.828125 0.650390625 0.787109375 0.611328125 0.765625 0.587890625 0.80859375
0 0.56640625 0.791015625 0.5859375 0.755859375 0.54296875 0.732421875 0.5234375 0.767578125
0 0.51171875 0.900390625 0.533203125 0.859375 0.498046875 0.83984375 0.474609375 0.880859375
0 0.474609375 0.849609375 0.49609375 0.810546875 0.466796875 0.794921875 0.447265625 0.833984375
0 0.4140625 0.71875 0.435546875 0.6796875 0.380859375 0.650390625 0.361328125 0.689453125
0 0.380859375 0.65234375 0.3046875 0.61328125 0.28515625 0.650390625 0.361328125 0.689453125
0 0.15234375 0.71875 0.169921875 0.671875 0.1171875 0.654296875 0.1015625 0.701171875
0 0.21484375 0.740234375 0.23046875 0.6953125 0.1796875 0.6796875 0.166015625 0.72265625
0 0.884765625 0.94921875 0.904296875 0.9140625 0.859375 0.888671875 0.83984375 0.923828125 0.884765625 0.94921875
0 0.970703125 0.947265625 0.98828125 0.91796875 0.89453125 0.859375 0.876953125 0.888671875 0.970703125 0.947265625