0 0.55859375 0.037109375 0.548828125 0.115234375 0.595703125 0.12109375 0.59375 0.140625 0.642578125 0.146484375 0.64453125 0.126953125 0.69921875 0.1328125 0.70703125 0.0546875
0 0.4296875 0.03125 0.279296875 0.013671875 0.271484375 0.091796875 0.318359375 0.09765625 0.31640625 0.1171875 0.365234375 0.123046875 0.3671875 0.103515625 0.419921875 0.109375 0.421875 0.09375
0 0.146484375 0.0078125 0.080078125 0 0 0 0 0.0703125 0.03515625 0.07421875 0.033203125 0.095703125 0.08203125 0.099609375 0.083984375 0.080078125 0.13671875 0.0859375 0.140625 0.0546875
0 0 0.36328125 0 0.45703125 0.03515625 0.4609375 0.0390625 0.4375 0.107421875 0.4453125 0.11328125 0.376953125
0 0.248046875 0.384765625 0.23828125 0.458984375 0.294921875 0.46484375 0.29296875 0.48828125 0.322265625 0.4921875 0.32421875 0.46875 0.400390625 0.478515625 0.41015625 0.404296875
0 0.54296875 0.388671875 0.537109375 0.4609375 0.666015625 0.470703125 0.671875 0.3984375
0 0.08984375 0.974609375 0.0625 0.91015625 0 0.935546875 0 1 0.029296875 1 0.078125 0.98046875
0 0.716796875 0.03125 0.720703125 0 0.50390625 0 0.50390625 0.005859375
0 0.474609375 1 0.5546875 1 0.732421875 0.923828125 0.705078125 0.859375 0.4609375 0.96484375
0 0.650390625 0.685546875 0.361328125 0.810546875 0.390625 0.876953125 0.6796875 0.75390625
0 0.201171875 0.93359375 0.337890625 0.875 0.314453125 0.818359375 0.177734375 0.87890625
0 0.37890625 0.736328125 0.353515625 0.673828125 0.107421875 0.779296875 0.134765625 0.841796875 0.19921875 0.814453125
0 0.79296875 0.728515625 1 0.728515625 1 0.65625 0.79296875 0.65625
0 0.794921875 0.390625 1 0.390625 1 0.318359375 0.794921875 0.318359375
0 0.82421875 0.84765625 0.82421875 0.904296875 1 0.904296875 1 0.84765625
0 0.814453125 0.560546875 1 0.560546875 1 0.490234375 0.814453125 0.490234375
0 0.755859375 0.056640625 0.8046875 0.06640625 0.818359375 0 0.767578125 0
0 1 0.998046875 1 0.974609375 0.875 0.974609375 0.875 0.998046875 1 0.998046875
0 0.419921875 0.998046875 0.419921875 0.96875 0.34375 0.970703125 0.34375 1 0.419921875 0.998046875