0 0.693359375 0.275390625 0.685546875 0.244140625 0.5234375 0.283203125 0.53125 0.314453125 0.630859375 0.291015625
0 0.53515625 0.43359375 0.72265625 0.388671875 0.716796875 0.361328125 0.529296875 0.408203125
0 0.48828125 0.35546875 0.46875 0.359375 0.4921875 0.451171875 0.51171875 0.4453125
0 0.59765625 0.99609375 0.66796875 0.978515625 0.646484375 0.89453125 0.576171875 0.912109375
0 0.025390625 0.4453125 0 0.451171875 0 0.517578125 0.009765625 0.515625 0.005859375 0.505859375 0.0390625 0.498046875 0.02734375 0.4453125
0 0.30078125 0.412109375 0.29296875 0.380859375 0.125 0.421875 0.1328125 0.453125 0.15234375 0.44921875 0.16015625 0.4765625 0.173828125 0.47265625 0.17578125 0.48046875 0.203125 0.474609375 0.201171875 0.466796875 0.21484375 0.462890625 0.2109375 0.443359375 0.2421875 0.435546875 0.248046875 0.455078125 0.263671875 0.451171875 0.263671875 0.455078125 0.28515625 0.44921875 0.283203125 0.4453125 0.298828125 0.44140625 0.291015625 0.4140625
0 0.333984375 0.369140625 0.29296875 0.380859375 0.30078125 0.412109375 0.291015625 0.4140625 0.298828125 0.44140625 0.283203125 0.4453125 0.28515625 0.44921875 0.263671875 0.455078125 0.263671875 0.451171875 0.248046875 0.455078125 0.2421875 0.435546875 0.2109375 0.443359375 0.21484375 0.462890625 0.201171875 0.466796875 0.203125 0.474609375 0.17578125 0.48046875 0.173828125 0.47265625 0.16015625 0.4765625 0.15234375 0.44921875 0.1328125 0.453125 0.125 0.421875 0.02734375 0.4453125 0.0390625 0.498046875 0.005859375 0.505859375 0.009765625 0.515625 0 0.517578125 0 0.5546875 0.357421875 0.466796875 0.33984375 0.400390625
0 0.171875 0.96875 0.177734375 1 0.28515625 1 0.279296875 0.96875 0.263671875 0.97265625 0.2578125 0.947265625
0 0.2109375 0.7421875 0.21484375 0.755859375 0.189453125 0.76171875 0.193359375 0.775390625 0.181640625 0.779296875 0.177734375 0.763671875 0.158203125 0.76953125 0.15625 0.755859375 0.13671875 0.759765625 0.138671875 0.7734375 0.111328125 0.78125 0.115234375 0.794921875 0.1015625 0.798828125 0.111328125 0.83203125 0.1484375 0.822265625 0.150390625 0.83203125 0.181640625 0.82421875 0.1796875 0.814453125 0.216796875 0.806640625 0.220703125 0.814453125 0.244140625 0.80859375 0.2421875 0.798828125 0.27734375 0.791015625 0.26953125 0.7578125 0.2578125 0.759765625 0.25390625 0.74609375 0.23046875 0.751953125 0.2265625 0.73828125
0 0.466796875 0.84765625 0.470703125 0.86328125 0.416015625 0.876953125 0.412109375 0.861328125 0.384765625 0.869140625 0.388671875 0.8828125 0.369140625 0.888671875 0.373046875 0.904296875 0.359375 0.90625 0.369140625 0.94140625 0.5390625 0.8984375 0.53125 0.87109375 0.52734375 0.87109375 0.521484375 0.8515625 0.494140625 0.857421875 0.490234375 0.84375
0 0.763671875 0.98046875 0.755859375 0.935546875 0.7265625 0.94140625 0.736328125 0.986328125 0.763671875 0.98046875