0 0.263671875 0.166015625 0.302734375 0.150390625 0.287109375 0.115234375 0.208984375 0.1484375 0.244140625 0.234375 0.28515625 0.216796875
0 0.701171875 0.52734375 0.705078125 0.470703125 0.61328125 0.462890625 0.607421875 0.521484375
0 0.23828125 0.3984375 0.296875 0.34765625 0.244140625 0.287109375 0.18359375 0.337890625
0 0.8125 0.0078125 0.7890625 0.0078125 0.787109375 0.037109375 0.8203125 0.0390625 0.8203125 0.009765625 0.8515625 0.009765625 0.8515625 0 0.8125 0
0 0.888671875 0.07421875 0.9375 0.076171875 0.939453125 0 0.890625 0
0 0.9765625 0.08203125 1 0.08203125 1 0 0.978515625 0
0 0.12109375 0 0.119140625 0.04296875 0.59375 0.0625 0.595703125 0.017578125
0 0.59765625 0.009765625 0.59375 0.068359375 0.78515625 0.076171875 0.7890625 0.015625 0.61328125 0.009765625
0 0.392578125 0.94921875 0.3359375 1 0.4375 1
0 0 0.5078125 0 0.599609375 0.044921875 0.55859375
0 0.02734375 0.423828125 0 0.447265625 0 0.478515625 0.125 0.619140625 0.16796875 0.58203125
0 0.04296875 0.41015625 0 0.361328125 0 0.447265625 0.02734375 0.423828125
0 0.494140625 0.919921875 0.353515625 0.76171875 0.296875 0.810546875 0.4375 0.96875 0.451171875 0.958984375
0 0.029296875 0.2421875 0 0.267578125 0 0.298828125 0.072265625 0.380859375 0.1171875 0.341796875
0 0.16015625 0.48046875 0.25390625 0.583984375 0.310546875 0.53515625 0.216796875 0.4296875
0 0.12890625 0.33203125 0.072265625 0.380859375 0.16015625 0.48046875 0.216796875 0.4296875
0 0.12109375 0.1484375 0.0625 0.201171875 0.18359375 0.337890625 0.244140625 0.287109375
0 0.33203125 0.73828125 0.267578125 0.794921875 0.2890625 0.818359375 0.353515625 0.76171875
0 0.447265625 0.58984375 0.287109375 0.587890625 0.287109375 0.6328125 0.32421875 0.67578125 0.4453125 0.677734375 0.4453125 0.669921875 0.6875 0.671875 0.689453125 0.591796875 0.6171875 0.58984375 0.6171875 0.599609375 0.447265625 0.59765625
0 0.474609375 0.755859375 0.48046875 0.8515625 0.671875 0.837890625 0.66796875 0.78125 0.53125 0.791015625 0.52734375 0.751953125
0 0.5703125 0.923828125 0.658203125 0.91796875 0.65625 0.88671875 0.568359375 0.892578125
0 0.630859375 0.986328125 0.626953125 0.982421875 0.609375 1 0.693359375 1 0.65625 0.962890625
0 0.833984375 0.654296875 0.83203125 0.681640625 1 0.685546875 1 0.65625
0 0.8359375 0.5859375 0.833984375 0.654296875 1 0.65625 1 0.587890625
0 0.802734375 0.80859375 0.802734375 0.791015625 0.76171875 0.7890625 0.7578125 0.884765625 0.80078125 0.88671875 0.802734375 0.849609375 0.857421875 0.8515625 0.859375 0.810546875
0 0.486328125 0.92578125 0.451171875 0.958984375 0.486328125 1 0.55078125 1
0 0.763671875 1 0.873046875 1 1 0.88671875 1 0.7890625
0 0.021484375 0.953125 0 0.96875 0 1 0.0625 1
0 0 0.927734375 0 0.96875 0.021484375 0.953125
0 0.2109375 0.74609375 0.150390625 0.80078125 0.25 0.912109375 0.3125 0.859375
0 0.37109375 0.92578125 0.3125 0.982421875 0.328125 1 0.3359375 1 0.392578125 0.94921875
0 0.34765625 0.8984375 0.2890625 0.95703125 0.3125 0.982421875 0.37109375 0.92578125
0 0.3125 0.859375 0.25 0.912109375 0.2890625 0.95703125 0.34765625 0.8984375
0 0.150390625 0.80078125 0.2109375 0.74609375 0.14453125 0.669921875 0.083984375 0.7265625
0 0.044921875 0.55859375 0 0.599609375 0 0.630859375 0.083984375 0.7265625 0.14453125 0.669921875
0 0.197265625 0.701171875 0.23828125 0.6640625 0.16796875 0.58203125 0.125 0.619140625
0 0.283203125 0.681640625 0.21875 0.740234375 0.25 0.775390625 0.314453125 0.716796875
0 0.314453125 0.716796875 0.25 0.775390625 0.267578125 0.794921875 0.33203125 0.73828125
0 0.341796875 0.458984375 0.279296875 0.390625 0.25390625 0.4140625 0.314453125 0.48046875 0.341796875 0.458984375
0 0.599609375 0.505859375 0.599609375 0.431640625 0.361328125 0.431640625 0.361328125 0.50390625 0.599609375 0.505859375
0 0.865234375 0.529296875 0.8671875 0.4921875 0.765625 0.48828125 0.765625 0.525390625 0.865234375 0.529296875
0 0.9609375 0.806640625 0.939453125 0.783203125 0.88671875 0.830078125 0.90625 0.8515625 0.9609375 0.806640625
0 0.951171875 0.521484375 0.947265625 0.48828125 0.857421875 0.501953125 0.861328125 0.533203125 0.951171875 0.521484375