0 0.525390625 0.03125 0.55078125 0.015625 0.552734375 0.01171875 0.544921875 0 0.49609375 0 0.419921875 0.044921875 0.4375 0.07421875 0.462890625 0.08203125 0.48828125 0.0703125 0.4921875 0.078125 0.521484375 0.060546875 0.53515625 0.046875 0.53125 0.04296875 0.529296875 0.0390625
0 0.328125 0.05078125 0.35546875 0.03515625 0.357421875 0.03125 0.33984375 0 0.3359375 0 0.224609375 0.064453125 0.2421875 0.09375 0.267578125 0.1015625 0.29296875 0.08984375 0.296875 0.09765625 0.326171875 0.080078125 0.337890625 0.06640625 0.3359375 0.0625 0.333984375 0.056640625
0 0.6484375 0.0390625 0.67578125 0.0234375 0.677734375 0.021484375 0.666015625 0 0.638671875 0 0.544921875 0.0546875 0.5625 0.083984375 0.587890625 0.091796875 0.611328125 0.078125 0.6171875 0.0859375 0.646484375 0.0703125 0.658203125 0.0546875 0.65625 0.052734375 0.65234375 0.046875
0 0 0.13671875 0 0.19921875 0.03515625 0.212890625 0.125 0.2109375 0.125 0.13671875
0 0.25 0.248046875 0.0625 0.24609375 0.0625 0.35546875 0.25 0.357421875 0.25 0.27734375
0 0.353515625 0.31640625 0.3671875 0.314453125 0.373046875 0.310546875 0.376953125 0.302734375 0.380859375 0.2890625 0.380859375 0.2734375 0.369140625 0.263671875 0.36328125 0.263671875 0.34375 0.255859375 0.3203125 0.251953125 0.294921875 0.25390625 0.279296875 0.26953125 0.2734375 0.271484375 0.275390625 0.2890625 0.2734375 0.291015625 0.275390625 0.29296875 0.2890625 0.29296875 0.2890625 0.322265625 0.296875 0.32421875 0.3046875 0.328125 0.3203125 0.328125 0.345703125 0.322265625
0 0.595703125 0.36328125 0.607421875 0.359375 0.61328125 0.35546875 0.62109375 0.349609375 0.62890625 0.34375 0.63671875 0.333984375 0.640625 0.32421875 0.642578125 0.31640625 0.64453125 0.30859375 0.64453125 0.302734375 0.642578125 0.298828125 0.640625 0.29296875 0.638671875 0.291015625 0.63671875 0.287109375 0.630859375 0.28125 0.626953125 0.279296875 0.623046875 0.27734375 0.62109375 0.275390625 0.6171875 0.275390625 0.611328125 0.2734375 0.607421875 0.2734375 0.6015625 0.2734375 0.59765625 0.2734375 0.591796875 0.2734375 0.587890625 0.2734375 0.583984375 0.2734375 0.58203125 0.275390625 0.576171875 0.27734375 0.568359375 0.279296875 0.5625 0.283203125 0.5546875 0.287109375 0.548828125 0.29296875 0.54296875 0.298828125 0.537109375 0.306640625 0.533203125 0.3125 0.53125 0.3203125 0.529296875 0.33203125 0.533203125 0.345703125 0.5390625 0.35546875 0.544921875 0.359375 0.552734375 0.36328125 0.564453125 0.3671875 0.57421875 0.3671875 0.5859375 0.365234375
0 0.48046875 0.310546875 0.48046875 0.330078125 0.513671875 0.330078125 0.515625 0.310546875
0 0.515625 0.34375 0.447265625 0.34375 0.447265625 0.38671875 0.515625 0.38671875
0 0.853515625 0.28515625 0.84765625 0.33984375 1 0.33984375 1 0.287109375
0 0.09375 0.984375 0.09375 0.970703125 0.12890625 0.970703125 0.126953125 0.923828125 0.09375 0.923828125 0.09375 0.9453125 0 0.9453125 0 0.984375 0.015625 0.984375 0.015625 0.9921875 0.033203125 0.9921875 0.033203125 0.984375 0.052734375 0.984375 0.052734375 0.9921875 0.0703125 0.9921875 0.0703125 0.984375
0 0.08203125 0.751953125 0.08203125 0.775390625 0.048828125 0.775390625 0.05078125 0.79296875 0 0.791015625 0 0.84375 0.05859375 0.84375 0.05859375 0.810546875 0.115234375 0.80859375 0.115234375 0.751953125
0 0.1953125 0.7421875 0.197265625 0.89453125 0.40625 0.892578125 0.40625 0.833984375 0.255859375 0.833984375 0.255859375 0.7421875
0 0.7890625 0.7890625 0.7890625 0.763671875 0.697265625 0.765625 0.697265625 0.79296875 0.712890625 0.79296875 0.712890625 0.833984375 0.7734375 0.833984375 0.771484375 0.791015625
0 0.931640625 0.763671875 0.84765625 0.763671875 0.84765625 0.791015625 0.861328125 0.791015625 0.861328125 0.8359375 0.921875 0.8359375 0.921875 0.7890625 0.93359375 0.7890625 0.931640625 0.7734375
0 0.97265625 0.734375 0.974609375 0.7578125 0.990234375 0.755859375 0.9921875 0.802734375 1 0.80078125 1 0.732421875
0 0.931640625 0.763671875 0.931640625 0.7734375 0.953125 0.775390625 0.9765625 0.7734375 0.974609375 0.7578125 0.97265625 0.734375 1 0.732421875 1 0.7265625 0.94921875 0.728515625 0.951171875 0.74609375 0.94140625 0.748046875 0.94140625 0.75 0.84765625 0.751953125 0.84765625 0.763671875
0 0.5703125 0.73828125 0.568359375 0.748046875 0.57421875 0.744140625 0.658203125 0.744140625 0.658203125 0.765625 0.697265625 0.765625 0.7890625 0.763671875 0.7890625 0.7890625 0.791015625 0.75390625 0.6796875 0.75390625 0.681640625 0.732421875
0 0.658203125 0.765625 0.658203125 0.744140625 0.57421875 0.744140625 0.576171875 0.771484375 0.58984375 0.771484375 0.591796875 0.8125 0.646484375 0.8125 0.646484375 0.765625