0 0.982421875 0.17578125 0.84765625 0.18359375 0.849609375 0.2421875 0.986328125 0.234375 0.984375 0.205078125
0 0.806640625 0.357421875 0.8359375 0.35546875 0.83203125 0.30859375 0.8046875 0.310546875
0 0.978515625 0.376953125 0.974609375 0.30078125 0.83203125 0.30859375 0.8359375 0.384765625 0.87109375 0.3828125
0 0.8203125 0.384765625 0.828125 0.490234375 0.876953125 0.48828125 0.87109375 0.3828125 0.8359375 0.384765625
0 0.982421875 0.478515625 0.986328125 0.541015625 1 0.5390625 1 0.4765625
0 0.984375 0.49609375 0.84375 0.50390625 0.84765625 0.5625 0.986328125 0.5546875
0 0.984375 0.205078125 0.994140625 0.3671875 1 0.365234375 1 0.203125
0 0.810546875 0.02734375 0.814453125 0.09375 0.943359375 0.087890625 0.9453125 0.1015625 0.970703125 0.099609375 0.97265625 0.119140625 1 0.1171875 1 0.015625
0 0.42578125 0.140625 0.4296875 0.193359375 0.50390625 0.1875 0.50390625 0.201171875 0.705078125 0.189453125 0.7109375 0.28125 0.76171875 0.27734375 0.75390625 0.1484375 0.501953125 0.162109375 0.5 0.13671875
0 0.115234375 0.232421875 0.3125 0.220703125 0.310546875 0.197265625 0.38671875 0.19140625 0.3828125 0.140625 0.306640625 0.14453125 0.30859375 0.171875 0.06640625 0.1875 0.07421875 0.322265625 0.119140625 0.3203125
0 0.435546875 0.3203125 0.439453125 0.3671875 0.515625 0.36328125 0.515625 0.390625 0.751953125 0.376953125 0.75 0.326171875 0.513671875 0.33984375 0.51171875 0.314453125
0 0.3203125 0.37109375 0.392578125 0.3671875 0.388671875 0.318359375 0.318359375 0.322265625 0.3203125 0.34375 0.083984375 0.357421875 0.087890625 0.412109375 0.322265625 0.3984375
0 0.71875 0.439453125 0.72265625 0.515625 0.53515625 0.52734375 0.533203125 0.50390625 0.44921875 0.509765625 0.451171875 0.568359375 0.537109375 0.564453125 0.537109375 0.58203125 0.77734375 0.568359375 0.76953125 0.4375
0 0.08984375 0.46875 0.09765625 0.60546875 0.33984375 0.591796875 0.33984375 0.572265625 0.40625 0.568359375 0.404296875 0.505859375 0.3359375 0.509765625 0.337890625 0.53515625 0.146484375 0.544921875 0.142578125 0.466796875
0 0.21875 0.845703125 0.578125 0.82421875 0.57421875 0.75 0.21484375 0.76953125
0 0.259765625 1 0.423828125 1 0.587890625 0.990234375 0.583984375 0.919921875 0.2578125 0.9375
0 0.162109375 0.833984375 0.158203125 0.7734375 0.12890625 0.775390625 0.12890625 0.763671875 0.060546875 0.767578125 0.0625 0.779296875 0.025390625 0.78125 0.029296875 0.841796875 0.099609375 0.837890625
0 0.099609375 0.837890625 0.029296875 0.841796875 0.037109375 1 0.109375 1
0 0.662109375 0.978515625 0.9765625 0.9609375 0.97265625 0.89453125 0.658203125 0.912109375
0 0.65625 0.814453125 1 0.794921875 1 0.720703125 0.650390625 0.7421875
0 0.03515625 0.03125 0.033203125 0 0 0 0 0.033203125
0 0.0546875 0.072265625 0.16015625 0.06640625 0.158203125 0.02734375 0.052734375 0.033203125
0 0.43359375 0.048828125 0.669921875 0.03515625 0.666015625 0 0.431640625 0
0 0.02734375 0.3046875 0.029296875 0.15625 0 0.15625 0 0.3046875 0.02734375 0.3046875
0 0.16796875 0.01953125 0.16796875 0 0.076171875 0 0.076171875 0.021484375 0.16796875 0.01953125
0 1 0.451171875 1 0.4140625 0.93359375 0.41796875 0.935546875 0.455078125 1 0.451171875