0 0.861328125 1 0.92578125 1 0.939453125 0.9765625 0.875 0.939453125 0.845703125 0.990234375
0 0.025390625 0.71484375 0.04296875 0.72265625 0.046875 0.71484375 0.0625 0.72265625 0.05859375 0.728515625 0.083984375 0.740234375 0.087890625 0.73046875 0.08984375 0.73046875 0.095703125 0.71875 0.03515625 0.693359375
0 0.583984375 0.861328125 0.603515625 0.810546875 0.484375 0.765625 0.46484375 0.81640625
0 0.44140625 0.802734375 0.4609375 0.751953125 0.333984375 0.705078125 0.31640625 0.755859375
0 0.296875 0.751953125 0.31640625 0.701171875 0.251953125 0.67578125 0.232421875 0.728515625
0 0.607421875 0.89453125 0.654296875 0.912109375 0.681640625 0.84375 0.634765625 0.826171875
0 0.1953125 0.8515625 0.240234375 0.8671875 0.2578125 0.8203125 0.212890625 0.8046875
0 0.458984375 0.953125 0.501953125 0.978515625 0.52734375 0.931640625 0.486328125 0.908203125
0 0.2890625 0.888671875 0.33984375 0.908203125 0.357421875 0.861328125 0.30859375 0.841796875
0 0.37890625 0.9140625 0.421875 0.9296875 0.4375 0.884765625 0.392578125 0.869140625
0 0.54296875 0.998046875 0.544921875 1 0.59765625 1 0.611328125 0.9765625 0.56640625 0.953125
0 0.322265625 1 0.369140625 1 0.375 0.986328125 0.333984375 0.970703125
0 0.236328125 0.986328125 0.27734375 1 0.294921875 0.951171875 0.25390625 0.9375
0 0.146484375 0.955078125 0.189453125 0.970703125 0.20703125 0.923828125 0.1640625 0.908203125
0 0.642578125 0.966796875 0.625 1 0.669921875 1 0.677734375 0.984375 0.654296875 0.97265625
0 0.63671875 0.978515625 0.623046875 0.97265625 0.615234375 0.9921875 0.626953125 0.998046875
0 0.669921875 0.98046875 0.6796875 0.9609375 0.6640625 0.953125 0.654296875 0.97265625
0 0.638671875 0.94140625 0.62890625 0.9609375 0.654296875 0.97265625 0.6640625 0.953125
0 0.322265625 0.384765625 0.3515625 0.396484375 0.37109375 0.345703125 0.341796875 0.333984375
0 0.392578125 0.412109375 0.412109375 0.36328125 0.37109375 0.34765625 0.3515625 0.396484375
0 0.015625 0.767578125 0 0.767578125 0 0.810546875 0.06640625 0.83984375 0.0859375 0.791015625 0.1171875 0.8046875 0.125 0.78125 0.095703125 0.767578125 0.09765625 0.76171875 0.099609375 0.763671875 0.10546875 0.751953125 0.111328125 0.73828125 0.087890625 0.73046875 0.083984375 0.740234375 0.05859375 0.728515625 0.0625 0.72265625 0.046875 0.71484375 0.04296875 0.72265625 0.021484375 0.712890625 0.02734375 0.701171875 0 0.6875 0 0.765625
0 0.701171875 0.923828125 0.736328125 0.849609375 0.705078125 0.833984375 0.66796875 0.908203125 0.701171875 0.923828125
0 0.234375 0.927734375 0.251953125 0.884765625 0.189453125 0.859375 0.171875 0.90234375 0.234375 0.927734375