0 0.130859375 0.591796875 0.083984375 0.626953125 0 0.8671875 0 0.939453125 0.01953125 0.9453125 0.12890625 0.654296875 0.14453125 0.638671875 0.42578125 0.65234375 0.4296875 0.611328125
0 0.373046875 0.703125 0.37109375 0.736328125 0.150390625 0.728515625 0.1484375 0.7734375 0.4140625 0.783203125 0.41796875 0.705078125
0 0.34375 0.833984375 0.341796875 0.884765625 0.0859375 0.876953125 0.0859375 0.931640625 0.412109375 0.94140625 0.416015625 0.8359375
0 0.826171875 0.984375 0.859375 1 0.974609375 1 0.982421875 0.986328125 0.853515625 0.92578125
0 0.732421875 0.91796875 0.4765625 0.91015625 0.474609375 0.96484375 0.744140625 0.970703125 0.783203125 0.947265625 0.806640625 0.88671875 0.76171875 0.859375
0 0.818359375 0.759765625 0.486328125 0.75 0.486328125 0.796875 0.83203125 0.806640625 0.853515625 0.791015625 0.875 0.740234375 0.83984375 0.716796875
0 0.486328125 0.6171875 0.884765625 0.638671875 0.88671875 0.595703125 0.48828125 0.57421875
0 0.896484375 0.837890625 1 0.890625 1 0.82421875 0.921875 0.78515625
0 0 0.10546875 0 0.158203125 0.107421875 0.162109375 0.107421875 0.109375
0 0.109375 0.033203125 0.107421875 0.162109375 0.16015625 0.162109375 0.1640625 0.03515625 0.138671875 0.033203125
0 0.76171875 0.33984375 0.77734375 0 0.728515625 0 0.712890625 0.337890625
0 0.49609375 0.2890625 0.4921875 0.341796875 0.712890625 0.353515625 0.71484375 0.298828125
0 0.8203125 0.310546875 0.81640625 0.361328125 1 0.369140625 1 0.3203125
0 0.826171875 0.1171875 0.82421875 0.173828125 1 0.18359375 1 0.125
0 0.517578125 0.169921875 0.5390625 0.11328125 0.326171875 0.03515625 0.306640625 0.08984375 0.33203125 0.099609375
0 0.28515625 0.08203125 0.26171875 0.1484375 0.30859375 0.166015625 0.33203125 0.099609375
0 0.220703125 0.302734375 0.240234375 0.333984375 0.474609375 0.341796875 0.4765625 0.29296875 0.31640625 0.279296875 0.314453125 0.291015625 0.2734375 0.283203125 0.291015625 0.236328125 0.251953125 0.21875
0 1 0.025390625 1 0 0.818359375 0 0.818359375 0.025390625 1 0.025390625
0 0.03515625 0.6171875 0.037109375 0.513671875 0 0.51171875 0 0.6171875 0.03515625 0.6171875
0 0.255859375 0.859375 0.255859375 0.794921875 0.1171875 0.79296875 0.115234375 0.859375 0.255859375 0.859375
0 0.3359375 0.86328125 0.337890625 0.794921875 0.251953125 0.791015625 0.25 0.859375 0.3359375 0.86328125
0 0.99609375 0.65234375 0.9921875 0.615234375 0.94140625 0.619140625 0.943359375 0.65625 0.99609375 0.65234375
0 0.41015625 0.20703125 0.41796875 0.169921875 0.32421875 0.1484375 0.31640625 0.185546875 0.41015625 0.20703125
0 0.88671875 0.306640625 0.884765625 0.220703125 0.80859375 0.220703125 0.810546875 0.30859375 0.88671875 0.306640625
0 1 0.26953125 1 0.2265625 0.900390625 0.2265625 0.900390625 0.267578125 1 0.26953125