0 0.3828125 0.45703125 0.37890625 0.45703125 0.376953125 0.458984375 0.373046875 0.4609375 0.37109375 0.462890625 0.369140625 0.466796875 0.3671875 0.470703125 0.3671875 0.47265625 0.3671875 0.4765625 0.3671875 0.48046875 0.3671875 0.484375 0.369140625 0.486328125 0.37109375 0.490234375 0.373046875 0.4921875 0.376953125 0.494140625 0.37890625 0.49609375 0.3828125 0.49609375 0.38671875 0.49609375 0.390625 0.49609375 0.392578125 0.49609375 0.396484375 0.494140625 0.3984375 0.4921875 0.40234375 0.490234375 0.404296875 0.486328125 0.404296875 0.484375 0.40625 0.48046875 0.40625 0.4765625 0.40625 0.47265625 0.404296875 0.470703125 0.404296875 0.466796875 0.40234375 0.462890625 0.3984375 0.4609375 0.396484375 0.458984375 0.392578125 0.45703125 0.390625 0.45703125 0.38671875 0.45703125
0 0.2890625 0.275390625 0.2890625 0.259765625 0.2421875 0.259765625 0.2421875 0.2734375
0 0.1953125 0.2734375 0.193359375 0.28515625 0.189453125 0.28515625 0.189453125 0.306640625 0.36328125 0.310546875 0.36328125 0.294921875 0.357421875 0.294921875 0.359375 0.27734375
0 0.18359375 0.103515625 0.18359375 0.115234375 0.177734375 0.115234375 0.177734375 0.13671875 0.3515625 0.140625 0.3515625 0.125 0.34765625 0.125 0.34765625 0.10546875
0 0.19140625 0.19140625 0.19140625 0.208984375 0.193359375 0.208984375 0.193359375 0.224609375 0.341796875 0.224609375 0.341796875 0.2109375 0.34765625 0.2109375 0.34765625 0.19140625
0 0.189453125 0.41796875 0.37890625 0.421875 0.380859375 0.392578125 0.189453125 0.388671875
0 0.216796875 0.46484375 0.34765625 0.466796875 0.34765625 0.435546875 0.21875 0.43359375
0 0.125 0.2109375 0.125 0.193359375 0.076171875 0.193359375 0.076171875 0.2109375
0 0.033203125 0.25 0.1484375 0.248046875 0.1484375 0.2109375 0.013671875 0.212890625 0.015625 0.2578125 0.03515625 0.2578125
0 0.263671875 0.875 0.263671875 0.84375 0.21484375 0.84375 0.21484375 0.875
0 0.21484375 0.98828125 0.265625 0.98828125 0.265625 0.953125 0.21484375 0.953125
0 0.37890625 0.875 0.37890625 0.857421875 0.34765625 0.857421875 0.34765625 0.875
0 0.3828125 0.875 0.21484375 0.875 0.21484375 0.953125 0.3828125 0.953125
0 0.333984375 0.982421875 0.37109375 0.982421875 0.37109375 0.953125 0.333984375 0.953125
0 0.197265625 0.88671875 0.197265625 0.935546875 0.21484375 0.935546875 0.21484375 0.88671875
0 0.212890625 0.703125 0.310546875 0.703125 0.310546875 0.673828125 0.212890625 0.673828125
0 0.17578125 0.7890625 0.173828125 0.755859375 0.142578125 0.755859375 0.14453125 0.791015625
0 0.142578125 0.7578125 0.107421875 0.759765625 0.109375 0.79296875 0.14453125 0.791015625
0 0.34375 0.783203125 0.34375 0.76171875 0.263671875 0.76171875 0.263671875 0.783203125
0 0.03125 0.068359375 0.029296875 0.02734375 0 0.02734375 0 0.068359375
0 0.220703125 0.5390625 0.220703125 0.572265625 0.2265625 0.572265625 0.2265625 0.58203125 0.337890625 0.583984375 0.337890625 0.572265625 0.33984375 0.572265625 0.33984375 0.5390625
0 0.03515625 0.634765625 0.03515625 0.48046875 0 0.48046875 0 0.634765625 0.03515625 0.634765625
0 0.08984375 0.998046875 0.087890625 0.935546875 0.056640625 0.9375 0.05859375 0.998046875 0.08984375 0.998046875
0 0.09375 0.873046875 0.091796875 0.806640625 0.056640625 0.806640625 0.05859375 0.873046875 0.09375 0.873046875