0 0.72265625 0.875 1 0.8984375 1 0.814453125 0.73046875 0.791015625
0 0.646484375 0.533203125 0.64453125 0.54296875 0.591796875 0.5390625 0.58984375 0.576171875 0.591796875 0.576171875 0.583984375 0.685546875 0.669921875 0.693359375 0.681640625 0.537109375
0 0.72265625 0.564453125 0.724609375 0.541015625 0.681640625 0.537109375 0.67578125 0.609375 0.80859375 0.619140625 0.806640625 0.646484375 1 0.66015625 1 0.560546875 0.814453125 0.546875 0.8125 0.572265625 0.759765625 0.568359375
0 0.501953125 0.4296875 0.5078125 0.3671875 0.169921875 0.337890625 0.1640625 0.400390625
0 0.66796875 0.34375 0.54296875 0.375 0.548828125 0.400390625 0.673828125 0.369140625
0 0.70703125 0.474609375 0.70703125 0.3984375 0.642578125 0.3984375 0.642578125 0.474609375
0 0.4765625 0.654296875 0.48046875 0.576171875 0.078125 0.55078125 0.072265625 0.62890625
0 0.13671875 0.421875 0.095703125 0.37890625 0 0.470703125 0 0.556640625
0 0.05859375 0.66015625 0.060546875 0.591796875 0 0.58984375 0 0.66015625 0.05859375 0.66015625
0 0.140625 0.322265625 0.13671875 0.28515625 0.08984375 0.2890625 0.09375 0.328125 0.140625 0.322265625
0 0.673828125 0.3203125 0.669921875 0.283203125 0.580078125 0.296875 0.583984375 0.33203125 0.673828125 0.3203125
0 0.501953125 0.5390625 0.505859375 0.494140625 0.474609375 0.4921875 0.47265625 0.537109375 0.501953125 0.5390625
0 0.630859375 0.025390625 0.630859375 0 0.580078125 0 0.580078125 0.025390625 0.630859375 0.025390625
0 0.9921875 0.39453125 0.998046875 0.310546875 0.73046875 0.291015625 0.724609375 0.375 0.9921875 0.39453125