0 0.0234375 0.904296875 0.0390625 0.90234375 0.0390625 0.88671875 0.056640625 0.884765625 0.0546875 0.84765625 0.01953125 0.8515625 0.021484375 0.873046875 0 0.873046875 0 0.919921875 0.025390625 0.919921875
0 0.05078125 0.77734375 0.123046875 0.767578125 0.1171875 0.7265625 0.044921875 0.73828125
0 0.07421875 0.6875 0.0703125 0.6484375 0 0.654296875 0 0.693359375
0 0.015625 0.341796875 0.017578125 0.365234375 0.1015625 0.359375 0.099609375 0.333984375
0 0 0.28125 0 0.314453125 0.015625 0.3203125 0.02734375 0.29296875
0 0.0234375 0.2734375 0.033203125 0.24609375 0 0.232421875 0 0.263671875
0 0.048828125 0.28125 0.044921875 0.30078125 0.111328125 0.314453125 0.1171875 0.294921875
0 0 0.384765625 0 0.390625 0.017578125 0.439453125 0.0390625 0.431640625 0.017578125 0.37890625
0 0 0.1796875 0 0.212890625 0.03125 0.224609375 0.041015625 0.193359375
0 0.189453125 0.400390625 0.23046875 0.353515625 0.189453125 0.31640625 0.1484375 0.36328125
0 0.1796875 0.8515625 0.1640625 0.783203125 0.087890625 0.80078125 0.103515625 0.869140625 0.1796875 0.8515625
0 0.330078125 0.439453125 0.318359375 0.392578125 0.15625 0.43359375 0.169921875 0.48046875 0.330078125 0.439453125
0 0.22265625 0.958984375 0.208984375 0.888671875 0.130859375 0.904296875 0.146484375 0.974609375 0.22265625 0.958984375
0 0.228515625 0.876953125 0.22265625 0.8359375 0.173828125 0.841796875 0.181640625 0.884765625 0.228515625 0.876953125
0 0.251953125 0.990234375 0.25390625 0.939453125 0.21875 0.9375 0.21875 0.98828125 0.251953125 0.990234375
0 0.453125 0.5 0.431640625 0.435546875 0.390625 0.44921875 0.412109375 0.513671875 0.453125 0.5
0 0.306640625 0.396484375 0.298828125 0.3671875 0.25390625 0.37890625 0.26171875 0.408203125 0.306640625 0.396484375
0 0.373046875 0.45703125 0.353515625 0.412109375 0.31640625 0.427734375 0.3359375 0.47265625 0.373046875 0.45703125
0 0.14453125 0.3984375 0.130859375 0.3671875 0.1015625 0.380859375 0.115234375 0.412109375 0.14453125 0.3984375