0 0.107421875 0.2578125 0.04296875 0 0.009765625 0 0.076171875 0.263671875
0 0.076171875 0.263671875 0.009765625 0 0 0 0 0.283203125
0 0.91796875 0.01953125 1 0.025390625 1 0 0.91796875 0
0 0.568359375 0.037109375 0.60546875 0 0.53125 0
0 0.6796875 0 0.60546875 0 0.548828125 0.0546875 0.595703125 0.1015625 0.689453125 0.009765625
0 0.84765625 0.115234375 0.69921875 0.25 0.75 0.306640625 0.873046875 0.197265625 0.880859375 0.20703125 0.908203125 0.18359375
0 0 0.564453125 0 0.658203125 0.052734375 0.609375 0.005859375 0.560546875
0 0.05859375 0.544921875 0.287109375 0.673828125 0.3125 0.6328125 0.328125 0.640625 0.341796875 0.615234375 0.306640625 0.595703125 0.296875 0.609375 0.08984375 0.4921875
0 0.0546875 0.423828125 0.171875 0.49609375 0.208984375 0.435546875 0.091796875 0.36328125
0 0.173828125 0.32421875 0.1796875 0.353515625 0.212890625 0.34375 0.23046875 0.412109375 0.263671875 0.404296875 0.23828125 0.306640625
0 0 0.8984375 0 0.9140625 0.04296875 0.95703125 0.22265625 0.78515625 0.171875 0.734375
0 0.640625 0.89453125 0.703125 0.962890625 0.779296875 0.89453125 0.76171875 0.873046875 0.75390625 0.87890625 0.7421875 0.865234375 0.734375 0.873046875 0.703125 0.83984375
0 0.88671875 0.716796875 0.908203125 0.69140625 0.892578125 0.67578125 0.822265625 0.751953125 0.873046875 0.796875 0.919921875 0.74609375
0 0.837890625 0.91015625 0.888671875 0.958984375 1 0.84765625 1 0.806640625 0.970703125 0.77734375
0 0.8046875 0.748046875 0.8125 0.740234375 0.759765625 0.689453125 0.73828125 0.7109375 0.791015625 0.763671875 0.779296875 0.775390625 0.798828125 0.79296875 0.82421875 0.765625
0 0.466796875 0.9375 0.482421875 0.921875 0.4609375 0.900390625 0.361328125 1 0.431640625 1 0.41796875 0.986328125 0.43359375 0.970703125 0.451171875 0.986328125 0.484375 0.953125
0 0.5390625 0.96484375 0.564453125 0.98828125 0.58203125 0.970703125 0.55859375 0.947265625
0 0.30859375 0.509765625 0.302734375 0.447265625 0.25 0.453125 0.2578125 0.515625 0.30859375 0.509765625
0 0.939453125 0.568359375 0.890625 0.51171875 0.837890625 0.556640625 0.888671875 0.61328125 0.939453125 0.568359375
0 0.951171875 0.607421875 0.9296875 0.583984375 0.900390625 0.609375 0.921875 0.6328125 0.951171875 0.607421875
0 0.326171875 0.748046875 0.3046875 0.724609375 0.263671875 0.76171875 0.283203125 0.78515625 0.326171875 0.748046875