0 0.919921875 0.1953125 1 0.16796875 1 0.1015625 0.8984375 0.13671875
0 0.109375 0.22265625 0.08984375 0.166015625 0 0.1953125 0 0.2578125
0 0.13671875 0.21875 0.39453125 0.130859375 0.373046875 0.064453125 0.11328125 0.15234375
0 0.205078125 0.37109375 0.44140625 0.287109375 0.423828125 0.240234375 0.1875 0.32421875
0 0.142578125 0.376953125 0.12890625 0.333984375 0 0.375 0 0.423828125
0 0.2265625 0.525390625 0.20703125 0.46875 0 0.53515625 0 0.59765625
0 0.267578125 0.515625 0.51171875 0.4296875 0.490234375 0.369140625 0.24609375 0.45703125
0 0.6796875 0.025390625 0.64453125 0.037109375 0.65234375 0.060546875 0.615234375 0.07421875 0.64453125 0.158203125 0.716796875 0.1328125
0 0.6796875 0.025390625 0.669921875 0 0.5625 0 0.4140625 0.052734375 0.43359375 0.111328125 0.58984375 0.056640625
0 0.69140625 0.26953125 0.76171875 0.244140625 0.740234375 0.185546875 0.669921875 0.2109375
0 0.5078125 0.26953125 0.72265625 0.19140625 0.703125 0.138671875 0.64453125 0.158203125 0.48828125 0.216796875
0 0.287109375 0.666015625 0.26953125 0.61328125 0 0.703125 0 0.759765625
0 0.3203125 0.66015625 0.5859375 0.576171875 0.56640625 0.515625 0.30078125 0.599609375
0 0.826171875 0.41796875 0.796875 0.3203125 0.748046875 0.3359375 0.779296875 0.43359375
0 0.7578125 0.44140625 0.7578125 0.439453125 0.587890625 0.494140625 0.60546875 0.55078125 0.84375 0.474609375 0.826171875 0.41796875 0.779296875 0.43359375
0 0.77734375 0.265625 0.537109375 0.345703125 0.556640625 0.400390625 0.794921875 0.3203125
0 0.255859375 0.853515625 0.638671875 0.728515625 0.62109375 0.673828125 0.23828125 0.798828125
0 0.390625 0.978515625 0.37109375 0.923828125 0.134765625 1 0.322265625 1
0 0.43359375 0.955078125 0.703125 0.87109375 0.685546875 0.814453125 0.416015625 0.900390625
0 0.912109375 0.62890625 0.892578125 0.5703125 0.658203125 0.64453125 0.67578125 0.703125 0.873046875 0.640625
0 0.947265625 1 0.98046875 1 1 0.9921875 1 0.943359375 0.935546875 0.96484375
0 0.716796875 1 0.8203125 1 1 0.943359375 1 0.919921875 0.98828125 0.890625 0.7109375 0.978515625
0 0.947265625 0.734375 0.896484375 0.75 0.697265625 0.810546875 0.71484375 0.869140625 0.96484375 0.79296875
0 1 0.052734375 0.998046875 0 0.884765625 0.00390625 0.890625 0.064453125 1 0.052734375