0 0.998046875 0.2578125 1 0.255859375 1 0.154296875 0.97265625 0.162109375
0 0.251953125 0.86328125 0.2578125 0.88671875 0.197265625 0.900390625 0.2109375 0.955078125 0.25390625 0.9453125 0.255859375 0.955078125 0.306640625 0.943359375 0.3046875 0.931640625 0.341796875 0.923828125 0.328125 0.869140625 0.3125 0.873046875 0.306640625 0.849609375
0 0.123046875 0.705078125 0.109375 0.64453125 0.08203125 0.65234375 0.080078125 0.64453125 0.056640625 0.650390625 0.05859375 0.658203125 0 0.671875 0 0.734375
0 0.080078125 0.845703125 0.08203125 0.853515625 0.01171875 0.87109375 0.009765625 0.86328125 0 0.865234375 0 0.9375 0.140625 0.904296875 0.125 0.84375 0.103515625 0.84765625 0.1015625 0.83984375
0 0.03515625 0.310546875 0.0078125 0.31640625 0.005859375 0.302734375 0 0.302734375 0 0.375 0.048828125 0.36328125 0.0390625 0.32421875
0 0.224609375 0.50390625 0.130859375 0.52734375 0.134765625 0.54296875 0.099609375 0.55078125 0.11328125 0.609375 0.2421875 0.578125
0 0.17578125 0.240234375 0.142578125 0.25 0.14453125 0.26171875 0.119140625 0.267578125 0.115234375 0.255859375 0.09375 0.26171875 0.095703125 0.2734375 0.0625 0.28125 0.078125 0.341796875 0.21875 0.306640625 0.203125 0.24609375 0.1796875 0.251953125 0.17578125 0.2421875
0 0.201171875 0.236328125 0.17578125 0.2421875 0.1796875 0.251953125 0.203125 0.24609375
0 0.142578125 0.25 0.1171875 0.2578125 0.119140625 0.267578125 0.14453125 0.26171875
0 0.005859375 0.302734375 0.0078125 0.31640625 0.03515625 0.310546875 0.0390625 0.32421875 0.072265625 0.31640625 0.0625 0.28125 0.095703125 0.2734375 0.09375 0.26171875 0 0.28515625 0 0.302734375
0 0.328125 0.236328125 0.314453125 0.181640625 0.1953125 0.2109375 0.208984375 0.265625
0 0.462890625 0.158203125 0.525390625 0.142578125 0.517578125 0.109375 0.455078125 0.125
0 0.42578125 0.224609375 0.4140625 0.177734375 0.38671875 0.185546875 0.396484375 0.23046875 0.42578125 0.224609375
0 0.158203125 0.998046875 0.158203125 0.97265625 0.09375 0.974609375 0.09375 1 0.158203125 0.998046875
0 0.998046875 0.125 1 0.009765625 0.97265625 0.009765625 0.970703125 0.123046875 0.998046875 0.125