0 0.001953125 0.759765625 0.146484375 0.568359375 0.25390625 0.705078125 0.107421875 0.896484375
0 0.1640625 0.51953125 0.23828125 0.453125 0.431640625 0.630859375 0.357421875 0.697265625
0 0.283203125 0.37109375 0.349609375 0.296875 0.556640625 0.48046875 0.4921875 0.556640625
0 0.3957354323308271 0.7356966635338346 0.4331825657894737 0.6997180451127819 0.5491952537593985 0.8017798402255638 0.6696134868421052 0.6703477443609022 0.5513980263157894 0.5646146616541353 0.59031367481203 0.5242304981203008 0.7929687499999999 0.7107319078947368 0.600593280075188 0.9170582706766917
0 0.5969219924812029 0.4816435620300752 0.6742980498120301 0.4136366306390977 0.8928277725563909 0.6064673402255638 0.8362899436090225 0.687235667293233
0 0.275390625 0.99609375 0.36895161290322576 0.9007056451612904 0.430695564516129 0.9548891129032259 0.37525201612903225 0.998046875
0 0.671860314849624 0.11974271616541353 0.730454064849624 0.07091459116541353 0.763657189849624 0.10021146616541353 0.705063439849624 0.14903959116541352
0 0.869140625 0.24609375 0.93359375 0.15625 0.998046875 0.24609375 0.93359375 0.33984375
0 0.794921875 0.322265625 0.85546875 0.267578125 0.916015625 0.322265625 0.85546875 0.37890625
0 0.90234375 0.412109375 0.958984375 0.37890625 0.998046875 0.4296875 0.94140625 0.462890625
0 0.83203125 0.47318491541353386 0.896484375 0.47318491541353386 0.896484375 0.5376380404135339 0.83203125 0.5376380404135339
0 0.6664414943609022 0.40228500939849626 0.7504258693609022 0.33001938439849626 0.8402696193609022 0.41009750939849626 0.7543321193609022 0.4823631343984964
0 0.3125 0.220703125 0.259765625 0.16796875 0.1875 0.240234375 0.240234375 0.29296875 0.3125 0.220703125