0 0.009765625 0.45703125 0 0.47265625 0 0.509765625 0.015625 0.51953125 0 0.546875 0 0.568359375 0.056640625 0.6015625 0.080078125 0.55859375 0.111328125 0.57421875 0.13671875 0.529296875
0 0.296875 0.33984375 0.13671875 0.62109375 0.125 0.61328125 0.095703125 0.666015625 0.1640625 0.705078125 0.35546875 0.37109375
0 0.095703125 0.666015625 0.125 0.61328125 0.09765625 0.59765625 0.111328125 0.57421875 0.080078125 0.55859375 0.056640625 0.6015625 0 0.568359375 0 0.611328125
0 0.658203125 0.951171875 0.7421875 1 0.796875 1 0.9375 0.755859375 0.810546875 0.68359375
0 0.896484375 0.46484375 0.857421875 0.48046875 0.86328125 0.498046875 0.8359375 0.5078125 0.82421875 0.521484375 0.8046875 0.50390625 0.79296875 0.51953125 0.810546875 0.537109375 0.779296875 0.57421875 0.84375 0.630859375 0.85546875 0.6171875 0.845703125 0.609375 0.88671875 0.5625 0.951171875 0.537109375 0.92578125 0.47265625 0.90234375 0.482421875 0.90234375 0.48046875
0 0.9453125 0.453125 0.962890625 0.521484375 1 0.509765625 1 0.4375
0 0.962890625 0.521484375 0.9453125 0.458984375 0.90234375 0.48046875 0.90234375 0.482421875 0.92578125 0.47265625 0.951171875 0.537109375 0.88671875 0.5625 0.845703125 0.609375 0.85546875 0.6171875 0.84375 0.630859375 0.943359375 0.572265625 1 0.552734375 1 0.509765625
0 0.9765625 0.98046875 0.91015625 0.943359375 0.876953125 1 0.96484375 1
0 0.693359375 0.609375 0.4921875 0.962890625 0.556640625 1 0.57421875 1 0.6015625 0.951171875 0.5859375 0.94140625 0.640625 0.841796875 0.658203125 0.8515625 0.697265625 0.78515625 0.6796875 0.775390625 0.72265625 0.69921875 0.740234375 0.708984375 0.771484375 0.654296875
0 0.8671875 0.1796875 0.9140625 0.166015625 0.8671875 0 0.81640625 0
0 0.919921875 0.056640625 0.9375 0.119140625 1 0.099609375 1 0.033203125
0 0.6171875 0.029296875 0.72265625 0 0.609375 0
0 0.958984375 0.17578125 0.97265625 0.22265625 1 0.21484375 1 0.1640625
0 0.587890625 0.123046875 0.5546875 0.177734375 0.759765625 0.30078125 0.79296875 0.24609375 0.62890625 0.146484375
0 0.896484375 0.216796875 0.79296875 0.24609375 0.759765625 0.30078125 0.91015625 0.259765625
0 0.55859375 0.037109375 0.517578125 0.048828125 0.5546875 0.177734375 0.583984375 0.126953125
0 0.69921875 0.029296875 0.62890625 0.146484375 0.703125 0.19140625 0.7421875 0.126953125 0.7734375 0.14453125 0.8046875 0.091796875
0 0.052734375 0.015625 0.080078125 0 0.04296875 0
0 0.04296875 0 0 0 0 0.04296875 0.052734375 0.015625
0 0.19140625 0.0390625 0.22265625 0.1640625 0.251953125 0.15625 0.220703125 0.033203125
0 0.220703125 0.033203125 0.2109375 0 0.119140625 0 0.134765625 0.0546875 0.19140625 0.0390625
0 0.115234375 0.1015625 0.068359375 0.181640625 0.10546875 0.203125 0.09375 0.220703125 0.048828125 0.1953125 0.05859375 0.17578125 0.037109375 0.1640625 0.017578125 0.19921875 0 0.1875 0 0.279296875 0.07421875 0.32421875 0.1796875 0.138671875
0 0.18359375 0.244140625 0.31640625 0.318359375 0.353515625 0.251953125 0.220703125 0.17578125
0 0.302734375 0.201171875 0.33984375 0.189453125 0.345703125 0.208984375 0.380859375 0.201171875 0.32421875 0 0.244140625 0
0 0.43359375 0.248046875 0.41796875 0.240234375 0.349609375 0 0.32421875 0 0.380859375 0.201171875 0.345703125 0.208984375 0.357421875 0.24609375 0.31640625 0.318359375 0.375 0.353515625 0.376953125 0.349609375
0 0.0703125 0.10546875 0.076171875 0.08984375 0 0.05078125 0 0.0703125
0 0.0625 0.998046875 0.060546875 0.884765625 0 0.884765625 0 0.998046875 0.0625 0.998046875