0 0.107421875 0 0.06640625 0 0.0625 0.052734375 0.140625 0.142578125 0.197265625 0.083984375 0.11328125 0.005859375
0 0.29296875 0.015625 0.287109375 0.01953125 0.1796875 0.107421875 0.140625 0.1484375 0.181640625 0.1875 0.326171875 0.056640625 0.322265625 0.052734375
0 0.38671875 0.1328125 0.236328125 0.27734375 0.27734375 0.3203125 0.427734375 0.173828125 0.39453125 0.140625
0 0.205078125 0.224609375 0.2578125 0.17578125 0.2421875 0.16015625 0.189453125 0.208984375
0 0.490234375 0.267578125 0.337890625 0.400390625 0.37890625 0.4453125 0.529296875 0.3125 0.49609375 0.2734375
0 0.69140625 0.083984375 0.533203125 0.22265625 0.57421875 0.267578125 0.732421875 0.12890625 0.697265625 0.08984375
0 0.9921875 0.318359375 0.751953125 0.51953125 0.791015625 0.56640625 1 0.390625 1 0.326171875
0 0.693359375 0.521484375 0.54296875 0.6484375 0.57421875 0.6875 0.724609375 0.560546875 0.712890625 0.544921875
0 0.58984375 0.3828125 0.431640625 0.52734375 0.46875 0.568359375 0.626953125 0.42578125
0 0.798828125 0.203125 0.712890625 0.275390625 0.751953125 0.3203125 0.837890625 0.248046875 0.806640625 0.208984375
0 1 0.11328125 1 0.03125 0.828125 0.1796875 0.869140625 0.2265625
0 0.64453125 0.408203125 0.736328125 0.333984375 0.6875 0.2734375 0.595703125 0.34765625
0 0.814453125 0.673828125 0.78125 0.640625 0.64453125 0.775390625 0.6875 0.818359375 0.822265625 0.681640625
0 0.85546875 0.638671875 0.892578125 0.6796875 1 0.58203125 1 0.505859375
0 0.958984375 0.76171875 0.990234375 0.798828125 1 0.7890625 1 0.724609375
0 0.90625 0.763671875 0.755859375 0.896484375 0.794921875 0.939453125 0.9453125 0.80859375 0.9296875 0.791015625
0 0.88671875 1 0.970703125 1 1 0.974609375 1 0.900390625
0 0.064453125 0.470703125 0.080078125 0.4140625 0 0.390625 0 0.451171875
0 0.14453125 0.83984375 0.158203125 0.80078125 0 0.74609375 0 0.791015625
0 0.23828125 0.75390625 0.255859375 0.697265625 0 0.615234375 0 0.677734375
0 0.078125 0.93359375 0.1484375 0.9609375 0.177734375 0.888671875 0.107421875 0.859375
0 0.333984375 0.7578125 0.44140625 0.78125 0.451171875 0.736328125 0.34375 0.712890625
0 0.248046875 0.962890625 0.232421875 0.998046875 0.236328125 1 0.271484375 1 0.283203125 0.98046875
0 0.009765625 0.890625 0.044921875 0.90625 0.07421875 0.84765625 0.0390625 0.830078125
0 0.041015625 0.55859375 0.048828125 0.509765625 0 0.501953125 0 0.55078125 0.041015625 0.55859375
0 0.056640625 0.185546875 0.015625 0.140625 0 0.162109375 0.033203125 0.20703125 0.056640625 0.185546875