0 0.595703125 0.623046875 0.697265625 0.5703125 0.638671875 0.455078125 0.537109375 0.509765625
0 0.4609375 0.62109375 0.427734375 0.63671875 0.43359375 0.6484375 0.400390625 0.6640625 0.412109375 0.69140625 0.48046875 0.658203125
0 0.46875 0.6171875 0.443359375 0.564453125 0.40234375 0.583984375 0.427734375 0.63671875 0.4609375 0.62109375
0 0 0.009765625 0 0.052734375 0.044921875 0.0546875 0.046875 0.01171875
0 0.044921875 0.12890625 0.046875 0.072265625 0 0.0703125 0 0.125
0 0.048828125 0.75390625 0.033203125 0.76171875 0.04296875 0.78125 0.015625 0.794921875 0.056640625 0.884765625 0.1015625 0.86328125
0 0.81640625 0.44921875 0.998046875 0.36328125 0.966796875 0.29296875 0.783203125 0.37890625
0 0.880859375 0.263671875 0.86328125 0.2265625 0.783203125 0.267578125 0.802734375 0.302734375 0.87109375 0.267578125
0 0.9609375 0.01953125 0.904296875 0.025390625 0.91015625 0.08203125 0.966796875 0.076171875 0.96484375 0.06640625
0 0.759765625 0.130859375 0.826171875 0.125 0.81640625 0 0.748046875 0
0 0.57421875 0 0.5546875 0 0.55859375 0.0390625 0.578125 0.037109375
0 0.75 0 0.57421875 0 0.578125 0.037109375 0.751953125 0.0234375
0 0.7578125 0.130859375 0.626953125 0.142578125 0.62890625 0.18359375 0.76171875 0.173828125
0 0.759765625 0.130859375 0.75390625 0.046875 0.619140625 0.05859375 0.626953125 0.142578125 0.7578125 0.130859375
0 0.623046875 0.111328125 0.537109375 0.1171875 0.54296875 0.19140625 0.62890625 0.18359375 0.626953125 0.142578125
0 0.53515625 0.103515625 0.392578125 0.115234375 0.396484375 0.173828125 0.5390625 0.162109375 0.537109375 0.1171875
0 0.421875 0.064453125 0.396484375 0.076171875 0.4140625 0.11328125 0.443359375 0.111328125
0 0.345703125 0.125 0.349609375 0.177734375 0.396484375 0.173828125 0.392578125 0.115234375 0.4140625 0.11328125 0.400390625 0.0859375 0.392578125 0.091796875 0.38671875 0.083984375
0 0.396484375 0.076171875 0.421875 0.064453125 0.37109375 0.013671875 0.373046875 0.005859375 0.38671875 0.005859375 0.38671875 0 0.26953125 0 0.24609375 0.0234375 0.322265625 0.1015625 0.345703125 0.125 0.38671875 0.083984375 0.392578125 0.091796875 0.400390625 0.0859375 0.400390625 0.08203125
0 0.91796875 0.16796875 0.8984375 0.12890625 0.796875 0.177734375 0.81640625 0.21875
0 1 1 1 0.91796875 0.86328125 0.916015625 0.86328125 0.998046875
0 0.58203125 0.236328125 0.56640625 0.20703125 0.501953125 0.2421875 0.517578125 0.271484375