0 0.873046875 0.9140625 0.892578125 0.955078125 1 0.90234375 1 0.853515625
0 0.1484375 0 0.083984375 0 0.0859375 0.06640625 0.150390625 0.06640625
0 0.404296875 0.67578125 0.337890625 0.67578125 0.3359375 0.873046875 0.404296875 0.873046875 0.404296875 0.701171875
0 0.404296875 0.701171875 0.404296875 0.728515625 0.583984375 0.73046875 0.583984375 0.703125
0 0.080078125 0.59375 0.080078125 0.673828125 0.404296875 0.67578125 0.404296875 0.701171875 0.583984375 0.703125 0.583984375 0.595703125
0 0.0703125 0.73046875 0.068359375 0.87109375 0.1328125 0.87109375 0.134765625 0.73046875
0 0.0390625 0.619140625 0.037109375 0.728515625 0.01953125 0.728515625 0.017578125 0.783203125 0.068359375 0.783203125 0.0703125 0.619140625
0 0 0.578125 0 0.65234375 0.0390625 0.654296875 0.0390625 0.619140625 0.0703125 0.619140625 0.0703125 0.580078125
0 0.076171875 0.931640625 0.072265625 1 0.11328125 1 0.1171875 0.93359375
0 0.615234375 0.982421875 0.611328125 0.974609375 0.5625 1 0.66015625 1 0.64453125 0.966796875
0 0.798828125 0.884765625 0.64453125 0.966796875 0.66015625 1 0.669921875 1 0.818359375 0.921875
0 0.833984375 0.8671875 0.849609375 0.8984375 0.86328125 0.892578125 0.873046875 0.9140625 1 0.853515625 1 0.787109375
0 0.80859375 0.734375 0.548828125 0.865234375 0.59375 0.953125 0.853515625 0.822265625
0 0.1796875 0.673828125 0.177734375 1 0.21484375 1 0.216796875 0.748046875 0.23828125 0.748046875 0.240234375 0.693359375 0.265625 0.693359375 0.337890625 0.693359375 0.337890625 0.67578125
0 0.55078125 0.9765625 0.509765625 0.88671875 0.353515625 0.958984375 0.365234375 0.984375 0.3359375 1 0.501953125 1 0.505859375 0.998046875
0 0.85546875 0.73828125 0.818359375 0.755859375 0.849609375 0.81640625 0.884765625 0.798828125
0 0.896484375 0.7265625 0.859375 0.74609375 0.892578125 0.8125 0.931640625 0.79296875 0.900390625 0.734375
0 0.927734375 0.720703125 0.900390625 0.734375 0.927734375 0.787109375 0.978515625 0.76171875 0.9609375 0.7265625 0.935546875 0.73828125 0.93359375 0.732421875
0 0.583984375 0.6015625 0.583984375 0.73046875 0.634765625 0.73046875 0.634765625 0.697265625 1 0.69921875 1 0.603515625
0 0.306640625 0.06640625 0.306640625 0 0.16015625 0 0.16015625 0.06640625 0.306640625 0.06640625
0 0.0625 0.998046875 0.060546875 0.794921875 0 0.796875 0 1 0.0625 0.998046875
0 0.802734375 0.40234375 0.783203125 0.3671875 0.740234375 0.392578125 0.76171875 0.42578125 0.802734375 0.40234375