0 0.203125 0.8671875 0.146484375 0.875 0.056640625 0.982421875 0.21484375 0.962890625
0 0.9453125 0.005859375 0.939453125 0.07421875 1 0.078125 1 0.009765625
0 0.59765625 0.29296875 0.75 0.306640625 0.755859375 0.2421875 0.603515625 0.228515625
0 0.01171875 0.134765625 0.01171875 0.12890625 0 0.126953125 0 0.189453125 0.15234375 0.19140625 0.154296875 0.12890625 0.126953125 0.12890625 0.126953125 0.138671875 0.099609375 0.138671875 0.099609375 0.12890625 0.078125 0.12890625 0.078125 0.13671875 0.0703125 0.13671875 0.0703125 0.12890625 0.04296875 0.12890625 0.04296875 0.13671875 0.033203125 0.13671875
0 0.01171875 0.314453125 0.01171875 0.306640625 0 0.306640625 0 0.3671875 0.15234375 0.369140625 0.15234375 0.30859375 0.126953125 0.30859375 0.126953125 0.318359375 0.099609375 0.318359375 0.099609375 0.306640625 0.078125 0.306640625 0.078125 0.314453125 0.0703125 0.314453125 0.0703125 0.306640625 0.04296875 0.306640625 0.04296875 0.314453125 0.033203125 0.314453125
0 0.15234375 0.076171875 0.15234375 0.12890625 0.154296875 0.12890625 0.15234375 0.19140625 0.150390625 0.19140625 0.150390625 0.30859375 0.15234375 0.30859375 0.15234375 0.369140625 0.1484375 0.369140625 0.1484375 0.4375 0.224609375 0.439453125 0.228515625 0.076171875
0 0.033203125 0.57421875 0.013671875 0.556640625 0 0.5703125 0 0.611328125
0 0.224609375 0.060546875 0.224609375 0 0.001953125 0 0.001953125 0.05859375 0.224609375 0.060546875
0 0.859375 0.3671875 0.861328125 0.30078125 0.81640625 0.30078125 0.814453125 0.365234375 0.859375 0.3671875
0 0.529296875 0.439453125 0.52734375 0.36328125 0.494140625 0.36328125 0.49609375 0.44140625 0.529296875 0.439453125
0 1 0.6015625 1 0.548828125 0.958984375 0.548828125 0.9609375 0.603515625 1 0.6015625
0 0.998046875 0.14453125 1 0.107421875 0.91796875 0.103515625 0.916015625 0.140625 0.998046875 0.14453125