0 0.541015625 0.39453125 0.6875 0.35546875 0.666015625 0.27734375 0.51953125 0.31640625
0 0.609375 0.080078125 0.587890625 0 0.556640625 0 0.439453125 0.033203125 0.46484375 0.12109375
0 0.35546875 0.35546875 0.146484375 0.416015625 0.162109375 0.466796875 0.37109375 0.404296875
0 0.271484375 0.08984375 0.2578125 0.046875 0.060546875 0.107421875 0.072265625 0.1484375
0 0.12109375 0.3046875 0.32421875 0.244140625 0.310546875 0.19921875 0.107421875 0.259765625
0 0.107421875 0.427734375 0 0.458984375 0 0.5078125 0.12109375 0.47265625
0 0.7578125 0.01953125 0.751953125 0 0.658203125 0 0.673828125 0.044921875
0 0.76953125 0.42578125 0.771484375 0.43359375 0.71875 0.44921875 0.716796875 0.44140625 0.69140625 0.44921875 0.693359375 0.45703125 0.638671875 0.47265625 0.634765625 0.46484375 0.611328125 0.47265625 0.61328125 0.48046875 0.583984375 0.48828125 0.59765625 0.53515625 0.828125 0.466796875 0.814453125 0.419921875 0.791015625 0.427734375 0.7890625 0.419921875
0 0.29296875 0.572265625 0.30078125 0.5703125 0.291015625 0.537109375 0.283203125 0.5390625 0.279296875 0.5234375 0.234375 0.53515625 0.240234375 0.552734375 0.228515625 0.556640625 0.23828125 0.58984375 0.25 0.5859375 0.2578125 0.609375 0.30078125 0.595703125 0.294921875 0.576171875
0 0 0.607421875 0 0.615234375 0.00390625 0.626953125 0 0.626953125 0 0.65625 0.001953125 0.6640625 0.013671875 0.66015625 0.021484375 0.68359375 0.064453125 0.669921875 0.056640625 0.646484375 0.064453125 0.64453125 0.0546875 0.611328125 0.046875 0.61328125 0.04296875 0.59765625
0 0.376953125 0.57421875 0.419921875 0.560546875 0.4140625 0.537109375 0.419921875 0.53515625 0.41015625 0.501953125 0.404296875 0.50390625 0.3984375 0.48828125 0.35546875 0.5 0.359375 0.517578125 0.34765625 0.51953125 0.357421875 0.552734375 0.369140625 0.55078125 0.37109375 0.552734375
0 0.15625 0.556640625 0.11328125 0.5703125 0.119140625 0.587890625 0.10546875 0.58984375 0.1171875 0.623046875 0.12890625 0.62109375 0.134765625 0.64453125 0.1796875 0.630859375 0.171875 0.607421875 0.1796875 0.60546875 0.169921875 0.572265625 0.162109375 0.57421875 0.158203125 0.55859375
0 0.119140625 0.587890625 0.11328125 0.572265625 0 0.60546875 0 0.607421875 0.04296875 0.59765625 0.046875 0.61328125 0.0546875 0.611328125 0.064453125 0.64453125 0.12890625 0.625 0.12890625 0.62109375 0.1171875 0.623046875 0.10546875 0.58984375
0 0.240234375 0.552734375 0.234375 0.53515625 0.158203125 0.55859375 0.162109375 0.57421875 0.169921875 0.572265625 0.1796875 0.60546875 0.171875 0.607421875 0.173828125 0.611328125 0.251953125 0.58984375 0.25 0.5859375 0.23828125 0.58984375 0.228515625 0.556640625
0 0.359375 0.517578125 0.35546875 0.5 0.279296875 0.5234375 0.283203125 0.5390625 0.291015625 0.537109375 0.30078125 0.5703125 0.29296875 0.572265625 0.294921875 0.576171875 0.37109375 0.552734375 0.369140625 0.55078125 0.357421875 0.552734375 0.34765625 0.51953125
0 0.443359375 0.900390625 0.2265625 0.966796875 0.234375 1 0.291015625 1 0.458984375 0.94921875
0 0.2265625 0.966796875 0.115234375 1 0.234375 1
0 0.458984375 0.94921875 0.291015625 1 0.376953125 1 0.466796875 0.97265625
0 0.662109375 0.822265625 0.642578125 0.83984375 0.55078125 0.8671875 0.525390625 0.8671875 0.525390625 0.912109375 0.564453125 0.912109375 0.58203125 0.96875 0.67578125 0.939453125 0.66015625 0.890625 0.6953125 0.86328125
0 0.7265625 0.921875 0.673828125 0.9375 0.67578125 0.939453125 0.650390625 0.947265625 0.666015625 1 0.75 1
0 1 0.775390625 1 0.7265625 0.998046875 0.720703125 0.84765625 0.767578125 0.86328125 0.818359375 0.8828125 0.8125 0.900390625 0.865234375 1 0.833984375 1 0.814453125 0.98828125 0.779296875
0 0.0390625 0.18359375 0.029296875 0.125 0 0.130859375 0 0.189453125 0.0390625 0.18359375
0 1 0.998046875 1 0.9375 0.8515625 0.939453125 0.8515625 1 1 0.998046875
0 0.59375 0.564453125 0.580078125 0.494140625 0.529296875 0.50390625 0.541015625 0.57421875 0.59375 0.564453125