0 0.01171875 0.064453125 0 0.07421875 0 0.09375 0.0078125 0.103515625 0.029296875 0.083984375
0 0.05078125 0.03515625 0.048828125 0.03515625 0.0390625 0.04296875 0.037109375 0.041015625 0.01171875 0.064453125 0.029296875 0.083984375 0.03515625 0.080078125 0.0390625 0.0859375 0.056640625 0.068359375 0.05078125 0.0625 0.06640625 0.048828125 0.05078125 0.037109375
0 0.044921875 0.615234375 0.08984375 0.580078125 0.0703125 0.552734375 0.025390625 0.587890625
0 0.123046875 0.62109375 0.1484375 0.603515625 0.103515625 0.537109375 0.078125 0.5546875
0 0.037109375 0.330078125 0 0.3125 0 0.333984375 0.001953125 0.3359375 0 0.337890625 0 0.373046875 0.02734375 0.388671875 0.041015625 0.3671875 0.029296875 0.361328125 0.0390625 0.341796875 0.033203125 0.337890625
0 0 0.458984375 0 0.46484375 0.044921875 0.486328125 0.064453125 0.4453125 0.048828125 0.4375 0.052734375 0.4296875 0.037109375 0.421875 0.033203125 0.4296875 0.017578125 0.421875
0 0.0625 0.359375 0.041015625 0.400390625 0.083984375 0.42578125 0.107421875 0.384765625 0.072265625 0.365234375
0 0.08984375 0.375 0.095703125 0.365234375 0.076171875 0.35546875 0.072265625 0.365234375
0 0.052734375 0.4296875 0.0703125 0.439453125 0.078125 0.421875 0.0625 0.4140625
0 0.16796875 0.36328125 0.189453125 0.341796875 0.1796875 0.33203125 0.158203125 0.353515625
0 0.04296875 0.251953125 0.072265625 0.267578125 0.083984375 0.2421875 0.0546875 0.2265625
0 0.23828125 0.294921875 0.24609375 0.28515625 0.208984375 0.251953125 0.201171875 0.26171875 0.23046875 0.287109375
0 0.19921875 0.28125 0.21875 0.298828125 0.23046875 0.287109375 0.2109375 0.26953125
0 0.275390625 0.1875 0.287109375 0.173828125 0.259765625 0.150390625 0.248046875 0.1640625
0 0.3828125 0.177734375 0.3984375 0.166015625 0.375 0.140625 0.361328125 0.15234375
0 0.3984375 0.23828125 0.451171875 0.205078125 0.4375 0.18359375 0.384765625 0.21484375
0 0.345703125 0.271484375 0.36328125 0.263671875 0.35546875 0.248046875 0.337890625 0.255859375
0 0.357421875 0.294921875 0.376953125 0.279296875 0.3671875 0.265625 0.34765625 0.279296875
0 0.47265625 0.302734375 0.453125 0.291015625 0.42578125 0.34375 0.4453125 0.353515625 0.455078125 0.3359375
0 0.494140625 0.380859375 0.50390625 0.36328125 0.455078125 0.3359375 0.4453125 0.353515625
0 0.541015625 0.177734375 0.546875 0.166015625 0.533203125 0.158203125 0.52734375 0.16796875
0 0.69140625 0.29296875 0.72265625 0.302734375 0.73046875 0.28125 0.697265625 0.271484375
0 0.62890625 0.291015625 0.623046875 0.30859375 0.685546875 0.33203125 0.6953125 0.30859375 0.65234375 0.2890625 0.677734375 0.23046875 0.75 0.26171875 0.759765625 0.236328125 0.626953125 0.185546875 0.59375 0.2734375 0.60546875 0.279296875 0.603515625 0.283203125
0 0.478515625 0.521484375 0.498046875 0.505859375 0.46875 0.47265625 0.44921875 0.48828125
0 0.62109375 0.47265625 0.669921875 0.439453125 0.63671875 0.392578125 0.50390625 0.490234375 0.53515625 0.53515625 0.59765625 0.494140625 0.60546875 0.50390625 0.62890625 0.486328125
0 0.482421875 0.21875 0.517578125 0.244140625 0.51171875 0.25390625 0.59765625 0.3046875 0.603515625 0.283203125 0.60546875 0.279296875 0.59375 0.2734375 0.53125 0.236328125 0.537109375 0.228515625 0.54296875 0.232421875 0.57421875 0.193359375 0.55859375 0.181640625 0.52734375 0.220703125 0.498046875 0.19921875
0 0.517578125 0.2109375 0.541015625 0.177734375 0.51953125 0.1640625 0.498046875 0.19921875
0 0.974609375 0.576171875 0.98828125 0.5625 0.966796875 0.5390625 0.953125 0.552734375
0 0.423828125 0.083984375 0.423828125 0.046875 0.380859375 0.046875 0.380859375 0.083984375 0.423828125 0.083984375
0 0.39453125 0.484375 0.375 0.462890625 0.33984375 0.4921875 0.359375 0.513671875 0.39453125 0.484375