0 0.390625 0.923828125 0.455078125 0.857421875 0.478515625 0.890625 0.41796875 0.958984375
0 0.255859375 0.08203125 0.39453125 0.05859375 0.412109375 0.125 0.271484375 0.146484375
0 0.29296875 0.166015625 0.419921875 0.1484375 0.439453125 0.216796875 0.3125 0.236328125
0 0.318359375 0.294921875 0.4609375 0.27734375 0.474609375 0.39453125 0.33203125 0.41015625
0 0.6312705592105262 0.0616776315789474 0.7386924342105262 0.0304276315789474 0.8304893092105262 0.32925575657894735 0.7230674342105262 0.36050575657894735
0 0.5457442434210525 0.583264802631579 0.8094161184210525 0.577405427631579 0.8191817434210525 0.692639802631579 0.5555098684210525 0.698499177631579
0 0.012232730263157937 0.9944490131578947 0.3668791118421053 0.9954769736842104 0.3319284539473685 0.9399671052631579 0.12530838815789475 0.9379111842105262
0 0.2568873355263158 0.5750411184210527 0.520559210526316 0.5691817434210527 0.530324835526316 0.6844161184210527 0.2666529605263158 0.6902754934210527
0 0.008120888157894773 0.6778371710526315 0.23427220394736847 0.6305509868421052 0.32164884868421034 0.7697368421052629 0.05797697368421062 0.7755962171052629
0 0.2466077302631579 0.21628289473684212 0.2712787828947369 0.40851151315789475 0.009148848684210564 0.421875 0.008120888157894773 0.20394736842105265
0 1 0.0625 0.998046875 0 0.77734375 0.00390625 0.78125 0.07421875 1 0.0625