0 0.818359375 0 0.69140625 0 0.68359375 0.025390625 0.83984375 0.08203125 0.86328125 0.015625
0 0.638671875 0.158203125 0.76953125 0.203125 0.79296875 0.1328125 0.662109375 0.08984375
0 0.77734375 0.33203125 0.927734375 0.390625 0.951171875 0.328125 0.80078125 0.271484375
0 0.25390625 0.11328125 0.560546875 0.267578125 0.591796875 0.205078125 0.28515625 0.05078125
0 0.234375 0.10546875 0.265625 0.03515625 0.189453125 0 0.013671875 0
0 0.025390625 1 0.2734375 1 0.046875 0.931640625
0 0.07421875 0.845703125 0.287109375 0.9140625 0.30859375 0.849609375 0.09375 0.78125
0 0.33203125 0.93359375 0.5078125 0.9921875 0.52734375 0.93359375 0.349609375 0.875
0 0.16796875 0.541015625 0.46875 0.640625 0.48828125 0.578125 0.1875 0.478515625
0 0.033203125 0.259765625 0.00390625 0.322265625 0.10546875 0.369140625 0.1328125 0.306640625
0 0.1171875 0.720703125 0.3359375 0.791015625 0.357421875 0.724609375 0.138671875 0.654296875
0 0.392578125 0.787109375 0.578125 0.849609375 0.599609375 0.787109375 0.4140625 0.72265625
0 0.0859375 0.490234375 0.07421875 0.4453125 0 0.466796875 0 0.595703125 0.001953125 0.603515625 0.08203125 0.580078125 0.05859375 0.498046875
0 0.64453125 0.5546875 0.267578125 0.359375 0.228515625 0.435546875 0.5703125 0.611328125 0.5625 0.62890625 0.59765625 0.646484375 0.615234375 0.611328125
0 0.1953125 0.322265625 0.1484375 0.4140625 0.220703125 0.451171875 0.267578125 0.359375
0 0.474609375 0.0625 0.501953125 0.015625 0.458984375 0 0.43359375 0.0390625 0.474609375 0.0625
0 0.5703125 0.111328125 0.595703125 0.0625 0.53125 0.02734375 0.505859375 0.076171875 0.5703125 0.111328125
0 1 0.828125 0.998046875 0.71875 0.97265625 0.71875 0.97265625 0.828125 1 0.828125