0 0 0.9453125 0 1 0.029296875 1 0.017578125 0.943359375
0 0.564453125 0.017578125 0.666015625 0.001953125 0.6640625 0 0.560546875 0
0 0.67578125 0.15234375 0.599609375 0.16796875 0.603515625 0.1796875 0.580078125 0.18359375 0.58984375 0.23046875 0.6875 0.2109375
0 0.677734375 0.15234375 0.65625 0.041015625 0.587890625 0.0546875 0.611328125 0.166015625 0.67578125 0.15234375
0 0.826171875 0.328125 0.755859375 0.34375 0.828125 0.677734375 0.8984375 0.662109375 0.828125 0.330078125
0 0.701171875 0.666015625 0.765625 0.654296875 0.740234375 0.525390625 0.67578125 0.537109375
0 0.509765625 0.310546875 0.482421875 0.31640625 0.501953125 0.412109375 0.529296875 0.40625
0 0.548828125 0.40234375 0.515625 0.408203125 0.54296875 0.541015625 0.576171875 0.533203125
0 0.88671875 0.98046875 0.951171875 0.966796875 0.896484375 0.6875 0.83203125 0.69921875
0 0.8828125 0.3203125 0.8515625 0.326171875 0.880859375 0.48046875 0.9140625 0.47265625
0 0.95703125 0.87109375 0.962890625 0.908203125 1 0.900390625 1 0.880859375 0.99609375 0.86328125 0.96484375 0.869140625
0 0.919921875 0.47265625 0.888671875 0.478515625 0.96484375 0.869140625 0.99609375 0.86328125
0 0.8671875 0.29296875 0.796875 0.306640625 0.802734375 0.33203125 0.826171875 0.328125 0.828125 0.330078125 0.873046875 0.322265625
0 0.6015625 1 0.6875 1 0.662109375 0.865234375 0.578125 0.8828125
0 0.962890625 0.017578125 1 0.197265625 1 0.009765625
0 0.177734375 0.546875 0.068359375 0.005859375 0.009765625 0.017578125 0.1171875 0.55859375 0.177734375 0.546875
0 0.025390625 0.93359375 0.025390625 0.828125 0 0.828125 0 0.93359375 0.025390625 0.93359375