0 0.916015625 0.37890625 0.994140625 0.36328125 1 0.412109375 0.921875 0.427734375
0 0.9375 0.49609375 0.994140625 0.484375 1 0.53515625 0.94140625 0.544921875
0 0.953125 0.599609375 1 0.599609375 1 0.654296875 0.953125 0.654296875
0 0.966796875 0.72265625 1 0.72265625 0.998046875 0.7929687499999999 0.9708059210526315 0.7754934210526315
0 0.880859375 0.8714021381578948 0.9921875 0.8518708881578948 1 0.9006990131578948 0.88671875 0.9202302631578948
0 0.78125 0.759765625 0.935546875 0.732421875 0.943359375 0.783203125 0.7890625 0.80859375
0 0.763671875 0.642578125 0.919921875 0.6171875 0.9296875 0.6640625 0.771484375 0.6875
0 0.74609375 0.525390625 0.908203125 0.498046875 0.916015625 0.548828125 0.755859375 0.57421875
0 0.72265625 0.4140625 0.875 0.38671875 0.884765625 0.43359375 0.73046875 0.4609375
0 0.7166748046875 0.998046875 0.8451102120535714 0.9042968750000001 0.8893171037946429 0.9616873604910714 0.8370012555803572 0.998046875
0 0.60546875 0.966796875 0.765625 0.830078125 0.80078125 0.861328125 0.640625 0.998046875
0 0.525390625 0.8984375 0.6875 0.75 0.724609375 0.783203125 0.5625 0.931640625
0 0.06708635602678577 0.14643205915178573 0.1821812220982143 0.13509695870535718 0.15604073660714288 0.2024623325892857 0.08539690290178575 0.20485142299107145
0 0.23046875 0.240234375 0.326171875 0.240234375 0.326171875 0.318359375 0.23046875 0.318359375
0 0.359375 0.326171875 0.443359375 0.318359375 0.44921875 0.380859375 0.365234375 0.38671875
0 0.353515625 0.109375 0.419921875 0.1015625 0.42578125 0.173828125 0.357421875 0.181640625
0 0.455078125 0.162109375 0.53515625 0.162109375 0.53515625 0.25390625 0.455078125 0.25390625
0 0 0 0.060546875 0 0.060546875 0.03125 0 0.03125
0 0.09411621093750004 0.4141148158482143 0.03274972098214286 0.36990792410714285 0.14294433593750003 0.24408830915178573 0.20223563058035715 0.27547781808035715
0 0 0.416015625 0.026977539062500045 0.38534109933035715 0.07580566406250004 0.4420166015625 0 0.5440325055803572
0 0.037109375 0.572265625 0.111328125 0.478515625 0.1640625 0.513671875 0.08984375 0.609375
0 0.130859375 0.44921875 0.20703125 0.353515625 0.263671875 0.392578125 0.185546875 0.486328125
0 0.220703125 0.533203125 0.333984375 0.400390625 0.390625 0.439453125 0.27734375 0.57421875
0 0.142578125 0.654296875 0.224609375 0.5546875 0.283203125 0.595703125 0.203125 0.69140625
0 0.26171875 0.759765625 0.380859375 0.57421875 0.427734375 0.599609375 0.30859375 0.78125
0 0.384765625 0.556640625 0.5078125 0.365234375 0.55859375 0.390625 0.43359375 0.58203125
0 0.4296875 0.84375 0.556640625 0.658203125 0.5911167689732143 0.7018519810267857 0.484375 0.869140625
0 0.5546875 0.634765625 0.6640625 0.453125 0.712890625 0.48046875 0.60546875 0.662109375
0 0.5718470982142857 0.7600446428571428 0.6011439732142857 0.7112165178571428 0.6441127232142857 0.7366071428571428 0.6148158482142857 0.7854352678571428
0 0.751953125 0.267578125 0.8029959542410714 0.19787597656250003 0.96484375 0.173828125 0.998046875 0.25 0.8553118024553572 0.2737339564732143 0.783203125 0.34375
0 0.5546875 0.3046875 0.673828125 0.1015625 0.71875 0.12890625 0.6015625 0.333984375
0 0.681640625 0.09375 0.751953125 0.001953125 0.80078125 0.0234375 0.7265625 0.115234375
0 0.486328125 0.1171875 0.59375 0.00390625 0.6484375 0.03515625 0.541015625 0.150390625
0 0.388671875 0.068359375 0.474609375 0 0.53125 0.025390625 0.447265625 0.095703125
0 0.10545131138392862 0.07231794084821433 0.06970214843750004 0.04180036272321433 0.09934779575892862 0.0034354073660714758 0.1909005301339286 0.013898577008928619 0.13912527901785715 0.066650390625
0 1.3877787807814457e-17 0.09116908482142858 0.015624999999999986 0.061872209821428575 0.06640625000000006 0.09312220982142858 0.048828125000000035 0.12241908482142856
0 0.16960797991071427 0.18600027901785712 0.19499860491071427 0.14303152901785715 0.24577985491071425 0.17428152901785715 0.22038922991071427 0.21725027901785718
0 0.236328125 0.107421875 0.251953125 0.080078125 0.322265625 0.123046875 0.3046875 0.150390625
0 0.01171875 0.900390625 0.234375 0.7734375 0.28515625 0.849609375 0.0625 0.978515625
0 0.056640625 0.734375 0.1171875 0.65625 0.19140625 0.705078125 0.12890625 0.78515625
0 0.318359375 0.912109375 0.466796875 0.912109375 0.466796875 0.998046875 0.318359375 0.998046875
0 0.9610402960526315 0.9982524671052632 0.9961965460526315 0.9630962171052632 0.9999999999999999 0.9886924342105263 0.9907483552631577 0.9999999999999999
0 0 0.20936802455357148 0.026977539062500052 0.17869349888392863 0.07580566406250007 0.23536900111607148 0 0.3373849051339289
0 0.333984375 0.0234375 0.333984375 0 0.279296875 0 0.279296875 0.0234375 0.333984375 0.0234375
0 0.666015625 0.673828125 0.708984375 0.599609375 0.66796875 0.576171875 0.625 0.650390625 0.666015625 0.673828125