0 1 0.138671875 1 0.080078125 0.91015625 0.107421875 0.92578125 0.162109375
0 1 0.3359375 1 0.27734375 0.9453125 0.29296875 0.9609375 0.34765625
0 0.89453125 0.015625 0.908203125 0 0.876953125 0
0 0.404296875 0.10546875 0.375 0 0.259765625 0 0 0.068359375 0 0.212890625
0 0.53125 0.904296875 0.548828125 0.86328125 0.490234375 0.83984375 0.47265625 0.880859375
0 0.5 0.796875 0.515625 0.763671875 0.427734375 0.72265625 0.412109375 0.755859375
0 0.677734375 1 0.677734375 0.955078125 0.5859375 0.955078125 0.5859375 0.998046875 0.677734375 1
0 0.224609375 0.55859375 0.240234375 0.5234375 0.17578125 0.494140625 0.16015625 0.52734375 0.224609375 0.55859375
0 0.587890625 0.9765625 0.6171875 0.9375 0.576171875 0.908203125 0.546875 0.947265625 0.587890625 0.9765625
0 1 0.53125 1 0.4453125 0.970703125 0.4453125 0.97265625 0.53125 1 0.53125
0 0.72265625 0.8046875 0.74609375 0.771484375 0.70703125 0.744140625 0.68359375 0.77734375 0.72265625 0.8046875
0 0.412109375 0.224609375 0.41015625 0.189453125 0.37109375 0.189453125 0.373046875 0.2265625 0.412109375 0.224609375
0 0.580078125 0.849609375 0.599609375 0.81640625 0.57421875 0.80078125 0.5546875 0.833984375 0.580078125 0.849609375