0 0 0.923828125 0 0.986328125 0.0625 0.99609375 0.060546875 1 0.095703125 1 0.107421875 0.94140625 0.068359375 0.935546875
0 0.0859375 0.55859375 0.0859375 0.619140625 0.14453125 0.619140625 0.14453125 0.55859375 0.126953125 0.55859375
0 0.126953125 0.50390625 0 0.50390625 0 0.556640625 0.126953125 0.55859375
0 0.048828125 0.84765625 0.091796875 0.853515625 0.111328125 0.658203125 0.0703125 0.654296875
0 0.658203125 0.951171875 0.578125 0.939453125 0.576171875 0.9609375 0.599609375 0.962890625 0.59375 0.994140625 0.60546875 0.994140625 0.63671875 1 0.6484375 1 0.65625 0.96875
0 0.544921875 0.955078125 0.537109375 1 0.59375 1 0.599609375 0.962890625 0.576171875 0.9609375
0 0.212890625 0.892578125 0.201171875 0.9453125 0.404296875 0.98828125 0.416015625 0.935546875
0 0.177734375 0.939453125 0.1640625 1 0.2109375 1 0.22265625 0.94921875 0.201171875 0.9453125
0 0.416015625 0.935546875 0.40234375 0.994140625 0.4296875 1 0.5078125 1 0.517578125 0.958984375
0 0.1796875 0.875 0.166015625 0.9375 0.201171875 0.9453125 0.212890625 0.892578125 0.517578125 0.958984375 0.5078125 1 0.513671875 1 0.52734375 0.93359375 0.20703125 0.8671875
0 0.146484375 0.22265625 0.146484375 0.140625 0.083984375 0.140625 0.083984375 0.18359375 0.025390625 0.1875 0.03125 0.2578125 0.091796875 0.25390625
0 0.1640625 0.140625 0.166015625 0.0390625 0.083984375 0.0390625 0.083984375 0.140625 0.146484375 0.140625
0 0.0234375 0.169921875 0 0.169921875 0 0.259765625 0.03125 0.2578125 0.025390625 0.1875
0 0.7890625 0.162109375 0.8359375 0 0.34375 0 0.31640625 0.181640625 0.337890625 0.224609375 0.619140625 0.228515625 0.759765625 0.19140625
0 0.443359375 0.84375 0.615234375 0.876953125 0.6328125 0.787109375 0.4609375 0.75390625
0 0.7421875 0.740234375 0.7578125 0.65625 0.708984375 0.646484375 0.69140625 0.73046875 0.734375 0.740234375
0 0.681640625 0.728515625 0.6640625 0.8203125 0.638671875 0.814453125 0.62890625 0.865234375 0.67578125 0.875 0.6796875 0.857421875 0.708984375 0.86328125 0.734375 0.740234375 0.69140625 0.73046875
0 0.50390625 0.529296875 0.578125 0.529296875 0.580078125 0.453125 0.50390625 0.451171875 0.50390625 0.486328125
0 0.501953125 0.41796875 0.35546875 0.421875 0.265625 0.431640625 0.22265625 0.462890625 0.19140625 0.736328125 0.216796875 0.787109375 0.435546875 0.828125 0.44921875 0.748046875 0.275390625 0.71484375 0.30078125 0.494140625 0.50390625 0.486328125 0.50390625 0.478515625
0 0.59765625 0.4296875 0.6015625 0.48046875 0.72265625 0.47265625 0.73046875 0.5859375 0.765625 0.583984375 0.75390625 0.419921875
0 0.046875 0.6953125 0.044921875 0.6328125 0 0.634765625 0 0.697265625 0.046875 0.6953125