0 0.6875 0.78515625 0.6875 0.7578125 0.53125 0.7578125 0.53125 0.82421875 0.64453125 0.82421875
0 0.6875 0.693359375 0.62890625 0.693359375 0.62890625 0.7578125 0.6875 0.7578125
0 0.447265625 0.0703125 0.216796875 0.0703125 0.216796875 0.115234375 0.447265625 0.115234375
0 0.447265625 0.220703125 0.216796875 0.220703125 0.216796875 0.267578125 0.447265625 0.267578125
0 0.2109375 0.357421875 0.2109375 0.419921875 0.447265625 0.419921875 0.447265625 0.357421875 0.38671875 0.357421875
0 0.447265625 0.115234375 0.38671875 0.115234375 0.38671875 0.220703125 0.447265625 0.220703125
0 0.447265625 0.267578125 0.38671875 0.267578125 0.38671875 0.357421875 0.447265625 0.357421875
0 0 0.361328125 0 0.421875 0.029296875 0.421875 0.029296875 0.361328125
0 0.11328125 0.48828125 0.0859375 0.486328125 0.0859375 0.494140625 0.072265625 0.494140625 0.0703125 0.5625 0.0859375 0.5625 0.0859375 0.56640625 0.115234375 0.56640625 0.115234375 0.55859375 0.125 0.55859375 0.125 0.568359375 0.15234375 0.568359375 0.15234375 0.55859375 0.1796875 0.55859375 0.1796875 0.568359375 0.24609375 0.5703125 0.24609375 0.5625 0.275390625 0.5625 0.275390625 0.5703125 0.341796875 0.5703125 0.341796875 0.564453125 0.37109375 0.564453125 0.37109375 0.572265625 0.41796875 0.572265625 0.41796875 0.56640625 0.4296875 0.56640625 0.431640625 0.5 0.419921875 0.5 0.419921875 0.4921875 0.37109375 0.4921875 0.37109375 0.501953125 0.353515625 0.5 0.353515625 0.4921875 0.27734375 0.490234375 0.27734375 0.498046875 0.25 0.498046875 0.25 0.490234375 0.177734375 0.48828125 0.177734375 0.49609375 0.158203125 0.49609375 0.158203125 0.48828125 0.125 0.48828125 0.125 0.494140625 0.11328125 0.494140625
0 0.107421875 0.60546875 0.08203125 0.60546875 0.08203125 0.61328125 0.06640625 0.61328125 0.06640625 0.6796875 0.08203125 0.6796875 0.08203125 0.685546875 0.109375 0.685546875 0.109375 0.67578125 0.12109375 0.67578125 0.12109375 0.685546875 0.146484375 0.685546875 0.146484375 0.677734375 0.173828125 0.677734375 0.173828125 0.6875 0.2421875 0.6875 0.2421875 0.6796875 0.271484375 0.681640625 0.26953125 0.6875 0.3359375 0.689453125 0.337890625 0.681640625 0.365234375 0.681640625 0.365234375 0.689453125 0.412109375 0.69140625 0.4140625 0.685546875 0.42578125 0.685546875 0.427734375 0.619140625 0.4140625 0.619140625 0.4140625 0.611328125 0.365234375 0.611328125 0.365234375 0.619140625 0.349609375 0.619140625 0.349609375 0.609375 0.271484375 0.609375 0.271484375 0.6171875 0.244140625 0.615234375 0.244140625 0.607421875 0.173828125 0.607421875 0.171875 0.615234375 0.154296875 0.615234375 0.154296875 0.607421875 0.119140625 0.60546875 0.119140625 0.61328125 0.107421875 0.61328125
0 0.40625 0.978515625 0.080078125 0.97265625 0.060546875 0.998046875 0.05859375 1 0.423828125 1
0 0.599609375 0.921875 0.54296875 0.921875 0.54296875 1 0.599609375 1
0 0.513671875 0.138671875 0.65625 0.138671875 0.65625 0.08984375 0.513671875 0.08984375
0 0.705078125 0.138671875 0.705078125 0.05859375 0.65625 0.05859375 0.65625 0.138671875
0 0.533203125 0.5703125 0.5859375 0.5703125 0.5859375 0.2265625 0.533203125 0.2265625
0 0.537109375 0.65625 0.654296875 0.65625 0.654296875 0.611328125 0.537109375 0.611328125
0 0.701171875 0.65625 0.701171875 0.5625 0.654296875 0.5625 0.654296875 0.65625
0 0.6015625 0.498046875 0.671875 0.498046875 0.671875 0.44921875 0.6015625 0.44921875
0 0.640625 0.4296875 0.6875 0.4296875 0.6875 0.380859375 0.640625 0.380859375
0 0.671875 0.310546875 0.671875 0.263671875 0.599609375 0.263671875 0.599609375 0.310546875
0 0.63671875 0.26171875 0.68359375 0.26171875 0.68359375 0.212890625 0.63671875 0.212890625
0 0.017578125 0.732421875 0 0.732421875 0 0.78125 0.017578125 0.78125
0 0.189453125 0.76171875 0.1875 0.8515625 0.220703125 0.853515625 0.220703125 0.841796875 0.275390625 0.84375 0.275390625 0.853515625 0.3828125 0.85546875 0.3828125 0.84375 0.4296875 0.845703125 0.4296875 0.857421875 0.47265625 0.857421875 0.47265625 0.767578125
0 0.189453125 0.783203125 0.103515625 0.783203125 0.1015625 0.8515625 0.1875 0.8515625
0 0.890625 0.025390625 0.884765625 0.025390625 0.884765625 0.072265625 0.892578125 0.072265625 0.892578125 0.0859375 0.9375 0.0859375 0.9375 0 0.890625 0
0 0.927734375 0.310546875 0.927734375 0.357421875 1 0.357421875 1 0.310546875
0 0.927734375 0.310546875 0.9375 0.310546875 0.9375 0.115234375 0.890625 0.115234375 0.890625 0.341796875 0.927734375 0.341796875
0 1 0.197265625 1 0.1484375 0.95703125 0.1484375 0.95703125 0.197265625
0 0.892578125 0.419921875 0.892578125 0.546875 1 0.546875 1 0.46484375 0.953125 0.46484375 0.953125 0.419921875
0 1 0.673828125 1 0.623046875 0.96484375 0.623046875 0.96484375 0.673828125
0 0.96484375 0.5546875 0.916015625 0.5546875 0.916015625 0.673828125 0.96484375 0.673828125 0.96484375 0.623046875
0 1 0.419921875 1 0.357421875 0.892578125 0.357421875 0.892578125 0.419921875 0.953125 0.419921875
0 0 0.935546875 0 0.982421875 0.009765625 0.982421875 0.009765625 0.935546875
0 0.513671875 0.052734375 0.58984375 0.0546875 0.58984375 0 0.513671875 0
0 0.173828125 0.12890625 0.17578125 0.060546875 0 0.056640625 0 0.123046875 0.173828125 0.12890625
0 0.17578125 0.27734375 0.177734375 0.2109375 0 0.20703125 0 0.2734375 0.17578125 0.27734375
0 0.041015625 0.56640625 0.0390625 0.486328125 0 0.486328125 0 0.56640625 0.041015625 0.56640625
0 0.453125 0.05859375 0.453125 0 0.380859375 0 0.380859375 0.056640625 0.453125 0.05859375
0 0.02734375 0.6953125 0.02734375 0.62109375 0 0.619140625 0 0.6953125 0.02734375 0.6953125