0 0.255859375 0.826171875 0.25390625 0.8984375 0.302734375 0.8984375 0.302734375 0.888671875 0.3359375 0.890625 0.333984375 0.8984375 0.3828125 0.900390625 0.3828125 0.888671875 0.404296875 0.888671875 0.404296875 0.900390625 0.521484375 0.90234375 0.521484375 0.892578125 0.54296875 0.892578125 0.541015625 0.90234375 0.6015625 0.904296875 0.603515625 0.83203125
0 0.328125 0.96484375 0.2578125 0.96484375 0.255859375 1 0.56640625 1 0.56640625 0.986328125 0.5546875 0.986328125 0.5546875 0.96875 0.529296875 0.96875 0.529296875 0.982421875 0.45703125 0.98046875 0.45703125 0.966796875 0.392578125 0.966796875 0.392578125 0.98046875 0.328125 0.98046875
0 0.318359375 0.494140625 0.318359375 0.5546875 0.65625 0.556640625 0.658203125 0.498046875
0 0.271484375 0.0859375 0.26953125 0.2578125 0.6015625 0.26171875 0.6015625 0.193359375 0.33203125 0.19140625 0.333984375 0.0859375 0.28515625 0.0859375
0 0 0.36328125 0 0.490234375 0.015625 0.490234375 0.017578125 0.365234375
0 0.236328125 0.392578125 0.23828125 0.34375 0.017578125 0.33984375 0.017578125 0.390625
0 0.216796875 0.603515625 0.216796875 0.5546875 0 0.55078125 0 0.6015625
0 0.234375 0.224609375 0.234375 0.173828125 0.01953125 0.169921875 0.01953125 0.22265625
0 0 0.197265625 0 0.322265625 0.01953125 0.322265625 0.01953125 0.19921875
0 0.21875 0.08984375 0.21875 0.037109375 0 0.03515625 0 0.0859375
0 0.208984375 0.705078125 0.208984375 0.65234375 0 0.650390625 0 0.701171875
0 0.4609375 0.716796875 0.4609375 0.6484375 0.259765625 0.646484375 0.2578125 0.71484375
0 0.625 0.953125 0.625 1 0.74609375 1 0.748046875 0.955078125
0 0.962890625 0.87109375 0.923828125 0.87109375 0.921875 1 0.9609375 1
0 0.97265625 0.609375 0.91796875 0.609375 0.912109375 0.841796875 0.966796875 0.841796875 0.97265625 0.623046875
0 0.919921875 0.56640625 0.91796875 0.609375 0.97265625 0.609375 0.97265625 0.623046875 1 0.623046875 1 0.568359375
0 0.9765625 0.09375 0.9765625 0.15234375 1 0.15234375 1 0.09375
0 0.982421875 0.3359375 0.98046875 0.388671875 1 0.388671875 1 0.3359375
0 1 0.09375 1 0.04296875 0.94921875 0.04296875 0.9609375 0.388671875 0.9609375 0.3984375 0.98046875 0.3984375 1 0.3984375 1 0.388671875 0.98046875 0.388671875 0.982421875 0.3359375 1 0.3359375 1 0.15234375 0.9765625 0.15234375 0.9765625 0.09375
0 0.681640625 0.08984375 0.67578125 0.498046875 0.658203125 0.498046875 0.65625 0.5390625 0.73828125 0.541015625 0.744140625 0.08984375 0.734375 0.08984375
0 0.734375 0.08984375 0.734375 0.076171875 0.697265625 0.041015625 0.328125 0.037109375 0.28515625 0.0859375 0.333984375 0.0859375
0 0.61328125 0.392578125 0.61328125 0.34375 0.32421875 0.341796875 0.32421875 0.388671875
0 0.318359375 0.466796875 0.3359375 0.466796875 0.337890625 0.40234375 0.32421875 0.40234375 0.32421875 0.388671875 0.32421875 0.341796875 0.3203125 0.341796875 0.2734375 0.3828125 0.271484375 0.552734375 0.318359375 0.5546875 0.318359375 0.494140625
0 0.634765625 0.828125 0.634765625 0.88671875 0.72265625 0.888671875 0.72265625 0.857421875 0.734375 0.857421875 0.734375 0.830078125 0.65625 0.828125
0 0.736328125 0.587890625 0.66015625 0.587890625 0.65625 0.828125 0.734375 0.830078125
0 0.580078125 0.5859375 0.578125 0.640625 0.658203125 0.642578125 0.66015625 0.587890625
0 0.236328125 1 0.236328125 0.9765625 0.0703125 0.9765625 0.0703125 1 0.236328125 1
0 0.544921875 0.681640625 0.544921875 0.625 0.46875 0.625 0.46875 0.681640625 0.544921875 0.681640625
0 1 1 1 0.884765625 0.966796875 0.884765625 0.966796875 1 1 1