0 0.794921875 0.380859375 0.87890625 0.19921875 0.849609375 0.185546875 0.763671875 0.3671875
0 0.87890625 0.19921875 0.794921875 0.380859375 0.8125 0.390625 0.8984375 0.208984375
0 0.53125 0.607421875 0.513671875 0.64453125 0.6484375 0.7109375 0.666015625 0.67578125
0 0.578125 0.341796875 0.51953125 0.4609375 0.6015625 0.501953125 0.66015625 0.3828125
0 0.66015625 0.3828125 0.62890625 0.447265625 0.708984375 0.486328125 0.740234375 0.423828125
0 0.51953125 0.4609375 0.447265625 0.603515625 0.443359375 0.6015625 0.43359375 0.6171875 0.5078125 0.654296875 0.587890625 0.494140625
0 0.71484375 0.521484375 0.65625 0.48046875 0.630859375 0.517578125 0.662109375 0.5390625 0.64453125 0.5625 0.673828125 0.58203125 0.689453125 0.55859375
0 0.609375 0.5390625 0.57421875 0.58984375 0.638671875 0.6328125 0.65234375 0.61328125 0.68359375 0.634765625 0.705078125 0.60546875 0.64453125 0.5625
0 0.615234375 0.7578125 0.52734375 0.693359375 0.505859375 0.720703125 0.564453125 0.765625 0.5390625 0.80078125 0.568359375 0.82421875 0.595703125 0.787109375
0 0.51171875 0.791015625 0.53125 0.76171875 0.46484375 0.7109375 0.443359375 0.740234375
0 0.46484375 0.6484375 0.4140625 0.71875 0.443359375 0.740234375 0.474609375 0.697265625 0.505859375 0.720703125 0.52734375 0.693359375
0 0.4765625 0.78515625 0.4609375 0.8125 0.546875 0.869140625 0.564453125 0.841796875
0 0.388671875 0.728515625 0.341796875 0.798828125 0.37109375 0.818359375 0.396484375 0.779296875 0.439453125 0.80859375 0.443359375 0.80078125 0.4609375 0.8125 0.4765625 0.78515625 0.43359375 0.7578125
0 0.388671875 0.88671875 0.486328125 0.951171875 0.505859375 0.919921875 0.408203125 0.85546875
0 0.408203125 0.935546875 0.390625 0.9609375 0.4453125 1 0.453125 1 0.470703125 0.9765625
0 0.337890625 0.888671875 0.3203125 0.9140625 0.341796875 0.9296875 0.32421875 0.953125 0.35546875 0.97265625 0.37109375 0.94921875 0.390625 0.9609375 0.408203125 0.935546875
0 0.287109375 0.927734375 0.271484375 0.951171875 0.33984375 0.99609375 0.35546875 0.97265625 0.32421875 0.953125
0 0.35546875 0.97265625 0.337890625 1 0.39453125 1
0 0.654296875 0.14453125 0.666015625 0.109375 0.62890625 0.09765625 0.6171875 0.1328125 0.654296875 0.14453125
0 0.701171875 0.126953125 0.71875 0.06640625 0.6875 0.056640625 0.66796875 0.1171875 0.701171875 0.126953125
0 0.978515625 0.02734375 0.978515625 0 0.8515625 0 0.8515625 0.02734375 0.978515625 0.02734375