0 0.7890625 0 0.724609375 0 0.74609375 0.078125 0.806640625 0.0625
0 0.890625 0.21484375 1 0.18359375 1 0.1328125 0.876953125 0.16796875
0 0.712890625 0.7421875 0.650390625 0.759765625 0.7109375 0.9765625 0.7734375 0.958984375
0 0.6796875 0.2109375 0.802734375 0.177734375 0.787109375 0.12109375 0.611328125 0.171875 0.642578125 0.28125 0.6953125 0.265625
0 0.80078125 0.1171875 0.81640625 0.173828125 1 0.12109375 1 0.060546875
0 0.736328125 0.306640625 0.732421875 0.291015625 0.658203125 0.3125 0.671875 0.36328125 0.732421875 0.345703125 0.736328125 0.359375 1 0.28515625 1 0.232421875
0 0.6484375 0.02734375 0.685546875 0.015625 0.6796875 0 0.5703125 0 0.60546875 0.123046875 0.669921875 0.10546875
0 0.439453125 0.05859375 0.435546875 0.048828125 0.296875 0.087890625 0.310546875 0.134765625 0.4453125 0.09765625 0.458984375 0.146484375 0.509765625 0.1328125 0.486328125 0.044921875
0 0.49609375 0.212890625 0.482421875 0.162109375 0.306640625 0.2109375 0.3203125 0.26171875 0.412109375 0.236328125
0 0.3203125 0.26171875 0.33203125 0.298828125 0.35546875 0.291015625 0.380859375 0.376953125 0.447265625 0.359375 0.412109375 0.236328125
0 0.357421875 0.720703125 0.34375 0.673828125 0.15625 0.724609375 0.169921875 0.7734375
0 0.376953125 0.71484375 0.169921875 0.7734375 0.18359375 0.822265625 0.390625 0.763671875
0 0.4296875 0.720703125 0.662109375 0.654296875 0.6484375 0.599609375 0.4140625 0.666015625
0 0.33203125 0.892578125 0.482421875 0.849609375 0.46875 0.8046875 0.3203125 0.845703125
0 0.646484375 0.744140625 0.486328125 0.787109375 0.50390625 0.845703125 0.662109375 0.80078125
0 0.568359375 0.970703125 0.509765625 0.986328125 0.513671875 1 0.576171875 1
0 0.69921875 0.93359375 0.568359375 0.970703125 0.576171875 1 0.62890625 1 0.7109375 0.9765625
0 0.677734375 0.85546875 0.4765625 0.91015625 0.47265625 0.896484375 0.337890625 0.93359375 0.35546875 0.994140625 0.689453125 0.900390625
0 0.185546875 0.859375 0.212890625 0.953125 0.236328125 0.9453125 0.21875 0.880859375 0.27734375 0.865234375 0.294921875 0.9296875 0.322265625 0.921875 0.296875 0.828125
0 0.287109375 0.931640625 0.212890625 0.953125 0.224609375 1 0.306640625 1
0 0.0703125 0.8671875 0.12109375 0.853515625 0.099609375 0.775390625 0.048828125 0.7890625
0 0.0859375 0.8671875 0.08984375 0.880859375 0.02734375 0.8984375 0.0234375 0.884765625 0.00390625 0.888671875 0.0078125 0.904296875 0 0.90625 0 0.96875 0.146484375 0.927734375 0.12890625 0.869140625 0.10546875 0.876953125 0.1015625 0.861328125
0 0.0703125 0.353515625 0 0.4765625 0 0.482421875 0.04296875 0.470703125 0.072265625 0.419921875 0.09375 0.431640625 0.12109375 0.3828125
0 0.103515625 0.3515625 0.27734375 0.046875 0.2421875 0.02734375 0.068359375 0.33203125
0 0.2265625 0.25 0.283203125 0.162109375 0.2578125 0.14453125 0.201171875 0.234375
0 0.302734375 0.064453125 0.404296875 0.03125 0.3984375 0.01171875 0.296875 0.044921875
0 0.892578125 0.943359375 0.84765625 0.95703125 0.859375 1 0.908203125 1
0 0.78515625 0.7734375 1 0.712890625 1 0.66796875 0.7734375 0.732421875
0 0.794921875 0.81640625 0.8125 0.8828125 0.8359375 0.876953125 0.849609375 0.923828125 1 0.880859375 1 0.830078125 0.8671875 0.8671875 0.84765625 0.80078125
0 0.748046875 0.638671875 1 0.568359375 1 0.529296875 0.994140625 0.509765625 0.732421875 0.583984375
0 0.9765625 0.39453125 0.98046875 0.41015625 0.6953125 0.490234375 0.70703125 0.53125 1 0.44921875 1 0.38671875
0 0.517578125 0.361328125 0.326171875 0.4140625 0.341796875 0.46875 0.533203125 0.416015625
0 0.208984375 0.33984375 0.228515625 0.408203125 0.2578125 0.400390625 0.26171875 0.4140625 0 0.48828125 0 0.55859375 0.30859375 0.474609375 0.265625 0.322265625
0 0.541015625 0.353515625 0.513671875 0.259765625 0.46875 0.2734375 0.494140625 0.3671875 0.517578125 0.361328125
0 0.388671875 0.572265625 0.119140625 0.6484375 0.1328125 0.6953125 0.40234375 0.62109375
0 0.400390625 0.6171875 0.615234375 0.556640625 0.603515625 0.515625 0.388671875 0.576171875
0 0.1015625 0.71484375 0.087890625 0.6640625 0 0.6875 0 0.7421875
0 1 0.998046875 0.998046875 0.939453125 0.923828125 0.94140625 0.92578125 1 1 0.998046875