0 0.943359375 1 1 1 1 0.939453125 0.931640625 0.9609375
0 0.892578125 0.96484375 0.779296875 1 0.90234375 1
0 0.50390625 0.951171875 0.630859375 0.91015625 0.625 0.892578125 0.6328125 0.890625 0.619140625 0.849609375 0.595703125 0.85546875 0.58984375 0.83984375 0.56640625 0.845703125 0.576171875 0.880859375 0.552734375 0.88671875 0.54296875 0.853515625 0.509765625 0.86328125 0.515625 0.880859375 0.47265625 0.89453125 0.486328125 0.935546875 0.498046875 0.931640625 0.498046875 0.9375
0 0.8203125 0.779296875 0.830078125 0.814453125 0.802734375 0.822265625 0.79296875 0.787109375 0.744140625 0.802734375 0.748046875 0.814453125 0.724609375 0.822265625 0.740234375 0.875 0.763671875 0.8671875 0.767578125 0.87890625 0.865234375 0.849609375 0.861328125 0.8359375 0.8828125 0.830078125 0.8671875 0.77734375 0.845703125 0.783203125 0.841796875 0.771484375
0 0.474609375 0.697265625 0.47265625 0.69140625 0.5 0.68359375 0.501953125 0.689453125 0.537109375 0.677734375 0.53125 0.66015625 0.55078125 0.654296875 0.537109375 0.611328125 0.517578125 0.6171875 0.513671875 0.6015625 0.48828125 0.609375 0.498046875 0.642578125 0.46875 0.65234375 0.466796875 0.65234375 0.45703125 0.619140625 0.427734375 0.626953125 0.43359375 0.64453125 0.396484375 0.65625 0.41015625 0.697265625 0.43359375 0.69140625 0.439453125 0.708984375 0.451171875 0.705078125
0 0.439453125 0.708984375 0.43359375 0.69140625 0.41015625 0.697265625 0.408203125 0.693359375 0.3828125 0.701171875 0.4609375 0.94921875 0.498046875 0.9375 0.498046875 0.931640625 0.486328125 0.935546875 0.47265625 0.89453125 0.5078125 0.8828125 0.451171875 0.705078125
0 0.896484375 0.4765625 0.919921875 0.470703125 0.91796875 0.462890625 0.7421875 0.517578125 0.748046875 0.533203125 0.767578125 0.52734375 0.775390625 0.5546875 0.908203125 0.513671875
0 0.712890625 0.525390625 0.716796875 0.54296875 0.69140625 0.55078125 0.6875 0.533203125 0.64453125 0.546875 0.650390625 0.564453125 0.625 0.572265625 0.638671875 0.61328125 0.662109375 0.60546875 0.66796875 0.625 0.705078125 0.61328125 0.703125 0.607421875 0.728515625 0.59765625 0.732421875 0.60546875 0.767578125 0.59375 0.76171875 0.576171875 0.78125 0.5703125 0.767578125 0.52734375 0.748046875 0.533203125 0.7421875 0.517578125
0 0.982421875 0.431640625 0.98828125 0.44921875 0.962890625 0.45703125 0.95703125 0.439453125 0.916015625 0.453125 0.919921875 0.470703125 0.896484375 0.4765625 0.91015625 0.51953125 0.93359375 0.51171875 0.939453125 0.53125 0.974609375 0.51953125 0.97265625 0.513671875 1 0.50390625 1 0.42578125
0 0.224609375 0.51953125 0.220703125 0.501953125 0.21484375 0.484375 0.20703125 0.46875 0.197265625 0.453125 0.185546875 0.44140625 0.171875 0.427734375 0.15625 0.41796875 0.140625 0.41015625 0.123046875 0.404296875 0.10546875 0.400390625 0.087890625 0.400390625 0.072265625 0.400390625 0.0546875 0.404296875 0.0390625 0.408203125 0.025390625 0.416015625 0.01171875 0.423828125 0 0.431640625 0 0.689453125 0.0078125 0.685546875 0.021484375 0.67578125 0.03125 0.6640625 0.04296875 0.6484375 0.048828125 0.580078125 0.1640625 0.54296875 0.16796875 0.556640625 0.2265625 0.537109375
0 0.462890625 0.314453125 0.517578125 0.291015625 0.50390625 0.255859375 0.44921875 0.27734375
0 0.599609375 0.197265625 0.59765625 0.234375 0.66796875 0.23828125 0.669921875 0.201171875
0 0.701171875 0.201171875 0.701171875 0.240234375 0.763671875 0.2421875 0.765625 0.205078125