0 0.08984375 0.09765625 0.1328125 0.138671875 0.162109375 0.10546875 0.119140625 0.064453125
0 0.037109375 0.046875 0.078125 0.080078125 0.09765625 0.052734375 0.056640625 0.021484375
0 0.005859375 0.177734375 0.048828125 0.197265625 0.064453125 0.158203125 0.021484375 0.138671875
0 0.27734375 0.091796875 0.3203125 0.12890625 0.3515625 0.091796875 0.30859375 0.0546875
0 0.77734375 0.583984375 0.810546875 0.548828125 0.73828125 0.4765625 0.703125 0.51171875
0 0.16796875 0.51171875 0.10546875 0.4453125 0.068359375 0.482421875 0.130859375 0.548828125 0.16796875 0.51171875
0 0.064453125 0.728515625 0.064453125 0.646484375 0 0.646484375 0 0.728515625 0.064453125 0.728515625
0 0.390625 0.015625 0.36328125 0 0.328125 0.03125 0.35546875 0.056640625 0.390625 0.015625
0 0.873046875 0.529296875 0.90234375 0.494140625 0.875 0.47265625 0.84765625 0.509765625 0.873046875 0.529296875
0 0.16796875 0.623046875 0.1015625 0.55859375 0.07421875 0.5859375 0.138671875 0.65234375 0.16796875 0.623046875
0 0.13671875 0.76953125 0.142578125 0.73046875 0.087890625 0.720703125 0.080078125 0.759765625 0.13671875 0.76953125
0 0.421875 0.046875 0.40234375 0.029296875 0.369140625 0.064453125 0.390625 0.08203125 0.421875 0.046875
0 0.33984375 0.025390625 0.337890625 0 0.28515625 0 0.287109375 0.029296875 0.33984375 0.025390625