0 0.966796875 0.6015625 1 0.6015625 1 0.544921875 0.966796875 0.544921875
0 0.96484375 0.462890625 1 0.462890625 1 0.3828125 0.966796875 0.3828125
0 1 0.708984375 1 0.66015625 0.95703125 0.66015625 0.955078125 0.708984375
0 1 0.89453125 1 0.83203125 0.947265625 0.83203125 0.9453125 0.89453125
0 0.52734375 0.396484375 0.439453125 0.400390625 0.443359375 0.484375 0.53125 0.48046875
0 0.53125 0.48046875 0.478515625 0.484375 0.486328125 1 0.5390625 1
0 0.51171875 0.25 0.0390625 0.271484375 0.04296875 0.3515625 0.515625 0.330078125
0 0.5234375 0.330078125 0 0.353515625 0 0.421875 0.52734375 0.396484375
0 0.041015625 0.306640625 0 0.306640625 0 0.353515625 0.04296875 0.3515625
0 0.572265625 0.44921875 0.5390625 0.44921875 0.541015625 0.59375 0.572265625 0.59375
0 0.541015625 0.744140625 0.568359375 0.744140625 0.568359375 0.634765625 0.541015625 0.634765625
0 0.580078125 0.634765625 0.580078125 0.59375 0.541015625 0.59375 0.541015625 0.634765625 0.568359375 0.634765625
0 0.56640625 0.33984375 0.53125 0.33984375 0.53125 0.44921875 0.56640625 0.44921875
0 0.572265625 0.265625 0.6015625 0.33984375 0.65234375 0.3203125 0.623046875 0.24609375
0 0.681640625 0.224609375 0.623046875 0.24609375 0.65234375 0.3203125 0.7109375 0.298828125
0 0.603515625 0.10546875 0.640625 0.201171875 0.669921875 0.19140625 0.6328125 0.09375
0 0.685546875 0.072265625 0.6328125 0.09375 0.7109375 0.298828125 0.765625 0.27734375
0 0.603515625 0.10546875 0.541015625 0.12890625 0.541015625 0.20703125 0.556640625 0.24609375 0.64453125 0.2109375 0.640625 0.201171875
0 0.650390625 0.662109375 0.650390625 0.681640625 0.62109375 0.681640625 0.62109375 0.71875 0.873046875 0.724609375 0.873046875 0.6875 0.71484375 0.68359375 0.716796875 0.6640625
0 0.904296875 0.662109375 0.875 0.662109375 0.87109375 0.78125 0.90234375 0.783203125 0.904296875 0.6875
0 0.134765625 0.5078125 0.134765625 0.529296875 0.107421875 0.529296875 0.123046875 0.962890625 0.14453125 0.962890625 0.146484375 0.982421875 0.25390625 0.978515625 0.25390625 0.958984375 0.27734375 0.958984375 0.263671875 0.525390625 0.244140625 0.525390625 0.244140625 0.505859375
0 0.736328125 0.333984375 0.65234375 0.3671875 0.673828125 0.423828125 0.650390625 0.43359375 0.662109375 0.46484375 0.76953125 0.423828125
0 0.8515625 0.35546875 0.7578125 0.392578125 0.77734375 0.443359375 0.8046875 0.431640625 0.814453125 0.455078125 0.880859375 0.4296875
0 0.833984375 0.458984375 0.833984375 0.61328125 0.87890625 0.61328125 0.876953125 0.458984375
0 0.62890625 0.482421875 0.62890625 0.548828125 0.671875 0.548828125 0.671875 0.560546875 0.775390625 0.560546875 0.775390625 0.548828125 0.822265625 0.548828125 0.822265625 0.482421875
0 0.37890625 0.087890625 0.37890625 0 0.115234375 0 0.115234375 0.08984375 0.37890625 0.087890625
0 0.03125 1 0.03125 0.900390625 0 0.900390625 0 1 0.03125 1
0 0.3515625 0.58984375 0.34765625 0.55859375 0.283203125 0.56640625 0.287109375 0.59765625 0.3515625 0.58984375
0 0.875 0.2734375 0.861328125 0.23046875 0.818359375 0.24609375 0.83203125 0.287109375 0.875 0.2734375
0 0.341796875 0.64453125 0.33984375 0.61328125 0.28125 0.615234375 0.283203125 0.6484375 0.341796875 0.64453125
0 0.541015625 0.021484375 0.53125 0 0.380859375 0.05078125 0.390625 0.080078125 0.541015625 0.021484375