0 0.21628289473684212 0.04564144736842109 0.3550575657894737 0 0.5211759868421052 0 0.5760690789473684 0.01891447368421056 0.3416940789473685 0.10012335526315792 0.2471217105263158 0.09909539473684213
0 0.666015625 0.892578125 0.80078125 0.85546875 0.830078125 0.921875 0.693359375 0.9609375
0 0.7890625 0.927734375 0.826171875 0.916015625 0.8515625 0.984375 0.814453125 0.99609375
0 0.576171875 0.953125 0.6875 0.953125 0.6875 0.99609375 0.576171875 0.99609375
0 0.53125 0.615234375 0.83984375 0.54296875 0.9317434210526315 0.7847450657894736 0.5812088815789473 0.8710937499999999
0 0.9204358552631579 0.9204358552631579 0.9800575657894736 0.894736842105263 0.9923930921052632 0.9379111842105262 0.9317434210526315 0.9646381578947367
0 0.9399671052631579 0.9646381578947367 0.998046875 0.9307154605263157 1 0.98828125 0.95703125 0.9999999999999999
0 0.4722450657894737 0.528782894736842 0.7734374999999999 0.4527138157894737 0.787109375 0.54296875 0.494860197368421 0.6151315789473684
0 0.9296875 0.12890625 0.978515625 0.12890625 0.978515625 0.17578125 0.9296875 0.17578125
0 0.5719572368421052 0.03947368421052635 0.6552220394736842 0.008634868421052665 0.7485608552631579 0.24403782894736842 0.6541940789473684 0.2779605263157895
0 0.41776315789473684 0.1319901315789474 0.5032894736842104 0.09837582236842106 0.5380345394736842 0.1587171052631579 0.44449013157894735 0.19263980263157898
0 0.3359374999999999 0.16385690789473686 0.41365131578947356 0.1309621710526316 0.43935032894736825 0.18338815789473686 0.3554687499999999 0.21463815789473686
0 0.5400904605263157 0.22142269736842107 0.5740131578947368 0.20703125000000003 0.5575657894736842 0.16488486842105265 0.6121504934210527 0.14617598684210525 0.6521381578947368 0.270764802631579 0.5647615131578947 0.3046875
0 0.510999177631579 0.09560032894736842 0.575452302631579 0.07216282894736842 0.612561677631579 0.14638157894736845 0.548108552631579 0.16981907894736845
0 0.2286184210526316 0.8392269736842104 0.29440789473684215 0.841282894736842 0.3108552631578947 0.9399671052631579 0.2369449013157895 0.946546052631579
0 0.28721217105263164 0.7929687499999999 0.36698190789473684 0.762438322368421 0.38065378289473684 0.842516447368421 0.29666940789473684 0.852282072368421
0 0 0.5503700657894737 0 0.865953947368421 0.111328125 0.8374794407894737
0 0.28515625 0.797080592105263 0.29317434210526316 0.8368626644736841 0.18575246710526314 0.8446751644736841
0 0 0.5308388157894737 0.0343338815789474 0.5164473684210525 0.10937500000000003 0.5380345394736842 0.20569490131578944 0.8019120065789473 0.11245888157894737 0.8402549342105262
0 0.0014391447368421184 0.919407894736842 0.2306743421052632 0.8967927631578947 0.24300986842105263 0.998046875 0 0.998046875
0 0.982421875 0.875 0.96875 0.83984375 0.890625 0.869140625 0.90234375 0.904296875 0.982421875 0.875
0 0.6640625 0.46484375 0.65625 0.421875 0.55078125 0.4453125 0.560546875 0.486328125 0.6640625 0.46484375