0 0.8046875 0.486328125 0.72265625 0.884765625 1 0.939453125 1 0.5234375 0.859375 0.49609375
0 0.986328125 0.2734375 0.908203125 0.2578125 0.87109375 0.44140625 1 0.466796875 1 0.240234375 0.9921875 0.240234375
0 0.87109375 0.44140625 0.859375 0.49609375 0.88671875 0.501953125 0.8984375 0.447265625
0 0.6875 0.21875 0.68359375 0.240234375 0.646484375 0.232421875 0.544921875 0.740234375 0.6875 0.76953125 0.7890625 0.26171875 0.779296875 0.259765625 0.78515625 0.23828125
0 0.564453125 0.9296875 0.59765625 0.8046875 0.009765625 0.6484375 0 0.68359375 0 0.779296875
0 0.634765625 0.775390625 0.638671875 0.759765625 0.607421875 0.75390625 0.583984375 0.87109375 0.671875 0.888671875 0.693359375 0.787109375
0 0.408203125 0.568359375 0.50390625 0.197265625 0 0.064453125 0 0.4609375
0 0.77734375 0.03515625 0.783203125 0 0.73046875 0 0.724609375 0.029296875 0.73828125 0.03125 0.728515625 0.076171875 1 0.130859375 1 0.080078125 0.783203125 0.037109375
0 0.658203125 0.025390625 0.662109375 0 0.607421875 0 0.6015625 0.013671875 0.658203125 0.025390625
0 0.603515625 0.408203125 0.60546875 0.384765625 0.5546875 0.380859375 0.552734375 0.404296875 0.603515625 0.408203125
0 0.486328125 0.1328125 0.490234375 0.109375 0.419921875 0.095703125 0.4140625 0.119140625 0.486328125 0.1328125
0 0.58203125 0.486328125 0.583984375 0.45703125 0.51171875 0.447265625 0.5078125 0.4765625 0.58203125 0.486328125
0 0.53125 0.564453125 0.537109375 0.5390625 0.484375 0.52734375 0.478515625 0.552734375 0.53125 0.564453125