0 0.720703125 0.1796875 0.994140625 0.10546875 0.984375 0.06640625 0.751953125 0.12890625 0.716796875 0 0.669921875 0
0 1 0.0625 1 0 0.939453125 0 0.9609375 0.072265625 0.97265625 0.0703125
0 0.150390625 0 0.14453125 0 0.080078125 0.029296875 0.150390625 0.19140625 0.220703125 0.162109375
0 0.55859375 0.05078125 0.53515625 0 0.451171875 0 0.486328125 0.08203125 0.55078125 0.0546875
0 0.265625 0.28125 0.181640625 0.318359375 0.1953125 0.34765625 0.279296875 0.310546875
0 0.259765625 0.501953125 0.294921875 0.484375 0.27734375 0.4453125 0.306640625 0.431640625 0.32421875 0.47265625 0.35546875 0.458984375 0.3203125 0.37890625 0.224609375 0.421875
0 0.287109375 0.306640625 0.19140625 0.349609375 0.224609375 0.421875 0.255859375 0.408203125 0.23828125 0.369140625 0.27734375 0.3515625 0.294921875 0.390625 0.3203125 0.37890625
0 0.5859375 0.775390625 0.73828125 0.7109375 0.7109375 0.650390625 0.55859375 0.71484375
0 0.25390625 0.8203125 0.1640625 0.595703125 0 0.66015625 0 0.919921875
0 0.970703125 0.494140625 0.98046875 0.517578125 0.94921875 0.529296875 0.966796875 0.57421875 0.998046875 0.560546875 1 0.56640625 1 0.48046875
0 0.515625 0.3125 0.521484375 0.248046875 0.39453125 0.236328125 0.388671875 0.30078125 0.515625 0.3125
0 0.998046875 0.875 1 0.7734375 0.958984375 0.7734375 0.95703125 0.875 0.998046875 0.875
0 0.029296875 0.181640625 0.029296875 0.10546875 0 0.103515625 0 0.181640625 0.029296875 0.181640625