0 0.3251439144736842 0.38712993421052627 0.5575657894736842 0.36955180921052627 0.5614720394736842 0.41837993421052627 0.3310032894736842 0.43400493421052627
0 0.32956414473684215 0.24989720394736842 0.5365953947368421 0.23427220394736842 0.5405016447368421 0.27919407894736864 0.33347039473684215 0.29481907894736864
0 0.7538034539473685 0.21638569078947367 0.9745065789473685 0.20271381578947367 0.9784128289473685 0.2515419407894737 0.7577097039473685 0.2632606907894739
0 0.755859375 0.3507401315789474 0.982421875 0.3429276315789474 0.986328125 0.3995682565789474 0.7578125 0.4073807565789474
0 0.5731907894736842 0.1743421052631579 0.5731907894736842 0.1391858552631579 0.9716282894736842 0.1391858552631579 0.9716282894736842 0.1743421052631579
0 0.314453125 0.158203125 0.533203125 0.140625 0.537109375 0.185546875 0.318359375 0.201171875
0 0.5733963815789473 0.22923519736842107 0.7276932565789473 0.21946957236842107 0.7315995065789473 0.26829769736842146 0.5773026315789473 0.27806332236842146
0 0.5810032894736842 0.3726356907894737 0.7353001644736842 0.3609169407894737 0.7392064144736842 0.4077919407894737 0.5849095394736842 0.4195106907894737
0 0.07874177631578949 0.18307976973684215 0.3033511513157895 0.18307976973684215 0.3033511513157895 0.45261101973684215 0.07874177631578949 0.45261101973684215
0 0.7881373355263157 0.6634457236842105 0.9990748355263157 0.6634457236842105 0.9990748355263157 0.7181332236842105 0.7881373355263157 0.7181332236842105
0 0.7871093750000001 0.7756990131578947 1 0.7756990131578947 1 0.8303865131578947 0.7871093750000001 0.8303865131578947
0 0.78125 0.8928865131578948 0.998046875 0.8928865131578948 0.998046875 0.9475740131578948 0.78125 0.9475740131578948
0 0.056640625 0.8450863486842105 0.158203125 0.8450863486842105 0.158203125 0.9388363486842105 0.056640625 0.9388363486842105
0 0.6220189144736842 0.9433593750000001 0.7743626644736842 0.9433593750000001 0.7743626644736842 1 0.6220189144736842 1
0 0.623046875 0.822265625 0.7734375 0.822265625 0.7734375 0.87890625 0.623046875 0.87890625
0 0.619140625 0.7066200657894738 0.767578125 0.7066200657894738 0.767578125 0.7632606907894738 0.619140625 0.7632606907894738
0 0.310546875 0.951171875 0.583984375 0.951171875 0.583984375 1 0.310546875 1
0 0.314453125 0.7047697368421052 0.58984375 0.7047697368421052 0.58984375 0.7614103618421052 0.314453125 0.7614103618421052
0 0.3125 0.8203125 0.587890625 0.8203125 0.587890625 0.875 0.3125 0.875
0 0.05129523026315791 0.7046669407894737 0.1606702302631579 0.7046669407894737 0.1606702302631579 0.7827919407894737 0.05129523026315791 0.7827919407894737
0 0.17002467105263158 0.7013774671052632 0.2891652960526316 0.7013774671052632 0.2891652960526316 0.7755962171052632 0.17002467105263158 0.7755962171052632
0 0.188957819633474 0.8493551608665689 0.2912398920018949 0.8442153582349902 0.2907259117387369 0.9860739108665688 0.188957819633474 0.9809341082349899
0 1 0.583984375 1 0.548828125 0.93359375 0.544921875 0.931640625 0.580078125 1 0.583984375