0 0.966796875 0.03125 0.98828125 0.03125 0.98828125 0 0.966796875 0
0 0.982421875 0.103515625 1 0.09765625 1 0.091796875 0.984375 0.044921875 0.966796875 0.05078125
0 0.861328125 0.029296875 0.8125 0.025390625 0.80859375 0.05859375 0.857421875 0.064453125
0 0.87890625 0.076171875 0.876953125 0.103515625 0.90625 0.10546875 0.91015625 0.080078125 0.884765625 0.076171875
0 0.841796875 0.099609375 0.83984375 0.12109375 0.8828125 0.125 0.884765625 0.103515625
0 0.8203125 0.060546875 0.81640625 0.095703125 0.876953125 0.103515625 0.87890625 0.076171875 0.884765625 0.076171875 0.884765625 0.068359375 0.857421875 0.064453125
0 0.892578125 0.125 0.88671875 0.173828125 0.9140625 0.177734375 0.919921875 0.12890625 0.90234375 0.126953125
0 0.884765625 0.103515625 0.8828125 0.125 0.90234375 0.126953125 0.904296875 0.10546875
0 0.48046875 0.08203125 0.505859375 0.07421875 0.486328125 0.01171875 0.462890625 0.01953125
0 0.470703125 0 0.396484375 0 0.390625 0.001953125 0.40234375 0.037109375 0.4765625 0.013671875
0 0.537109375 0.0625 0.537109375 0.064453125 0.5390625 0.064453125 0.541015625 0.068359375 0.544921875 0.072265625 0.548828125 0.072265625 0.55078125 0.072265625 0.556640625 0.072265625 0.560546875 0.0703125 0.564453125 0.06640625 0.56640625 0.0625 0.56640625 0.056640625 0.56640625 0.0546875 0.56640625 0.05078125 0.564453125 0.048828125 0.560546875 0.044921875 0.556640625 0.04296875 0.55078125 0.04296875 0.546875 0.04296875 0.544921875 0.04296875 0.54296875 0.044921875 0.541015625 0.044921875 0.5390625 0.048828125 0.537109375 0.052734375 0.537109375 0.05859375 0.537109375 0.060546875
0 0.736328125 0.00390625 0.875 0.0234375 0.876953125 0.01171875 0.80078125 0 0.736328125 0
0 0.64453125 0.13671875 0.6796875 0.134765625 0.677734375 0.0859375 0.640625 0.087890625
0 0.736328125 0.11328125 0.732421875 0.08984375 0.712890625 0.091796875 0.716796875 0.115234375
0 0.7109375 0.0859375 0.685546875 0.08984375 0.693359375 0.1328125 0.71875 0.12890625
0 0.970703125 0.177734375 0.97265625 0.134765625 0.927734375 0.134765625 0.92578125 0.177734375 0.970703125 0.177734375
0 0.73046875 0.244140625 0.736328125 0.18359375 0.55859375 0.166015625 0.552734375 0.224609375 0.73046875 0.244140625
0 1 0.55078125 0.966796875 0.517578125 0.923828125 0.556640625 0.95703125 0.591796875 1 0.55078125