0 0.5859375 0.87890625 0.466796875 0.994140625 0.46484375 1 1 1 1 0.90234375
0 0.400390625 0.04296875 0.3984375 0.18359375 0.4296875 0.18359375 0.43359375 0.044921875
0 0.400390625 0.00390625 0.400390625 0.04296875 0.5390625 0.046875 0.5390625 0.005859375
0 0.43359375 0.044921875 0.4296875 0.18359375 0.537109375 0.185546875 0.537109375 0.142578125 0.474609375 0.142578125 0.474609375 0.09765625 0.537109375 0.09765625 0.5390625 0.046875
0 0.357421875 0.373046875 0.44921875 0.375 0.451171875 0.287109375 0.359375 0.28515625
0 0.361328125 0.21875 0.359375 0.28515625 0.515625 0.287109375 0.517578125 0.220703125
0 0.66796875 0.439453125 0.84765625 0.453125 0.853515625 0.373046875 0.673828125 0.359375
0 0.677734375 0.107421875 0.86328125 0.119140625 0.869140625 0.025390625 0.68359375 0.013671875
0 0.1015625 0.150390625 0.107421875 0.03125 0.068359375 0.029296875 0.060546875 0.1484375 0.1015625 0.150390625
0 0.037109375 0.998046875 0.037109375 0.951171875 0 0.951171875 0 0.998046875 0.037109375 0.998046875
0 0.37890625 0.05078125 0.37890625 0 0.33984375 0 0.341796875 0.05078125 0.37890625 0.05078125
0 0.0234375 0.07421875 0.0234375 0 0 0 0 0.07421875 0.0234375 0.07421875