0 0.72265625 0.263671875 0.912109375 0.16796875 0.8828125 0.111328125 0.6953125 0.20703125
0 0.91796875 0.826171875 0.947265625 0.884765625 1 0.857421875 1 0.783203125
0 0.94921875 0.50390625 0.921875 0.453125 0.759765625 0.53515625 0.787109375 0.587890625
0 0.767578125 0.55078125 0.6328125 0.619140625 0.662109375 0.673828125 0.794921875 0.60546875 0.787109375 0.587890625
0 0.873046875 0.748046875 0.84765625 0.697265625 0.705078125 0.76953125 0.73046875 0.8203125 0.775390625 0.796875
0 0.630859375 0.15234375 0.59765625 0.0859375 0.412109375 0.181640625 0.4453125 0.24609375 0.5 0.21875
0 0.5078125 0.375 0.689453125 0.283203125 0.66015625 0.224609375 0.4765625 0.31640625
0 0.978515625 0.314453125 1 0.302734375 1 0.234375 0.951171875 0.259765625
0 0.646484375 0.1171875 0.87890625 0 0.7421875 0 0.619140625 0.0625
0 0.880859375 0.73046875 1 0.669921875 1 0.599609375 0.853515625 0.67578125
0 0.923828125 0.88671875 0.8984375 0.837890625 0.767578125 0.904296875 0.791015625 0.953125 0.83984375 0.927734375
0 0.537109375 0 0.416015625 0 0.36328125 0.02734375 0.392578125 0.083984375 0.54296875 0.0078125
0 0.57421875 0.40234375 0.533203125 0.421875 0.55859375 0.470703125 0.59765625 0.451171875
0 0.814453125 0.41015625 0.787109375 0.35546875 0.55859375 0.470703125 0.5859375 0.525390625 0.63671875 0.5
0 0.392578125 0.083984375 0.373046875 0.046875 0.34765625 0.060546875 0.4765625 0.31640625 0.53515625 0.287109375 0.5 0.21875 0.4453125 0.24609375 0.412109375 0.181640625 0.466796875 0.15234375 0.423828125 0.068359375
0 0.234375 0.171875 0.203125 0.111328125 0 0.212890625 0 0.2890625
0 0.052734375 0.43359375 0.2890625 0.3125 0.2578125 0.25 0.021484375 0.37109375
0 0.05859375 0.572265625 0.025390625 0.505859375 0 0.517578125 0 0.6015625
0 0.115234375 0.564453125 0.359375 0.44140625 0.328125 0.37890625 0.083984375 0.50390625
0 0.1796875 0.703125 0.423828125 0.578125 0.392578125 0.517578125 0.1484375 0.640625
0 0.2578125 0.859375 0.501953125 0.734375 0.470703125 0.673828125 0.2265625 0.798828125
0 0.32421875 1 0.328125 1 0.5703125 0.876953125 0.5390625 0.81640625 0.294921875 0.939453125
0 0.181640625 0.81640625 0.03125 0.892578125 0.025390625 0.880859375 0 0.892578125 0 0.9609375 0.052734375 0.93359375 0.060546875 0.94921875 0.2109375 0.873046875
0 0.09765625 0.703125 0.05859375 0.623046875 0 0.650390625 0 0.751953125
0 0.83984375 0.927734375 0.791015625 0.953125 0.80859375 1 0.873046875 1
0 0.775390625 0.796875 0.73046875 0.8203125 0.767578125 0.904296875 0.81640625 0.87890625
0 0.7109375 0.650390625 0.662109375 0.673828125 0.705078125 0.76953125 0.755859375 0.744140625
0 0.63671875 0.5 0.5859375 0.525390625 0.6328125 0.619140625 0.681640625 0.59375
0 0.638671875 1 0.638671875 0.955078125 0.4765625 0.955078125 0.4765625 0.998046875 0.638671875 1
0 0.2734375 1 0.2734375 0.947265625 0.1328125 0.9453125 0.1328125 1 0.2734375 1
0 0.34375 0.037109375 0.345703125 0 0.2734375 0 0.271484375 0.03515625 0.34375 0.037109375
0 0.4765625 0.650390625 0.4375 0.580078125 0.390625 0.603515625 0.4296875 0.67578125 0.4765625 0.650390625
0 1 1 0.998046875 0.96484375 0.935546875 0.96484375 0.935546875 1 1 1