0 0.970703125 0.95703125 0.87890625 0.97265625 0.8828125 1 0.9765625 1
0 0.9609375 0.8984375 0.666015625 0.94921875 0.673828125 1 0.720703125 1 0.970703125 0.95703125
0 0.94140625 0.783203125 0.84765625 0.80078125 0.8671875 0.9140625 0.9609375 0.8984375
0 0.9296875 0.724609375 0.634765625 0.77734375 0.646484375 0.8359375 0.939453125 0.783203125
0 0.62890625 0.947265625 0.279296875 1 0.63671875 1
0 0.3046875 0.873046875 0.58984375 0.83203125 0.580078125 0.77734375 0.296875 0.818359375
0 0.23046875 0.796875 0.220703125 0.810546875 0.244140625 0.828125 0.220703125 0.859375 0.2421875 0.875 0.275390625 0.830078125
0 0.279296875 0.8203125 0.2890625 0.822265625 0.294921875 0.796875 0.283203125 0.794921875
0 0.75390625 0.04296875 0.734375 0.04296875 0.734375 0.076171875 0.755859375 0.07421875
0 0.734375 0.0546875 0.666015625 0.056640625 0.666015625 0.078125 0.734375 0.076171875
0 0.7578125 0.07421875 0.564453125 0.08203125 0.56640625 0.12109375 0.759765625 0.115234375
0 0.5078125 0 0.48046875 0 0.482421875 0.060546875 0.509765625 0.060546875 0.5078125 0.025390625
0 0.48046875 0.0625 0.482421875 0.125 0.56640625 0.123046875 0.564453125 0.0703125 0.509765625 0.072265625 0.509765625 0.060546875
0 0.666015625 0.01953125 0.6640625 0 0.521484375 0 0.521484375 0.0234375 0.64453125 0.01953125
0 0.64453125 0.01953125 0.5625 0.0234375 0.564453125 0.08203125 0.646484375 0.078125
0 0.5625 0.0234375 0.5078125 0.025390625 0.509765625 0.072265625 0.564453125 0.0703125
0 0.361328125 0.638671875 0.310546875 0.638671875 0.310546875 0.677734375 0.361328125 0.677734375
0 0.533203125 0.638671875 0.37890625 0.638671875 0.37890625 0.677734375 0.533203125 0.677734375
0 0.931640625 0.62890625 0.818359375 0.6328125 0.818359375 0.6640625 0.931640625 0.658203125
0 0.5390625 0.67578125 0.615234375 0.671875 0.61328125 0.640625 0.5390625 0.64453125
0 0.818359375 0.6328125 0.61328125 0.640625 0.615234375 0.671875 0.818359375 0.6640625
0 0.498046875 0.62890625 0.5 0.59765625 0.447265625 0.59765625 0.447265625 0.62890625
0 0.447265625 0.591796875 0.419921875 0.591796875 0.419921875 0.62890625 0.447265625 0.62890625 0.447265625 0.59765625
0 0.84765625 0.521484375 0.8828125 0.5234375 0.884765625 0.509765625 0.84765625 0.5078125
0 0.798828125 0.455078125 0.796875 0.505859375 0.921875 0.509765625 0.923828125 0.458984375
0 0.732421875 0.38671875 0.765625 0.38671875 0.767578125 0.244140625 0.734375 0.244140625
0 0.80078125 0.36328125 0.861328125 0.353515625 0.859375 0.333984375 0.796875 0.34375
0 0.861328125 0.333984375 0.857421875 0.306640625 0.79296875 0.31640625 0.796875 0.34375 0.859375 0.333984375
0 0.810546875 0.23046875 0.857421875 0.224609375 0.8515625 0.1875 0.806640625 0.1953125
0 0.80078125 0.150390625 0.830078125 0.1484375 0.828125 0.1328125 0.80078125 0.134765625
0 0.84375 0.08203125 0.83984375 0.0625 0.7890625 0.072265625 0.791015625 0.08984375 0.8359375 0.08203125
0 0.8359375 0.08203125 0.791015625 0.08984375 0.798828125 0.126953125 0.841796875 0.119140625
0 0.490234375 0.16015625 0.4453125 0.16015625 0.4453125 0.2109375 0.490234375 0.2109375
0 0.75390625 0.150390625 0.490234375 0.154296875 0.4921875 0.2421875 0.755859375 0.23828125
0 0.46875 0.10546875 0.4453125 0.10546875 0.4453125 0.13671875 0.46875 0.13671875 0.46875 0.126953125
0 0.490234375 0.126953125 0.46875 0.126953125 0.46875 0.16015625 0.490234375 0.16015625 0.490234375 0.154296875
0 0.365234375 0.080078125 0.408203125 0.083984375 0.412109375 0.05078125 0.3671875 0.048828125
0 0.201171875 0.4140625 0.216796875 0.423828125 0.224609375 0.408203125 0.208984375 0.400390625
0 0 0.060546875 0 0.09765625 0.021484375 0.1015625 0.02734375 0.06640625
0 0.423828125 0.03125 0.423828125 0 0.373046875 0 0.373046875 0.03125 0.423828125 0.03125
0 0.390625 0.1796875 0.390625 0.095703125 0.3046875 0.095703125 0.3046875 0.1796875 0.390625 0.1796875
0 0.76171875 0.021484375 0.76171875 0 0.681640625 0 0.681640625 0.021484375 0.76171875 0.021484375
0 0.849609375 0.181640625 0.845703125 0.150390625 0.7890625 0.158203125 0.794921875 0.19140625 0.849609375 0.181640625
0 0.193359375 0.26953125 0.203125 0.240234375 0.16796875 0.23046875 0.16015625 0.259765625 0.193359375 0.26953125
0 0.353515625 0.525390625 0.373046875 0.46875 0.333984375 0.455078125 0.3125 0.509765625 0.353515625 0.525390625