0 0.12890625 0 0 0 0 0.06640625
0 0.33984375 0.677734375 0.306640625 0.46484375 0.20703125 0.48046875 0.240234375 0.693359375
0 0.20703125 0.48046875 0 0.51171875 0 0.728515625 0.240234375 0.693359375
0 1 0.048828125 1 0 0.974609375 0
0 0.84765625 0 0.837890625 0 0.806640625 0.017578125 0.859375 0.123046875 0.828125 0.140625 0.7734375 0.03515625 0.734375 0.0546875 0.828125 0.240234375 0.94140625 0.181640625 0.90234375 0.10546875
0 0.1875 0.193359375 0.287109375 0.142578125 0.26171875 0 0.24609375 0 0.12109375 0.064453125 0.181640625 0.18359375
0 0.12109375 0.064453125 0 0.125 0 0.275390625 0.181640625 0.18359375
0 0.3828125 0.017578125 0.306640625 0.025390625 0.3125 0.060546875 0.38671875 0.052734375
0 0.3359375 0.05859375 0.30078125 0.0625 0.30859375 0.11328125 0.34375 0.107421875
0 0.51953125 0.0859375 0.51171875 0.03515625 0.3359375 0.05859375 0.34375 0.107421875 0.375 0.103515625
0 0.40625 0.203125 0.49609375 0.1875 0.484375 0.125 0.396484375 0.140625
0 0.509765625 0.244140625 0.46875 0.244140625 0.46875 0.2734375 0.509765625 0.2734375
0 0.46875 0.244140625 0.509765625 0.244140625 0.509765625 0.205078125 0.4140625 0.224609375 0.416015625 0.2734375 0.46875 0.2734375
0 0.52734375 0.39453125 0.572265625 0.392578125 0.572265625 0.30078125 0.525390625 0.30078125 0.525390625 0.31640625
0 0.54296875 0.205078125 0.509765625 0.205078125 0.509765625 0.2734375 0.525390625 0.2734375 0.525390625 0.30078125 0.54296875 0.30078125
0 0.447265625 0.37109375 0.35546875 0.380859375 0.3828125 0.609375 0.5703125 0.61328125 0.572265625 0.423828125 0.509765625 0.423828125 0.5078125 0.521484375 0.46484375 0.521484375
0 0.359375 0.275390625 0.359375 0.318359375 0.525390625 0.31640625 0.525390625 0.2734375 0.416015625 0.2734375
0 0.02734375 0.427734375 0.0390625 0.4765625 0.208984375 0.435546875 0.197265625 0.38671875 0.150390625 0.3984375
0 0.29296875 0.337890625 0.2578125 0.34375 0.26171875 0.3671875 0.296875 0.36328125
0 0.20703125 0.384765625 0.205078125 0.376953125 0.26171875 0.3671875 0.2578125 0.34375 0.205078125 0.349609375 0.1328125 0.380859375 0.150390625 0.3984375 0.197265625 0.38671875
0 0.306640625 0.361328125 0.205078125 0.376953125 0.2109375 0.41796875 0.314453125 0.40234375
0 0.01953125 0.783203125 0.173828125 0.76171875 0.169921875 0.732421875 0.015625 0.75390625 0.01953125 0.7734375
0 0.015625 0.75390625 0 0.755859375 0 0.775390625 0.01953125 0.7734375
0 0.98828125 0.654296875 0.990234375 0.49609375 0.861328125 0.494140625 0.859375 0.65234375
0 0.86328125 0.48046875 0.7890625 0.48046875 0.78515625 0.708984375 0.857421875 0.7109375 0.859375 0.65234375
0 0.78125 0.787109375 0.78125 0.85546875 0.923828125 0.857421875 0.923828125 0.791015625 0.798828125 0.787109375
0 0.765625 0.708984375 0.763671875 0.787109375 0.798828125 0.787109375 0.798828125 0.7109375 0.78515625 0.708984375
0 0.087890625 0.8671875 0.056640625 0.8671875 0.05859375 0.919921875 0.08984375 0.91796875
0 0.08984375 0.91796875 0.041015625 0.919921875 0.04296875 1 0.09375 1
0 0.203125 0.970703125 0.271484375 0.978515625 0.283203125 0.865234375 0.21484375 0.857421875
0 0.35546875 0.1875 0.345703125 0.138671875 0.3046875 0.146484375 0.314453125 0.1953125 0.35546875 0.1875
0 0.025390625 1 0.0234375 0.828125 0 0.828125 0 1 0.025390625 1
0 0.32421875 0.728515625 0.31640625 0.6875 0.26953125 0.697265625 0.27734375 0.736328125 0.32421875 0.728515625
0 0.662109375 0.099609375 0.62890625 0.037109375 0.60546875 0.048828125 0.638671875 0.111328125 0.662109375 0.099609375
0 0.400390625 0.185546875 0.39453125 0.15234375 0.349609375 0.16015625 0.353515625 0.193359375 0.400390625 0.185546875