0 0.0859375 0 0 0 0 0.05078125 0.037109375 0.125 0.126953125 0.080078125
0 0.775390625 0.28515625 1 0.26953125 1 0.208984375 0.771484375 0.224609375
0 0.755859375 0.13671875 1 0.12109375 1 0.060546875 0.751953125 0.078125
0 0.388671875 0.18359375 0.708984375 0.1640625 0.705078125 0.103515625 0.384765625 0.123046875
0 0.50390625 0.30859375 0.705078125 0.302734375 0.703125 0.23828125 0.501953125 0.244140625
0 0.189453125 0.96875 0.125 1 0.203125 1
0 0.47265625 0.779296875 0.6328125 0.765625 0.62109375 0.630859375 0.462890625 0.64453125
0 0.7578125 0.779296875 0.62109375 0.79296875 0.626953125 0.8515625 0.763671875 0.837890625 0.76171875 0.80859375
0 0.904296875 0.703125 0.751953125 0.71875 0.76171875 0.80859375 0.9140625 0.794921875
0 0.91015625 0.52734375 0.896484375 0.52734375 0.83203125 0.53515625 0.810546875 0.65234375 0.81640625 0.712890625 0.92578125 0.701171875
0 0.701171875 0.52734375 0.6875 0.482421875 0.40234375 0.5703125 0.33984375 0.77734375 0.392578125 0.79296875 0.44921875 0.60546875
0 0.345703125 0.681640625 0.322265625 0.6328125 0.216796875 0.68359375 0.240234375 0.732421875 0.291015625 0.70703125
0 0.291015625 0.70703125 0.240234375 0.732421875 0.29296875 0.841796875 0.34375 0.81640625
0 0.82421875 0.517578125 1 0.5078125 1 0.4609375 0.822265625 0.470703125
0 0.59765625 0.060546875 0.595703125 0 0.380859375 0.001953125 0.380859375 0.064453125
0 0.3046875 0.173828125 0.29296875 0 0.23046875 0 0.2421875 0.17578125
0 0.767578125 0.66015625 0.791015625 0.609375 0.736328125 0.5859375 0.71484375 0.63671875
0 0.703125 0.779296875 0.724609375 0.705078125 0.67578125 0.689453125 0.65234375 0.763671875
0 0.060546875 0.685546875 0.060546875 0.548828125 0 0.548828125 0 0.685546875
0 0.748046875 0.71484375 0.76171875 0.681640625 0.69140625 0.65234375 0.677734375 0.685546875
0 0.998046875 1 0.998046875 0.953125 0.96875 0.953125 0.96875 1
0 0.46455719111969107 0.9381334459459459 0.29639237451737455 0.9419039575289575 0.28206443050193053 0.9682975386100386 0.2732791385135136 0.9999999999999999 0.47134411196911197 0.998046875
0 0.998046875 0.526393581081081 0.909477557915058 0.5301640926640927 0.9358711389961389 0.7480996621621622 0.998046875 0.7496078667953668