0 0.677734375 0.046875 0.712890625 0.060546875 0.732421875 0.01171875 0.701171875 0 0.6953125 0
0 0.759765625 0.0703125 0.79296875 0.078125 0.8046875 0.025390625 0.771484375 0.017578125
0 0.36328125 0.005859375 0.400390625 0.013671875 0.40234375 0 0.36328125 0
0 0.41015625 0.021484375 0.447265625 0.02734375 0.451171875 0 0.412109375 0
0 0.462890625 0.009765625 0.49609375 0.013671875 0.498046875 0 0.462890625 0
0 0.505859375 0.017578125 0.546875 0.02734375 0.552734375 0 0.509765625 0
0 0.08203125 0.80078125 0.119140625 0.759765625 0.083984375 0.728515625 0.046875 0.767578125
0 0.28125 0.826171875 0.29296875 0.8125 0.27734375 0.794921875 0.263671875 0.80859375
0 0.310546875 0.859375 0.328125 0.84375 0.3046875 0.8203125 0.2890625 0.8359375
0 0.326171875 0.880859375 0.349609375 0.8671875 0.33984375 0.8515625 0.318359375 0.865234375
0 0.939453125 0.17578125 0.994140625 0.04296875 0.927734375 0.015625 0.873046875 0.1484375 0.939453125 0.17578125
0 0.068359375 0.0625 0.064453125 0.03125 0 0.0390625 0 0.0703125 0.068359375 0.0625