0 0.013671875 0.744140625 0.4609375 0.65625 0.44140625 0.556640625 0 0.640625 0 0.671875
0 0.677734375 0.61328125 1 0.548828125 1 0.4296875 0.65625 0.498046875
0 1 0.658203125 1 0.572265625 0.603515625 0.650390625 0.619140625 0.734375 0.6484375 0.728515625
0 0.689453125 0.79296875 0.46484375 0.8359375 0.4765625 0.89453125 0.701171875 0.8515625
0 0.85546875 0.77734375 0.8125 0.78515625 0.8359375 0.912109375 0.880859375 0.904296875
0 0.880859375 0.904296875 0.8359375 0.912109375 0.8515625 1 0.8984375 1
0 0.80859375 0.76953125 0.689453125 0.79296875 0.701171875 0.8515625 0.8203125 0.828125
0 0.8359375 0.912109375 0.7890625 0.921875 0.8046875 1 0.853515625 1
0 0.642578125 0.9453125 0.634765625 0.947265625 0.619140625 0.8671875 0.568359375 0.876953125 0.583984375 0.95703125 0.529296875 0.96875 0.53515625 1 0.65234375 1
0 0.798828125 0.142578125 1 0.1015625 1 0.03125 0.78515625 0.072265625
0 0.40234375 0.212890625 0.388671875 0.146484375 0.130859375 0.1953125 0.142578125 0.263671875 0.35546875 0.22265625
0 0.130859375 0.1953125 0 0.220703125 0 0.291015625 0.142578125 0.263671875
0 0.78515625 0.072265625 0.46484375 0.134765625 0.478515625 0.205078125 0.798828125 0.142578125
0 0.119140625 0.845703125 0.099609375 0.748046875 0 0.765625 0 0.8671875 0.017578125 0.865234375
0 0.453125 1 0.515625 1 0.509765625 0.9609375 0.44921875 0.970703125
0 0.296875 0.708984375 0.14453125 0.73828125 0.154296875 0.787109375 0.306640625 0.7578125
0 0.56640625 0.75390625 0.552734375 0.677734375 0.30078125 0.7265625 0.31640625 0.802734375 0.4296875 0.779296875
0 0.6484375 0.728515625 0.60546875 0.736328125 0.61328125 0.775390625 0.458984375 0.8046875 0.46484375 0.8359375 0.662109375 0.798828125
0 1 0.99609375 0.998046875 0.9453125 0.919921875 0.955078125 0.927734375 1 1 0.99609375
0 0.396484375 0.873046875 0.388671875 0.83984375 0.341796875 0.849609375 0.34765625 0.8828125 0.396484375 0.873046875
0 0.734375 0.9765625 0.73046875 0.94921875 0.658203125 0.958984375 0.662109375 0.986328125 0.734375 0.9765625