0 0.384765625 0.958984375 0.380859375 0.90234375 0.1796875 0.91796875 0.18359375 0.974609375 0.31640625 0.96484375
0 0.658203125 0.876953125 0.40625 0.896484375 0.412109375 0.95703125 0.6640625 0.9375
0 0.763671875 0.091796875 1 0.07421875 1 0.0078125 0.7578125 0.02734375
0 0.61328125 0 0.556640625 0 0.451171875 0.0078125 0.455078125 0.060546875 0.6171875 0.048828125
0 0.49609375 0.076171875 0.44140625 0.080078125 0.458984375 0.328125 0.515625 0.32421875 0.505859375 0.21875
0 0.505859375 0.21875 0.626953125 0.208984375 0.6171875 0.06640625 0.49609375 0.076171875
0 0.169921875 0.1015625 0.173828125 0.15234375 0.4453125 0.1328125 0.44140625 0.080078125
0 0.44921875 0.388671875 0.359375 0.396484375 0.34765625 0.240234375 0.2890625 0.244140625 0.306640625 0.4609375 0.453125 0.451171875 0.44921875 0.396484375
0 0.52734375 0.4453125 0.5234375 0.390625 0.44921875 0.396484375 0.453125 0.451171875
0 0.533203125 0.451171875 0.654296875 0.44140625 0.6484375 0.36328125 0.52734375 0.373046875
0 0.640625 0.244140625 0.591796875 0.248046875 0.599609375 0.3671875 0.6484375 0.36328125
0 0.68359375 0.75 0.68359375 0.6953125 0.52734375 0.69921875 0.529296875 0.75390625 0.68359375 0.75
0 0.55078125 0.583984375 0.548828125 0.52734375 0.490234375 0.529296875 0.494140625 0.587890625 0.55078125 0.583984375
0 0.041015625 0.998046875 0.0390625 0.9296875 0 0.9296875 0 0.998046875 0.041015625 0.998046875
0 0.701171875 0.875 0.693359375 0.779296875 0.654296875 0.78125 0.662109375 0.87890625 0.701171875 0.875
0 0.556640625 0.703125 0.552734375 0.63671875 0.498046875 0.638671875 0.501953125 0.70703125 0.556640625 0.703125