0 0.35546875 0.515625 0.35546875 0.50390625 0.287109375 0.501953125 0.2890625 0.478515625 0.220703125 0.4765625 0.21875 0.5390625 0.287109375 0.541015625 0.287109375 0.564453125 0.353515625 0.56640625 0.353515625 0.578125 0.40625 0.580078125 0.408203125 0.517578125
0 0.1796875 0.501953125 0.181640625 0.44140625 0 0.439453125 0 0.5
0 0.109375 0.7421875 0.388671875 0.740234375 0.388671875 0.681640625 0.109375 0.685546875
0 0.07421875 0.744140625 0.07421875 0.6796875 0 0.677734375 0 0.7421875
0 0.107421875 0.94140625 0.30859375 0.943359375 0.30859375 0.875 0.109375 0.87109375
0 0.078125 0.943359375 0.078125 0.87109375 0 0.869140625 0 0.94140625
0 0.462890625 0.83203125 0.42578125 0.8671875 0.546875 1 0.6171875 1 0.60546875 0.986328125
0 0.755859375 0.919921875 0.720703125 0.8828125 0.60546875 0.986328125 0.6171875 1 0.666015625 1 0.669921875 0.998046875
0 0.97265625 0.7109375 0.943359375 0.681640625 0.853515625 0.765625 0.8828125 0.796875
0 0.783203125 0.74609375 0.7890625 0.697265625 0.470703125 0.66796875 0.466796875 0.716796875
0 0.73046875 0.80078125 0.732421875 0.7734375 0.509765625 0.7578125 0.5078125 0.787109375
0 0.791015625 0.59765625 0.796875 0.544921875 0.48828125 0.509765625 0.48046875 0.5625
0 1 0.6015625 1 0.560546875 0.841796875 0.546875 0.83984375 0.58984375
0 0.58203125 0.408203125 0.59375 0.349609375 0.34375 0.296875 0.330078125 0.353515625
0 0.615234375 0.412109375 0.99609375 0.451171875 1 0.416015625 1 0.396484375 0.619140625 0.359375
0 0.359375 0.126953125 0.373046875 0.068359375 0.05859375 0 0.044921875 0.05859375
0 0.064453125 0.259765625 0.08984375 0.203125 0 0.162109375 0 0.23046875
0 0.2890625 0.3515625 0.3125 0.287109375 0.119140625 0.216796875 0.095703125 0.28125
0 0.37890625 0.138671875 0.689453125 0.208984375 0.703125 0.150390625 0.392578125 0.080078125
0 0.716796875 0.21875 1 0.2734375 1 0.21875 0.728515625 0.1640625
0 0.6328125 0.0546875 0.640625 0.021484375 0.572265625 0.00390625 0.564453125 0.037109375 0.6328125 0.0546875
0 0.53515625 0.0234375 0.53515625 0 0.45703125 0 0.45703125 0.0234375 0.53515625 0.0234375