0 0.310546875 0.083984375 0.314453125 0.119140625 0.291015625 0.12109375 0.287109375 0.087890625 0.263671875 0.08984375 0.267578125 0.119140625 0.236328125 0.123046875 0.240234375 0.1640625 0.3671875 0.1484375 0.361328125 0.10546875 0.33984375 0.109375 0.3359375 0.080078125
0 0.12109375 0.1171875 0.125 0.15234375 0.1015625 0.154296875 0.09765625 0.119140625 0.07421875 0.123046875 0.078125 0.15234375 0.046875 0.15625 0.052734375 0.197265625 0.177734375 0.1796875 0.171875 0.138671875 0.150390625 0.142578125 0.146484375 0.11328125
0 0.779296875 0.6953125 0.783203125 0.712890625 0.740234375 0.71875 0.73828125 0.701171875 0.720703125 0.703125 0.72265625 0.720703125 0.68359375 0.7265625 0.681640625 0.708984375 0.65625 0.712890625 0.658203125 0.728515625 0.619140625 0.734375 0.6171875 0.716796875 0.58984375 0.720703125 0.591796875 0.73828125 0.572265625 0.740234375 0.578125 0.78515625 0.83203125 0.751953125 0.826171875 0.70703125 0.810546875 0.708984375 0.80859375 0.69140625
0 0.08203125 0.4140625 0.240234375 0.392578125 0.232421875 0.326171875 0.072265625 0.34765625
0 0.263671875 0.3828125 0.490234375 0.353515625 0.482421875 0.2890625 0.25390625 0.318359375
0 0.939453125 0.173828125 1 0.1640625 1 0.09375 0.931640625 0.103515625
0 0.353515625 0.564453125 0.51171875 0.54296875 0.50390625 0.484375 0.345703125 0.505859375
0 0.84765625 0.306640625 0.857421875 0.375 1 0.35546875 1 0.306640625 0.95703125 0.3125 0.955078125 0.29296875
0 0.85546875 0.111328125 0.83203125 0.115234375 0.8359375 0.150390625 0.8203125 0.15234375 0.8203125 0.142578125 0.798828125 0.14453125 0.798828125 0.15625 0.7734375 0.158203125 0.7734375 0.1484375 0.75 0.15234375 0.75 0.162109375 0.740234375 0.1640625 0.734375 0.12890625 0.7109375 0.130859375 0.716796875 0.166015625 0.69921875 0.16796875 0.697265625 0.158203125 0.677734375 0.16015625 0.6796875 0.173828125 0.654296875 0.177734375 0.658203125 0.208984375 0.91015625 0.17578125 0.90625 0.142578125 0.892578125 0.14453125 0.890625 0.1328125 0.869140625 0.13671875 0.87109375 0.14453125 0.861328125 0.146484375 0.859375 0.13671875
0 0.431640625 0.0234375 0.607421875 0 0.427734375 0
0 0.5078125 0.126953125 0.51171875 0.15625 0.455078125 0.1640625 0.458984375 0.203125 0.587890625 0.1875 0.583984375 0.146484375 0.533203125 0.15234375 0.529296875 0.123046875
0 0.76953125 0.3203125 0.744140625 0.322265625 0.75 0.357421875 0.734375 0.359375 0.732421875 0.349609375 0.7109375 0.353515625 0.712890625 0.36328125 0.6875 0.3671875 0.685546875 0.35546875 0.662109375 0.359375 0.6640625 0.37109375 0.65234375 0.37109375 0.6484375 0.3359375 0.625 0.337890625 0.630859375 0.373046875 0.61328125 0.375 0.611328125 0.365234375 0.591796875 0.369140625 0.59375 0.380859375 0.568359375 0.384765625 0.572265625 0.416015625 0.82421875 0.3828125 0.818359375 0.3515625 0.806640625 0.353515625 0.8046875 0.33984375 0.783203125 0.34375 0.78515625 0.353515625 0.7734375 0.353515625 0.7734375 0.345703125
0 0.322265625 0.5859375 0.302734375 0.623046875 0.509765625 0.736328125 0.517578125 0.72265625 0.53125 0.73046875 0.544921875 0.70703125
0 0.09375 0.44140625 0.06640625 0.484375 0.26171875 0.607421875 0.271484375 0.591796875 0.28125 0.59765625 0.298828125 0.5703125
0 0 0.390625 0 0.439453125 0.037109375 0.462890625 0.04296875 0.453125 0.052734375 0.45703125 0.068359375 0.431640625
0 0.90625 0.853515625 0.931640625 0.798828125 0.888671875 0.77734375 0.861328125 0.83203125 0.90625 0.853515625
0 0.845703125 0.0234375 0.845703125 0 0.744140625 0 0.744140625 0.0234375 0.845703125 0.0234375