0 0.984375 0.443359375 1 0.4609375 1 0.4296875
0 0.986328125 0.1484375 0.955078125 0.169921875 0.9765625 0.19921875 1 0.181640625 1 0.16796875
0 0.9921875 0.1328125 0.9609375 0.08984375 0.94921875 0.09765625 0.98046875 0.140625
0 0.947265625 0.09375 0.908203125 0.12109375 0.947265625 0.17578125 0.986328125 0.1484375 0.94921875 0.09765625
0 0.990234375 0.052734375 0.95703125 0.078125 1 0.1328125 1 0.064453125
0 0.953125 0.29296875 0.931640625 0.25390625 0.900390625 0.271484375 0.921875 0.310546875
0 0.974609375 0.359375 0.94140625 0.31640625 0.923828125 0.330078125 0.95703125 0.373046875
0 0.986328125 0.43359375 1 0.421875 0.98046875 0.39453125 0.966796875 0.40625
0 0.990234375 0.38671875 0.978515625 0.369140625 0.953125 0.388671875 0.966796875 0.40625 0.98046875 0.39453125
0 0.33984375 0.181640625 0.341796875 0.123046875 0.154296875 0.111328125 0.150390625 0.171875 0.33984375 0.181640625
0 0.412109375 0.27734375 0.419921875 0.197265625 0.365234375 0.193359375 0.357421875 0.2734375 0.412109375 0.27734375
0 0.05078125 0.03515625 0.05078125 0 0 0 0 0.03515625 0.05078125 0.03515625
0 0.552734375 0.611328125 0.556640625 0.57421875 0.515625 0.568359375 0.509765625 0.60546875 0.552734375 0.611328125