0 0.193359375 0.390625 0.20703125 0.447265625 0.189453125 0.451171875 0.19921875 0.4921875 0.32421875 0.4609375 0.314453125 0.41796875 0.287109375 0.42578125 0.2734375 0.37109375
0 0.255859375 0.669921875 0.26953125 0.73046875 0.220703125 0.7421875 0.2109375 0.705078125 0.1640625 0.716796875 0.171875 0.744140625 0.134765625 0.75390625 0.150390625 0.81640625 0.39453125 0.7578125 0.380859375 0.703125 0.33984375 0.712890625 0.328125 0.666015625 0.30859375 0.669921875 0.306640625 0.658203125
0 0.3203125 0.974609375 0.326171875 0.99609375 0.328125 0.99609375 0.328125 1 0.439453125 1 0.423828125 0.9453125
0 0.484375 0.365234375 0.45703125 0.3515625 0.4296875 0.408203125 0.55859375 0.470703125 0.578125 0.431640625 0.548828125 0.41796875 0.572265625 0.369140625 0.5 0.333984375
0 0.673828125 0.337890625 0.7109375 0.357421875 0.701171875 0.375 0.7421875 0.3984375 0.802734375 0.294921875 0.765625 0.2734375 0.755859375 0.2890625 0.71484375 0.263671875
0 0.8046875 0.47265625 0.787109375 0.5078125 0.748046875 0.48828125 0.728515625 0.529296875 0.83984375 0.5859375 0.857421875 0.5546875 0.830078125 0.541015625 0.8515625 0.498046875
0 0.552734375 0.560546875 0.52734375 0.541015625 0.4765625 0.607421875 0.51171875 0.6328125 0.49609375 0.65234375 0.529296875 0.677734375 0.611328125 0.5625 0.572265625 0.533203125
0 0.75 0.734375 0.75390625 0.75 0.734375 0.75390625 0.73046875 0.73828125 0.703125 0.74609375 0.7109375 0.771484375 0.671875 0.783203125 0.6640625 0.755859375 0.640625 0.76171875 0.64453125 0.78125 0.62109375 0.787109375 0.6171875 0.76953125 0.59765625 0.7734375 0.603515625 0.791015625 0.576171875 0.798828125 0.572265625 0.78125 0.552734375 0.78515625 0.55859375 0.80859375 0.5234375 0.818359375 0.537109375 0.86328125 0.568359375 0.85546875 0.58203125 0.904296875 0.619140625 0.892578125 0.611328125 0.861328125 0.7421875 0.828125 0.73828125 0.810546875 0.75390625 0.806640625 0.759765625 0.82421875 0.77734375 0.818359375 0.771484375 0.796875 0.828125 0.783203125 0.833984375 0.802734375 0.86328125 0.796875 0.83984375 0.708984375
0 0.9765625 0.716796875 0.955078125 0.72265625 0.96875 0.775390625 0.9921875 0.76953125
0 0.916015625 0.736328125 0.92578125 0.7734375 0.94140625 0.76953125 0.931640625 0.732421875
0 0.953125 0.810546875 0.9765625 0.802734375 0.96875 0.775390625 0.9453125 0.783203125
0 0.955078125 0.724609375 0.931640625 0.732421875 0.9453125 0.783203125 0.96875 0.775390625
0 0.935546875 0.990234375 0.955078125 0.984375 0.9453125 0.953125 0.92578125 0.958984375 0.931640625 0.978515625
0 0.92578125 0.958984375 0.798828125 0.994140625 0.798828125 1 0.853515625 1 0.931640625 0.978515625
0 0.8828125 0.87890625 0.890625 0.90625 0.849609375 0.91796875 0.853515625 0.931640625 0.84375 0.935546875 0.83984375 0.919921875 0.783203125 0.935546875 0.798828125 0.994140625 0.94921875 0.951171875 0.943359375 0.9296875 0.96875 0.921875 0.955078125 0.87109375 0.921875 0.880859375 0.91796875 0.8671875
0 0.74609375 0.947265625 0.595703125 0.98046875 0.599609375 1 0.7578125 1
0 0.697265625 0.92578125 0.693359375 0.91015625 0.6796875 0.9140625 0.68359375 0.9296875
0 0.697265625 0.92578125 0.6640625 0.93359375 0.671875 0.962890625 0.705078125 0.955078125
0 0.529296875 0.103515625 0.70703125 0.060546875 0.69140625 0 0.6640625 0 0.51171875 0.03515625
0 0.0546875 0.703125 0.04296875 0.666015625 0 0.681640625 0 0.71875 0.0546875 0.703125
0 0.09765625 0.115234375 0.068359375 0 0.015625 0.01171875 0.046875 0.12890625 0.09765625 0.115234375