0 0.6723889802631579 0.09436677631578946 0.7472245065789473 0.09909539473684213 0.7400287828947368 0.1988075657894737 0.6723889802631579 0.18811677631578946
0 0.6782483552631579 0.04327713815789472 0.6899671052631579 0.021792763157894746 0.7407483552631579 0.06085526315789469 0.7270764802631579 0.08429276315789475
0 0.734375 0.845703125 0.73828125 0.791015625 0.96875 0.806640625 0.96484375 0.861328125
0 0.33203125 0.578125 0.33203125 0.51171875 0.599609375 0.51171875 0.599609375 0.578125
0 0.70703125 0.984375 0.7109375 0.931640625 0.951171875 0.9453125 0.94921875 0.998046875
0 0.44921875 0.96875 0.453125 0.912109375 0.693359375 0.92578125 0.689453125 0.982421875
0 0.189453125 0.81640625 0.193359375 0.765625 0.427734375 0.77734375 0.423828125 0.828125
0 0.09375 0.90234375 0.177734375 0.90234375 0.177734375 0.955078125 0.09375 0.955078125
0 0.337890625 0.376953125 0.607421875 0.376953125 0.607421875 0.443359375 0.337890625 0.443359375
0 0.458984375 0.8359375 0.462890625 0.783203125 0.708984375 0.798828125 0.705078125 0.8515625
0 0.21875 0.13671875 0.3203125 0.119140625 0.3359375 0.181640625 0.232421875 0.197265625
0 0.21330180921052627 0.6769120065789473 0.27189555921052627 0.6769120065789473 0.27189555921052627 0.7120682565789473 0.21330180921052627 0.7120682565789473
0 0.787109375 0.1015625 0.97265625 0.02734375 1 0.083984375 0.810546875 0.16015625
0 0.544921875 0 0.662109375 0 0.662109375 0.0546875 0.544921875 0.0546875
0 0.353515625 0.306640625 0.353515625 0.244140625 0.619140625 0.244140625 0.619140625 0.306640625
0 0.359375 0.109375 0.626953125 0.109375 0.626953125 0.17578125 0.359375 0.17578125
0 0.46484375 0.703125 0.46875 0.6484375 0.72265625 0.6640625 0.71875 0.71875
0 0.212890625 0.4140625 0.306640625 0.39453125 0.3203125 0.4609375 0.224609375 0.4765625
0 0.91796875 0.189453125 0.984375 0.16796875 0.998046875 0.23046875 0.93359375 0.255859375
0 0.220703125 0.271484375 0.314453125 0.25 0.328125 0.318359375 0.234375 0.33984375
0 0.73828125 0.720703125 0.740234375 0.662109375 0.98828125 0.67578125 0.984375 0.734375
0 0.19921875 0.001953125 0.44921875 0.001953125 0.44921875 0.048828125 0.19921875 0.048828125
0 0.205078125 0.544921875 0.3125 0.525390625 0.328125 0.59765625 0.21875 0.615234375
0 0.18359375 0.947265625 0.1875 0.8984375 0.419921875 0.912109375 0.416015625 0.9609375
0 0.1171875 0.9609375 0.17578125 0.9609375 0.17578125 0.99609375 0.1171875 0.99609375
0 0.4375 0.67578125 0.439453125 0.634765625 0.359375 0.630859375 0.357421875 0.671875 0.4375 0.67578125
0 0.998046875 0.99609375 1 0.94140625 0.95703125 0.939453125 0.95703125 0.99609375 0.998046875 0.99609375