0 0.125 0.779296875 0 0.779296875 0 0.8046875 0.125 0.8046875
0 0.2109375 0.8046875 0.2109375 0.779296875 0.125 0.779296875 0.125 0.8046875
0 0.177734375 0.779296875 0.177734375 0.767578125 0.142578125 0.767578125 0.142578125 0.779296875
0 0.12109375 0.75390625 0.1015625 0.75390625 0.1015625 0.779296875 0.12109375 0.779296875
0 0.1015625 0.75390625 0.037109375 0.75390625 0.037109375 0.76171875 0.1015625 0.76171875
0 0.28125 0.779296875 0.216796875 0.779296875 0.216796875 0.8046875 0.28125 0.8046875 0.28125 0.796875
0 0.28125 0.810546875 0.30078125 0.810546875 0.30078125 0.796875 0.28125 0.796875 0.28125 0.8046875
0 0.31640625 0.802734375 0.447265625 0.802734375 0.447265625 0.779296875 0.31640625 0.779296875
0 0.5546875 0.796875 0.5546875 0.787109375 0.53515625 0.787109375 0.53515625 0.796875
0 0.54296875 0.75390625 0.533203125 0.75390625 0.533203125 0.775390625 0.54296875 0.775390625 0.54296875 0.7734375
0 0.5546875 0.7734375 0.5546875 0.75390625 0.54296875 0.75390625 0.54296875 0.7734375
0 0.55078125 0.73828125 0.533203125 0.73828125 0.533203125 0.75390625 0.55078125 0.75390625
0 0.55078125 0.71484375 0.5390625 0.71484375 0.5390625 0.73828125 0.55078125 0.73828125
0 0.546875 0.689453125 0.53515625 0.689453125 0.53515625 0.71484375 0.546875 0.71484375
0 0.54296875 0.6640625 0.53515625 0.6640625 0.53515625 0.689453125 0.54296875 0.689453125
0 0.52734375 0.654296875 0.5390625 0.65234375 0.537109375 0.6328125 0.525390625 0.634765625
0 0.53515625 0.62890625 0.53125 0.607421875 0.51953125 0.609375 0.5234375 0.62890625
0 0.529296875 0.607421875 0.525390625 0.580078125 0.515625 0.58203125 0.51953125 0.609375
0 0.5234375 0.57421875 0.51953125 0.5546875 0.509765625 0.556640625 0.513671875 0.576171875
0 0.51953125 0.54296875 0.51171875 0.509765625 0.498046875 0.51171875 0.505859375 0.546875
0 0.51171875 0.505859375 0.501953125 0.466796875 0.49609375 0.46875 0.505859375 0.5078125
0 0.49609375 0.4453125 0.490234375 0.4140625 0.4765625 0.416015625 0.482421875 0.447265625
0 0.482421875 0.390625 0.470703125 0.392578125 0.4765625 0.416015625 0.48828125 0.4140625
0 0.48046875 0.384765625 0.474609375 0.365234375 0.46484375 0.369140625 0.46875 0.38671875
0 0.474609375 0.35546875 0.46875 0.33984375 0.45703125 0.34375 0.46484375 0.359375
0 0.048828125 0.9375 0.048828125 0.888671875 0.00390625 0.888671875 0.00390625 0.896484375 0 0.896484375 0 0.984375 0.005859375 0.984375 0.03125 0.99609375 0.052734375 0.99609375 0.052734375 0.953125 0.00390625 0.953125 0.00390625 0.9375
0 0.259765625 0.888671875 0.259765625 0.89453125 0.193359375 0.89453125 0.193359375 0.890625 0.13671875 0.890625 0.13671875 0.931640625 0.173828125 0.931640625 0.173828125 0.953125 0.142578125 0.96484375 0.142578125 0.998046875 0.150390625 0.998046875 0.173828125 0.9921875 0.173828125 0.986328125 0.259765625 0.986328125 0.27734375 0.998046875 0.302734375 0.998046875 0.302734375 0.9609375 0.279296875 0.953125 0.26171875 0.953125 0.26171875 0.931640625 0.302734375 0.931640625 0.302734375 0.888671875
0 0.30859375 0.927734375 0.4140625 0.927734375 0.4140625 0.896484375 0.30859375 0.896484375
0 0.47265625 0.91015625 0.439453125 0.884765625 0.416015625 0.916015625 0.439453125 0.93359375 0.427734375 0.939453125 0.423828125 0.93359375 0.396484375 0.94921875 0.423828125 1 0.51171875 1 0.51171875 0.9921875 0.5 0.9921875 0.513671875 0.984375 0.4765625 0.92578125 0.453125 0.939453125 0.453125 0.9375
0 0.046875 0.4765625 0.068359375 0.423828125 0.068359375 0.40234375 0.060546875 0.390625 0.046875 0.3828125 0.029296875 0.380859375 0.005859375 0.380859375 0 0.380859375 0 0.513671875