0 0.017578125 0.572265625 0.2109375 0.56640625 0.208984375 0.521484375 0.015625 0.52734375
0 0.25 0.55859375 0.392578125 0.55078125 0.390625 0.51171875 0.248046875 0.51953125
0 0.080078125 0.63671875 0.0234375 0.638671875 0.0390625 0.91015625 0.09375 0.908203125 0.083984375 0.732421875
0 0.30078125 0.23828125 0.302734375 0.263671875 0.17578125 0.271484375 0.173828125 0.24609375 0.044921875 0.25390625 0.05078125 0.322265625 0.359375 0.302734375 0.35546875 0.234375
0 0.033203125 0.384765625 0.013671875 0.189453125 0 0.189453125 0 0.38671875
0 0.02734375 0.111328125 0.3515625 0.09375 0.349609375 0.048828125 0.0234375 0.064453125 0.025390625 0.099609375
0 0.01953125 0 0 0 0 0.1015625 0.025390625 0.099609375
0 0.12109375 0.904296875 0.16015625 0.90234375 0.15625 0.80078125 0.115234375 0.802734375
0 0.142578125 0.62890625 0.107421875 0.630859375 0.11328125 0.765625 0.150390625 0.763671875 0.142578125 0.640625
0 0.275390625 0.73046875 0.271484375 0.6328125 0.142578125 0.640625 0.1484375 0.73828125
0 0.4765625 0.6796875 0.65234375 0.8046875 0.673828125 0.7734375 0.5 0.650390625
0 0.634765625 0.626953125 0.66796875 0.732421875 0.724609375 0.71484375 0.69140625 0.609375
0 0.478515625 0.57421875 0.61328125 0.529296875 0.583984375 0.4453125 0.451171875 0.490234375
0 0.28515625 0.80859375 0.283203125 0.76953125 0.2421875 0.7734375 0.24609375 0.8125 0.28515625 0.80859375
0 0.119140625 1 0.119140625 0.943359375 0.04296875 0.943359375 0.04296875 1 0.119140625 1
0 0.568359375 0.619140625 0.55859375 0.5859375 0.5078125 0.6015625 0.517578125 0.634765625 0.568359375 0.619140625