0 0.287109375 0.021484375 0.232421875 0.029296875 0.263671875 0.25 0.318359375 0.2421875
0 0.42578125 0 0.37109375 0.0078125 0.38671875 0.119140625 0.3515625 0.125 0.3359375 0.013671875 0.287109375 0.01953125 0.30859375 0.1796875 0.44921875 0.16015625
0 0.44921875 0.16015625 0.30859375 0.1796875 0.318359375 0.2421875 0.45703125 0.22265625
0 0.521484375 0.21484375 0.490234375 0 0.42578125 0 0.45703125 0.22265625
0 0.6875 0.005859375 0.685546875 0 0.51171875 0 0.515625 0.025390625
0 0.5859375 0.2109375 0.56640625 0.01953125 0.513671875 0.025390625 0.53515625 0.216796875 0.537109375 0.216796875
0 0.681640625 0.13671875 0.580078125 0.1484375 0.5859375 0.2109375 0.689453125 0.19921875
0 0.65625 0.009765625 0.56640625 0.01953125 0.580078125 0.1484375 0.669921875 0.138671875
0 0.736328125 0.130859375 0.681640625 0.13671875 0.6875 0.1953125 0.744140625 0.189453125
0 0.744140625 0.193359375 0.81640625 0.185546875 0.810546875 0.123046875 0.736328125 0.130859375 0.744140625 0.189453125
0 0.763671875 0.09375 0.712890625 0.099609375 0.71484375 0.1328125 0.767578125 0.126953125
0 0.712890625 0.099609375 0.685546875 0.103515625 0.689453125 0.13671875 0.71484375 0.1328125
0 0.814453125 0.06640625 0.76953125 0.0703125 0.7734375 0.107421875 0.818359375 0.1015625
0 0.822265625 0.12890625 0.96875 0.11328125 0.962890625 0.05078125 0.814453125 0.06640625 0.818359375 0.1015625
0 0.955078125 0 0.705078125 0 0.7109375 0.060546875 0.76953125 0.0546875 0.76953125 0.0703125 0.962890625 0.05078125
0 0.2578125 0.86328125 0.328125 0.8359375 0.310546875 0.79296875 0.2421875 0.822265625
0 0.29296875 0.712890625 0.27734375 0.66796875 0.07421875 0.736328125 0.08984375 0.78125 0.29296875 0.712890625
0 0.15625 0.025390625 0.15625 0 0 0 0 0.02734375 0.15625 0.025390625
0 0.771484375 0.8125 0.7578125 0.763671875 0.69140625 0.783203125 0.705078125 0.830078125 0.771484375 0.8125
0 0.306640625 0.7578125 0.29296875 0.720703125 0.08984375 0.791015625 0.103515625 0.828125 0.306640625 0.7578125
0 0.322265625 0.93359375 0.31640625 0.90625 0.265625 0.919921875 0.2734375 0.947265625 0.322265625 0.93359375
0 0.337890625 0.6796875 0.322265625 0.6328125 0.283203125 0.646484375 0.298828125 0.693359375 0.337890625 0.6796875