0 0.005859375 0.353515625 0.01171875 0.35546875 0.01953125 0.353515625 0.025390625 0.3515625 0.03125 0.34765625 0.130859375 0.404296875 0.169921875 0.333984375 0 0.236328125 0 0.353515625
0 0.0859375 0 0.017578125 0 0 0.029296875 0 0.1484375
0 0.279296875 0.01953125 0.2890625 0 0.2421875 0
0 0.55078125 0.59375 0.509765625 0.7265625 0.552734375 0.73828125 0.59375 0.607421875
0 0.474609375 0.6796875 0.46484375 0.7109375 0.509765625 0.7265625 0.51953125 0.693359375
0 0.42578125 0.65625 0.4140625 0.6953125 0.46484375 0.7109375 0.4765625 0.671875 0.443359375 0.662109375
0 0.482421875 0.58203125 0.505859375 0.5078125 0.470703125 0.49609375 0.447265625 0.5703125 0.470703125 0.578125
0 0.447265625 0.5703125 0.419921875 0.654296875 0.443359375 0.662109375 0.470703125 0.578125
0 0.447265625 0.5703125 0.416015625 0.55859375 0.37109375 0.693359375 0.40234375 0.703125 0.419921875 0.654296875
0 0.6953125 0.09375 0.76171875 0.12890625 0.8046875 0.044921875 0.73828125 0.009765625
0 0.73828125 0.009765625 0.818359375 0.052734375 0.84375 0 0.7421875 0
0 0.224609375 0.658203125 0.361328125 0.697265625 0.375 0.650390625 0.23828125 0.611328125
0 0.373046875 0.521484375 0.44921875 0.54296875 0.462890625 0.490234375 0.388671875 0.46875 0.375 0.51953125
0 0.322265625 0.451171875 0.30859375 0.501953125 0.375 0.51953125 0.388671875 0.46875
0 0.576171875 0.16015625 0.505859375 0.140625 0.490234375 0.1953125 0.560546875 0.21484375 0.572265625 0.169921875
0 0.560546875 0.216796875 0.62890625 0.236328125 0.640625 0.1875 0.572265625 0.169921875 0.560546875 0.21484375
0 0.484375 0.310546875 0.41015625 0.291015625 0.396484375 0.34765625 0.470703125 0.365234375 0.482421875 0.322265625
0 0.470703125 0.369140625 0.537109375 0.38671875 0.548828125 0.33984375 0.482421875 0.322265625 0.470703125 0.365234375
0 0.5703125 0.056640625 0.650390625 0.09765625 0.666015625 0.06640625 0.5859375 0.02734375
0 0.59765625 0 0.5703125 0 0.546875 0.046875 0.5703125 0.05859375 0.5703125 0.056640625
0 0.66796875 0.2265625 0.720703125 0.134765625 0.6875 0.1171875 0.63671875 0.20703125 0.66796875 0.2265625
0 0.26953125 0.998046875 0.26953125 0.96875 0.2109375 0.96875 0.2109375 0.998046875 0.26953125 0.998046875
0 0.9765625 0.873046875 0.994140625 0.837890625 0.9296875 0.806640625 0.912109375 0.84375 0.9765625 0.873046875
0 0.078125 0.09375 0.125 0.015625 0.09375 0 0.048828125 0.076171875 0.078125 0.09375