0 0.96484375 0.4453125 1 0.458984375 1 0.392578125 0.986328125 0.388671875
0 0.955078125 0.533203125 0.970703125 0.494140625 0.9296875 0.478515625 0.916015625 0.517578125
0 0.916015625 0.517578125 0.890625 0.580078125 1 0.623046875 1 0.548828125
0 0.4296875 0.19921875 0.921875 0.3828125 0.9453125 0.3203125 0.453125 0.13671875
0 0.49609375 0.01953125 0.998046875 0.208984375 1 0.203125 1 0.142578125 0.62109375 0 0.50390625 0
0 0.3203125 0.3515625 0.828125 0.54296875 0.8515625 0.482421875 0.34375 0.291015625
0 0.552734375 0.6640625 0.56640625 0.66796875 0.5625 0.673828125 0.59375 0.685546875 0.595703125 0.67578125 0.63671875 0.69140625 0.6328125 0.69921875 0.662109375 0.7109375 0.6640625 0.701171875 0.716796875 0.720703125 0.712890625 0.728515625 0.73046875 0.736328125 0.734375 0.7265625 0.779296875 0.7421875 0.775390625 0.751953125 0.80859375 0.763671875 0.810546875 0.759765625 0.822265625 0.763671875 0.84375 0.705078125 0.57421875 0.607421875
0 0.861328125 0.77734375 1 0.833984375 1 0.7734375 0.8828125 0.7265625
0 0.77734375 0.861328125 0.509765625 0.759765625 0.490234375 0.775390625 0.484375 0.791015625 0.494140625 0.794921875 0.484375 0.81640625 0.75390625 0.919921875 0.765625 0.892578125 0.771484375 0.89453125 0.77734375 0.87890625
0 0.830078125 0.873046875 0.80859375 0.921875 0.990234375 1 1 1 1 0.9453125
0 0.171875 0.822265625 0.41015625 0.9140625 0.43359375 0.853515625 0.1953125 0.76171875
0 0.453125 0.927734375 0.43359375 0.943359375 0.427734375 0.9609375 0.4375 0.962890625 0.4296875 0.986328125 0.46484375 1 0.638671875 1
0 0.26171875 0.58984375 0.501953125 0.671875 0.5234375 0.607421875 0.28515625 0.525390625
0 0.21484375 1 0.21484375 0.96484375 0.10546875 0.96484375 0.10546875 0.998046875 0.21484375 1
0 0.16015625 0.44921875 0.173828125 0.4140625 0.119140625 0.39453125 0.10546875 0.427734375 0.16015625 0.44921875