0 0.046875 0.35546875 0.02734375 0.369140625 0.04296875 0.390625 0.0625 0.37890625
0 0.021484375 0.30859375 0 0.322265625 0 0.326171875 0.02734375 0.369140625 0.052734375 0.3515625
0 0.0390625 0.3828125 0.009765625 0.341796875 0 0.34765625 0 0.400390625 0.00390625 0.40625 0.01953125 0.396484375
0 0 0.099609375 0 0.13671875 0.015625 0.126953125
0 0.078125 0.271484375 0.05859375 0.240234375 0.0390625 0.25390625 0.046875 0.267578125 0.025390625 0.283203125 0.03515625 0.298828125 0.06640625 0.279296875
0 0.080078125 0.3671875 0.10546875 0.3515625 0.091796875 0.330078125 0.064453125 0.345703125
0 0.115234375 0.3046875 0.09375 0.3203125 0.09765625 0.326171875 0.095703125 0.326171875 0.107421875 0.341796875 0.12890625 0.328125
0 0.04296875 0.259765625 0.01953125 0.2734375 0.025390625 0.283203125 0.046875 0.267578125
0 0.119140625 0.302734375 0.09375 0.263671875 0.06640625 0.279296875 0.09375 0.3203125 0.115234375 0.3046875
0 0.06640625 0.279296875 0.03515625 0.298828125 0.064453125 0.345703125 0.09765625 0.326171875 0.09375 0.3203125
0 0.0703125 0.2265625 0.044921875 0.185546875 0 0.212890625 0 0.236328125 0.015625 0.26171875 0.021484375 0.2578125
0 0.224609375 0.2734375 0.19921875 0.236328125 0.142578125 0.2734375 0.16796875 0.3125
0 0.29296875 0.22265625 0.26953125 0.185546875 0.21484375 0.21875 0.23828125 0.2578125
0 0.17578125 0.189453125 0.15234375 0.15234375 0.095703125 0.189453125 0.1171875 0.2265625
0 0.13671875 0.126953125 0.076171875 0.1640625 0.09375 0.189453125 0.15234375 0.15234375
0 0.234375 0.13671875 0.201171875 0.158203125 0.21484375 0.177734375 0.208984375 0.1796875 0.220703125 0.1953125 0.2578125 0.171875
0 0.19921875 0.08984375 0.16796875 0.111328125 0.181640625 0.1328125 0.177734375 0.134765625 0.189453125 0.150390625 0.224609375 0.126953125
0 0.322265625 0.197265625 0.36328125 0.171875 0.33984375 0.1328125 0.298828125 0.158203125
0 0.455078125 0.216796875 0.474609375 0.212890625 0.501953125 0.212890625 0.533203125 0.220703125 0.5859375 0.251953125 0.60546875 0.216796875 0.55859375 0.193359375 0.517578125 0.17578125 0.484375 0.171875 0.458984375 0.17578125 0.4296875 0.185546875 0.396484375 0.205078125 0.3671875 0.22265625 0.384765625 0.255859375
0 0.37890625 0.16015625 0.42578125 0.12890625 0.40625 0.099609375 0.359375 0.130859375
0 0.5 0.087890625 0.478515625 0.05078125 0.42578125 0.08203125 0.44921875 0.119140625
0 0.4921875 0.029296875 0.509765625 0.044921875 0.552734375 0 0.517578125 0
0 0.517578125 0 0.478515625 0 0.474609375 0.00390625 0.49609375 0.0234375 0.51171875 0.005859375
0 0.56640625 0.017578125 0.5546875 0.00390625 0.509765625 0.044921875 0.521484375 0.05859375
0 0.298828125 0.00390625 0.30078125 0.0078125 0.3125 0.02734375 0.357421875 0 0.3046875 0
0 0.37890625 0.025390625 0.361328125 0 0.357421875 0 0.3125 0.02734375 0.328125 0.0546875 0.375 0.02734375
0 0.34375 0.080078125 0.388671875 0.052734375 0.375 0.02734375 0.328125 0.0546875
0 0.22265625 0.01171875 0.212890625 0 0.166015625 0 0.193359375 0.033203125 0.19921875 0.029296875
0 0.21484375 0.017578125 0.19921875 0.029296875 0.193359375 0.033203125 0.189453125 0.037109375 0.201171875 0.052734375 0.2265625 0.033203125
0 0.0546875 0.103515625 0.080078125 0.1328125 0.10546875 0.11328125 0.08203125 0.08203125
0 0.115234375 0.025390625 0.142578125 0.06640625 0.16796875 0.048828125 0.140625 0.0078125
0 0.037109375 0.068359375 0.076171875 0.046875 0.056640625 0.009765625 0.017578125 0.03125
0 0.537109375 0.416015625 0.650390625 0.490234375 0.724609375 0.380859375 0.611328125 0.3046875
0 0.876953125 0.642578125 0.89453125 0.615234375 0.732421875 0.51171875 0.71484375 0.5390625
0 0.927734375 0.560546875 0.94921875 0.529296875 0.798828125 0.427734375 0.77734375 0.4609375
0 0.294921875 0.06640625 0.27734375 0.04296875 0.2421875 0.068359375 0.259765625 0.091796875 0.294921875 0.06640625