0 0.94921875 0.853515625 1 0.849609375 1 0.798828125 0.9453125 0.802734375
0 0.92578125 0.830078125 0.8515625 0.830078125 0.853515625 0.94921875 0.927734375 0.94921875
0 0.951171875 0.94921875 0.87890625 0.94921875 0.87890625 1 0.951171875 1
0 0.537109375 0.939453125 0.453125 1 0.748046875 1 0.7421875 0.927734375
0 0.287109375 1 0.33203125 1 0.330078125 0.9609375 0.28515625 0.96484375
0 0.09375 0.93359375 0.322265625 0.91796875 0.31640625 0.85546875 0.087890625 0.87109375
0 0.740234375 0.884765625 0.376953125 0.919921875 0.39453125 1 0.453125 1 0.537109375 0.939453125 0.7421875 0.927734375
0 0.09375 0.177734375 0.09375 0.1875 0.06640625 0.1875 0.068359375 0.25 0.1953125 0.244140625 0.193359375 0.18359375 0.173828125 0.18359375 0.173828125 0.173828125
0 0.353515625 0.169921875 0.353515625 0.177734375 0.330078125 0.181640625 0.3359375 0.2421875 0.462890625 0.228515625 0.45703125 0.16796875 0.439453125 0.169921875 0.4375 0.16015625
0 0.466796875 0.470703125 0.462890625 0.412109375 0.330078125 0.423828125 0.333984375 0.482421875 0.3515625 0.48046875 0.3515625 0.494140625 0.4453125 0.486328125 0.443359375 0.47265625
0 0.208984375 0.43359375 0.076171875 0.443359375 0.080078125 0.5 0.09765625 0.498046875 0.09765625 0.509765625 0.19140625 0.501953125 0.189453125 0.490234375 0.212890625 0.48828125
0 0.330078125 0.423828125 0.208984375 0.43359375 0.212890625 0.4921875 0.333984375 0.482421875
0 0.529296875 0.388671875 0.53515625 0.478515625 0.7890625 0.46484375 0.78515625 0.392578125 0.751953125 0.392578125 0.751953125 0.376953125
0 0.873046875 0.349609375 0.875 0.361328125 0.806640625 0.365234375 0.810546875 0.4453125 1 0.4375 1 0.35546875 0.96484375 0.357421875 0.962890625 0.345703125
0 0.603515625 0.2109375 0.60546875 0.228515625 0.58984375 0.23046875 0.591796875 0.25 0.576171875 0.251953125 0.576171875 0.265625 0.583984375 0.265625 0.5859375 0.29296875 0.755859375 0.27734375 0.751953125 0.25 0.759765625 0.25 0.7578125 0.234375 0.736328125 0.236328125 0.734375 0.216796875 0.720703125 0.21875 0.71875 0.19921875
0 0.58984375 0.03515625 0.591796875 0.0546875 0.576171875 0.056640625 0.578125 0.076171875 0.560546875 0.076171875 0.5625 0.091796875 0.5703125 0.091796875 0.572265625 0.1171875 0.740234375 0.1015625 0.73828125 0.076171875 0.744140625 0.07421875 0.744140625 0.060546875 0.720703125 0.0625 0.71875 0.04296875 0.70703125 0.044921875 0.705078125 0.025390625
0 0.8046875 0.064453125 0.8046875 0.076171875 0.79296875 0.076171875 0.794921875 0.091796875 0.779296875 0.091796875 0.78125 0.111328125 0.791015625 0.111328125 0.791015625 0.134765625 0.955078125 0.125 0.953125 0.1015625 0.962890625 0.1015625 0.962890625 0.08203125 0.9453125 0.08203125 0.943359375 0.068359375 0.9296875 0.068359375 0.927734375 0.056640625
0 0.818359375 0.205078125 0.8203125 0.216796875 0.80859375 0.21875 0.80859375 0.232421875 0.794921875 0.234375 0.794921875 0.25390625 0.8046875 0.25390625 0.806640625 0.275390625 0.96875 0.267578125 0.96875 0.244140625 0.978515625 0.244140625 0.9765625 0.224609375 0.958984375 0.224609375 0.958984375 0.208984375 0.943359375 0.2109375 0.943359375 0.19921875