0 0 0.01171875 0 0.3203125 0.078125 0.365234375 0.208984375 0.130859375
0 0.375 0.06640625 0.41015625 0 0.25390625 0
0 0.947265625 0.001953125 0.888671875 0.109375 0.92578125 0.130859375 0.984375 0.0234375
0 0.943359375 0 0.76171875 0 0.666015625 0.17578125 0.806640625 0.251953125 0.884765625 0.109375
0 1 0.03125 1 0 0.947265625 0 0.947265625 0.001953125 0.984375 0.0234375
0 0.90234375 0.2578125 0.99609375 0.30859375 1 0.30078125 1 0.080078125
0 0.603515625 0.384765625 0.5859375 0.4140625 0.60546875 0.42578125 0.564453125 0.501953125 0.603515625 0.525390625 0.6640625 0.41796875
0 0.525390625 0.515625 0.46875 0.619140625 0.51171875 0.642578125 0.56640625 0.5390625
0 0.669921875 0.578125 0.818359375 0.66015625 0.884765625 0.541015625 0.736328125 0.458984375
0 0.685546875 0.86328125 0.4296875 0.724609375 0.298828125 0.962890625 0.365234375 1 0.609375 1
0 0.025390625 0.916015625 0 0.900390625 0 0.955078125 0.001953125 0.95703125 0.01171875 0.9375
0 0 0.7734375 0 0.837890625 0.05078125 0.8671875 0.078125 0.818359375
0 0 0.837890625 0 0.900390625 0.025390625 0.916015625 0.05078125 0.8671875
0 0.798828125 1 0.798828125 0.94921875 0.666015625 0.947265625 0.666015625 0.998046875 0.798828125 1
0 0.630859375 0.2109375 0.65234375 0.173828125 0.603515625 0.142578125 0.580078125 0.1796875 0.630859375 0.2109375
0 0.537109375 0.498046875 0.572265625 0.4453125 0.5078125 0.404296875 0.474609375 0.45703125 0.537109375 0.498046875