0 0.28125 0.076171875 0.447265625 0 0.3125 0 0.2578125 0.025390625
0 0.234375 0.111328125 0.212890625 0.06640625 0 0.16015625 0 0.216796875
0 0.345703125 0.220703125 0.61328125 0.1171875 0.59375 0.06640625 0.326171875 0.169921875
0 0.046875 0.376953125 0.298828125 0.248046875 0.2734375 0.1953125 0.021484375 0.32421875
0 0.20703125 0.48828125 0.326171875 0.4375 0.302734375 0.37890625 0.18359375 0.4296875
0 0.474609375 0.373046875 0.4453125 0.3046875 0.296875 0.369140625 0.326171875 0.4375
0 0.5 0.564453125 0.767578125 0.4453125 0.7421875 0.388671875 0.474609375 0.5078125
0 0.5078125 0.357421875 0.681640625 0.28515625 0.658203125 0.234375 0.486328125 0.306640625
0 0.193359375 0.517578125 0.16796875 0.458984375 0 0.53125 0 0.599609375
0 0.14453125 0.712890625 0.119140625 0.654296875 0 0.708984375 0 0.77734375
0 0.251953125 0.86328125 0.51953125 0.75 0.4921875 0.68359375 0.22265625 0.798828125
0 0.04296875 0.955078125 0.224609375 0.869140625 0.19921875 0.810546875 0.015625 0.8984375
0 0.884765625 0.625 0.921875 0.609375 0.861328125 0.466796875 0.82421875 0.482421875
0 0.890625 0.6953125 0.95703125 0.666015625 0.9453125 0.638671875 0.87890625 0.66796875
0 0.958984375 0.76953125 0.98828125 0.7578125 0.95703125 0.685546875 0.927734375 0.69921875
0 0.9921875 0.845703125 1 0.841796875 1 0.77734375 0.990234375 0.755859375 0.958984375 0.76953125
0 0.1875 0.6875 0.447265625 0.5703125 0.41796875 0.505859375 0.158203125 0.625
0 0.564453125 0.724609375 0.833984375 0.609375 0.8046875 0.54296875 0.537109375 0.658203125
0 0.35546875 0.97265625 0.328125 0.90625 0.107421875 1 0.291015625 1
0 0.39453125 0.953125 0.6640625 0.837890625 0.63671875 0.771484375 0.3671875 0.88671875
0 0.697265625 0.814453125 0.87890625 0.728515625 0.853515625 0.671875 0.669921875 0.7578125
0 0.74609375 0.951171875 0.927734375 0.865234375 0.900390625 0.80859375 0.71875 0.89453125
0 0.71875 0.974609375 0.69140625 0.916015625 0.517578125 1 0.6640625 1
0 0.86328125 0.8125 0.84765625 0.77734375 0.787109375 0.802734375 0.802734375 0.837890625 0.86328125 0.8125
0 0.072265625 0.041015625 0.072265625 0 0 0 0 0.04296875 0.072265625 0.041015625
0 0.80859375 0.34765625 0.78125 0.2890625 0.748046875 0.3046875 0.775390625 0.36328125 0.80859375 0.34765625
0 0.67578125 0.533203125 0.66015625 0.5 0.60546875 0.529296875 0.623046875 0.560546875 0.67578125 0.533203125