0 0.37890625 0.71875 0.66015625 0.68359375 0.650390625 0.61328125 0.369140625 0.650390625
0 0.685546875 0.900390625 0.34765625 0.943359375 0.353515625 1 0.416015625 1 0.693359375 0.96484375
0 0.37109375 0.84765625 0.669921875 0.814453125 0.662109375 0.75 0.36328125 0.783203125
0 0.638671875 0.515625 0.5625 0.525390625 0.576171875 0.623046875 0.650390625 0.61328125
0 0.228515625 0.953125 0.326171875 0.94921875 0.3203125 0.80859375 0.22265625 0.8125
0 0.6171875 0.4140625 0.47265625 0.427734375 0.48046875 0.48828125 0.623046875 0.474609375
0 0.267578125 0.578125 0.462890625 0.546875 0.451171875 0.4765625 0.255859375 0.5078125
0 0.09765625 0.455078125 0 0.453125 0 0.509765625 0.078125 0.509765625 0.078125 0.486328125 0.09375 0.486328125
0 0.1171875 0.6328125 0.193359375 0.63671875 0.1953125 0.404296875 0.111328125 0.40625 0.111328125 0.486328125 0.1328125 0.486328125 0.1328125 0.556640625 0.12109375 0.556640625
0 0.939453125 0.9609375 1 0.95703125 1 0.896484375 0.935546875 0.90234375
0 0.607421875 0.328125 0.52734375 0.3359375 0.533203125 0.39453125 0.61328125 0.38671875
0 0.22265625 0.033203125 0.15625 0.041015625 0.1640625 0.091796875 0.228515625 0.083984375 0.2265625 0.068359375
0 0.287109375 0.05859375 0.279296875 0 0.21875 0.0078125 0.2265625 0.068359375
0 0.3203125 0.060546875 0.4609375 0.046875 0.45703125 0 0.314453125 0.015625
0 0.50390625 0.2265625 0.556640625 0.22265625 0.544921875 0.08203125 0.4921875 0.0859375
0 0.2578125 0.201171875 0.48046875 0.1796875 0.474609375 0.12890625 0.251953125 0.15234375
0 0.591796875 0.255859375 0.236328125 0.2890625 0.2421875 0.34765625 0.595703125 0.314453125
0 0.111328125 0.216796875 0.216796875 0.20703125 0.2109375 0.15234375 0.107421875 0.162109375
0 0.765625 0.162109375 0.798828125 0.16015625 0.791015625 0 0.759765625 0
0 0.8359375 0.2734375 0.919921875 0.271484375 0.912109375 0 0.828125 0
0 0.220703125 0.3359375 0.22265625 0.28125 0 0.275390625 0 0.330078125 0.220703125 0.3359375
0 1 0.44140625 0.998046875 0.3671875 0.9296875 0.369140625 0.931640625 0.443359375 1 0.44140625
0 1 0.509765625 0.99609375 0.447265625 0.919921875 0.45703125 0.927734375 0.51953125 1 0.509765625
0 0.1484375 0.095703125 0.140625 0.0390625 0 0.056640625 0 0.11328125 0.1484375 0.095703125
0 0.068359375 0.41015625 0.068359375 0.357421875 0.029296875 0.35546875 0.02734375 0.408203125 0.068359375 0.41015625