0 0.34375 0.751953125 0.294921875 0.7421875 0.259765625 0.90234375 0.30859375 0.9140625 0.318359375 0.869140625
0 0.30859375 0.912109375 0.353515625 0.921875 0.36328125 0.87890625 0.318359375 0.869140625
0 0.3984375 0.923828125 0.423828125 0.80078125 0.40234375 0.794921875 0.375 0.91796875
0 0.470703125 0.66796875 0.509765625 0.673828125 0.51171875 0.65625 0.47265625 0.65234375
0 0.470703125 0.66796875 0.466796875 0.697265625 0.53515625 0.705078125 0.5390625 0.67578125 0.509765625 0.673828125
0 0.466796875 0.697265625 0.462890625 0.73046875 0.517578125 0.736328125 0.521484375 0.703125
0 0.462890625 0.73046875 0.458984375 0.767578125 0.494140625 0.771484375 0.498046875 0.734375
0 0.447265625 0.767578125 0.443359375 0.796875 0.484375 0.802734375 0.48828125 0.771484375 0.458984375 0.767578125
0 0.0078125 0.77734375 0 0.796875 0 0.81640625 0.05078125 0.8359375 0.06640625 0.80078125 0.0078125 0.779296875
0 0.025390625 0.73828125 0.0078125 0.779296875 0.03125 0.787109375 0.046875 0.74609375 0.03125 0.740234375
0 0.04296875 0.7109375 0.03125 0.740234375 0.060546875 0.751953125 0.072265625 0.720703125
0 0.09765625 0.732421875 0.072265625 0.720703125 0.060546875 0.75 0.087890625 0.759765625
0 0.080078125 0.7578125 0.06640625 0.794921875 0.078125 0.798828125 0.091796875 0.76171875 0.087890625 0.759765625
0 0.134765625 0.607421875 0.14453125 0.5859375 0.1171875 0.572265625 0.107421875 0.59375
0 0.126953125 0.552734375 0.1171875 0.572265625 0.158203125 0.591796875 0.16796875 0.572265625 0.154296875 0.56640625
0 0.171875 0.525390625 0.14453125 0.51171875 0.125 0.552734375 0.154296875 0.56640625
0 0.16796875 0.125 0.232421875 0.150390625 0.244140625 0.123046875 0.1796875 0.09765625
0 0.248046875 0.10546875 0.259765625 0.078125 0.201171875 0.0546875 0.19140625 0.08203125
0 0.369140625 0.365234375 0.447265625 0.39453125 0.494140625 0.275390625 0.416015625 0.244140625
0 0.66796875 0.419921875 0.6953125 0.4296875 0.70703125 0.39453125 0.6796875 0.38671875
0 0.791015625 0.396484375 0.8359375 0.412109375 0.845703125 0.380859375 0.798828125 0.3671875
0 0.615234375 0.138671875 0.626953125 0.078125 0.541015625 0.064453125 0.53125 0.123046875 0.615234375 0.138671875