0 0.60546875 0.568359375 0.607421875 0.55078125 0.51171875 0.55078125 0.51171875 0.611328125 0.58984375 0.611328125 0.611328125 0.634765625 0.6171875 0.62890625 0.638671875 0.65234375 0.6328125 0.658203125 0.666015625 0.6953125 0.673828125 0.6875 0.693359375 0.7109375 0.703125 0.720703125 0.705078125 0.876953125 0.708984375 0.884765625 0.763671875 0.88671875 0.7734375 0.880859375 0.77734375 0.849609375 0.77734375 0.708984375 0.779296875 0.6953125 0.767578125 0.68359375 0.751953125 0.68359375 0.748046875 0.689453125 0.734375 0.673828125 0.740234375 0.66796875 0.720703125 0.65234375 0.73828125 0.630859375 0.677734375 0.5625 0.662109375 0.578125 0.646484375 0.5625 0.6328125 0.552734375 0.615234375 0.5703125
0 0.345703125 0.60546875 0.345703125 0.619140625 0.279296875 0.619140625 0.279296875 0.673828125 0.3515625 0.673828125 0.3515625 0.66015625 0.498046875 0.66015625 0.498046875 0.60546875
0 0.263671875 0.796875 0.263671875 0.845703125 0.28125 0.84375 0.283203125 0.853515625 0.3203125 0.853515625 0.3203125 0.84375 0.3671875 0.845703125 0.3671875 0.853515625 0.396484375 0.8515625 0.396484375 0.841796875 0.443359375 0.841796875 0.443359375 0.8515625 0.498046875 0.8515625 0.498046875 0.841796875 0.51953125 0.841796875 0.51953125 0.8359375 0.529296875 0.8359375 0.529296875 0.79296875
0 0.580078125 0.736328125 0.59375 0.75 0.5703125 0.767578125 0.572265625 0.765625 0.55859375 0.775390625 0.5390625 0.7734375 0.537109375 0.806640625 0.568359375 0.80859375 0.5703125 0.802734375 0.58203125 0.802734375 0.587890625 0.80859375 0.587890625 0.814453125 0.591796875 0.8203125 0.580078125 0.830078125 0.6015625 0.8515625 0.642578125 0.81640625 0.619140625 0.79296875 0.623046875 0.771484375 0.642578125 0.75390625 0.634765625 0.74609375 0.63671875 0.740234375 0.619140625 0.7265625 0.615234375 0.73046875 0.599609375 0.71484375
0 0.259765625 1 0.408203125 1 0.408203125 0.9609375 0.259765625 0.96484375
0 0 0.693359375 0 0.814453125 0.05078125 0.814453125 0.05078125 0.7578125 0.078125 0.7578125 0.076171875 0.693359375
0 0.033203125 0.328125 0.033203125 0.232421875 0 0.23046875 0 0.328125
0 0.669921875 0.24609375 0.6796875 0.234375 0.65234375 0.20703125 0.599609375 0.259765625 0.576171875 0.283203125 0.609375 0.314453125 0.619140625 0.302734375 0.66015625 0.333984375 0.712890625 0.279296875
0 0.267578125 0.25390625 0.267578125 0.302734375 0.212890625 0.302734375 0.21484375 0.34765625 0.48046875 0.345703125 0.478515625 0.302734375 0.4375 0.302734375 0.4375 0.251953125 0.390625 0.251953125 0.390625 0.302734375 0.314453125 0.302734375 0.314453125 0.25390625
0 0.564453125 0.001953125 0.54296875 0 0.54296875 0.05078125 0.75390625 0.05078125 0.75390625 0 0.728515625 0 0.564453125 0
0 0.255859375 0.00390625 0.23046875 0.00390625 0.232421875 0.056640625 0.4453125 0.0546875 0.4453125 0 0.37109375 0 0.25390625 0
0 0.998046875 0.84765625 1 0.697265625 0.951171875 0.697265625 0.94921875 0.84765625 0.998046875 0.84765625
0 1 0.689453125 0.998046875 0.58203125 0.962890625 0.58203125 0.962890625 0.689453125 1 0.689453125