0 0.318359375 0.6640625 0.20703125 0.796875 0.033203125 0.6953125 0.00390625 0.744140625 0.19140625 0.8515625 0.19921875 0.837890625 0.2109375 0.84765625 0.240234375 0.814453125 0.25390625 0.826171875 0.359375 0.69921875
0 0.130859375 0.384765625 0.162109375 0.3359375 0 0.232421875 0 0.30078125
0 0.0859375 0.453125 0.04296875 0.427734375 0 0.501953125 0 0.603515625
0 0.3828125 0.390625 0.3671875 0.337890625 0.201171875 0.380859375 0.16015625 0.455078125 0.208984375 0.482421875 0.236328125 0.4296875
0 0.5 0.44140625 0.51171875 0.419921875 0.470703125 0.396484375 0.416015625 0.498046875 0.455078125 0.51953125 0.46484375 0.5 0.509765625 0.525390625 0.54296875 0.46484375
0 0.419921875 0.552734375 0.42578125 0.541015625 0.384765625 0.51953125 0.333984375 0.61328125 0.37109375 0.634765625 0.376953125 0.626953125 0.412109375 0.646484375 0.453125 0.572265625
0 0.09765625 0.568359375 0.205078125 0.625 0.232421875 0.57421875 0.123046875 0.517578125
0 0.369140625 0.07421875 0.421875 0.10546875 0.484375 0 0.4140625 0
0 0.875 0.1015625 0.837890625 0.064453125 0.765625 0.13671875 0.662109375 0.068359375 0.630859375 0.1171875 0.76953125 0.20703125 0.861328125 0.115234375
0 0.416015625 0.24609375 0.626953125 0.375 0.716796875 0.2734375 0.671875 0.2421875 0.62109375 0.302734375 0.447265625 0.1953125
0 0.30859375 0.0703125 0.3359375 0.021484375 0.298828125 0 0.185546875 0
0 0 0.046875 0 0.158203125 0.00390625 0.162109375 0.091796875 0.009765625 0.07421875 0 0.02734375 0
0 0.900390625 0.80078125 0.927734375 0.75390625 0.8046875 0.681640625 0.77734375 0.73046875
0 0.740234375 0.685546875 0.83984375 0.52734375 0.787109375 0.494140625 0.6875 0.65234375
0 0.830078125 0.90625 0.830078125 0.9140625 0.7421875 0.916015625 0.744140625 0.98046875 0.8671875 0.9765625 0.865234375 0.9140625 0.8515625 0.9140625 0.8515625 0.90625
0 0.662109375 0.748046875 0.5546875 0.744140625 0.552734375 0.806640625 0.662109375 0.810546875 0.662109375 0.796875
0 0.537109375 0.732421875 0.296875 1 0.404296875 1 0.455078125 0.93359375 0.439453125 0.93359375 0.44140625 0.869140625 0.50390625 0.87109375 0.552734375 0.806640625 0.5546875 0.744140625
0 0.66015625 0.861328125 0.765625 0.865234375 0.767578125 0.798828125 0.662109375 0.796875 0.662109375 0.810546875
0 0.44140625 0.869140625 0.439453125 0.93359375 0.5546875 0.9375 0.556640625 0.87109375 0.50390625 0.87109375
0 0.5546875 0.97265625 0.640625 0.974609375 0.640625 0.962890625 0.65625 0.962890625 0.65625 0.90625 0.556640625 0.904296875 0.5546875 0.9375
0 0.896484375 0.701171875 0.953125 0.732421875 1 0.64453125 1 0.640625 0.9453125 0.611328125
0 0.8515625 0.498046875 0.94140625 0.55859375 0.96484375 0.525390625 0.873046875 0.46484375
0 0.96484375 0.58203125 1 0.599609375 1 0.537109375 0.990234375 0.533203125
0 0.080078125 0.90234375 0 0.9921875 0 1 0.078125 1 0.12890625 0.943359375
0 0.044921875 0.9140625 0.044921875 0.8203125 0 0.8203125 0 0.9140625
0 0.9140625 0.451171875 0.998046875 0.32172056686046513 0.998046875 0.22330729166666666 0.86328125 0.4140625
0 0.923828125 0.8515625 0.955078125 0.796875 0.92578125 0.78125 0.89453125 0.8359375