0 0.04615542763157898 0.1587171052631579 0.16694078947368418 0.1278782894736842 0.22399259868421056 0.2995476973684211 0.09755345394736846 0.3159950657894737
0 0 0.7989309210526316 0.111328125 0.7520559210526316 0.125 0.8008840460526316 0.013671875 0.8438527960526316
0 0.11101973684210525 0.7485608552631579 0.22430098684210525 0.7016858552631579 0.23992598684210525 0.7485608552631579 0.12664473684210525 0.7934827302631579
0 0.16036184210526316 0.7999588815789473 0.26387746710526316 0.7667557565789473 0.27559621710526316 0.8136307565789473 0.17208059210526316 0.8468338815789473
0 0.251953125 0.7036389802631579 0.412109375 0.6430921052631579 0.427734375 0.6860608552631579 0.267578125 0.7466077302631579
0 0.1796875 0.880859375 0.28515625 0.84375 0.30078125 0.880859375 0.197265625 0.91796875
0 0.197265625 0.95703125 0.314453125 0.92578125 0.330078125 0.966796875 0.212890625 0.998046875
0 0.024773848684210523 0.9545641447368421 0.1634457236842105 0.9096422697368421 0.1810238486842105 0.9526110197368421 0.04430509868421052 0.997532894736842
0 0.8394325657894737 0.4912623355263158 0.9116981907894737 0.4658717105263158 0.9331825657894737 0.5166529605263158 0.8628700657894737 0.5400904605263158
0 0.828125 0.610814144736842 0.900390625 0.587376644736842 0.919921875 0.640111019736842 0.84765625 0.661595394736842
0 0.43472450657894746 0.6380550986842105 0.5851151315789476 0.5872738486842105 0.5987870065789476 0.6263363486842105 0.45034950657894746 0.6790707236842105
0 0.8565995065789473 0.7067228618421053 0.9366776315789473 0.6813322368421053 0.9601151315789473 0.7438322368421053 0.8780838815789473 0.7711759868421053
0 0.6640625 0.87890625 0.86328125 0.810546875 0.880859375 0.853515625 0.681640625 0.921875
0 0.455078125 0.732421875 0.611328125 0.677734375 0.626953125 0.720703125 0.470703125 0.775390625
0 0.7040501644736842 0.998046875 0.6917146381578947 0.9738898026315789 0.8984375 0.90625 0.90625 0.951171875 0.7749794407894737 0.998046875
0 0.6270559210526315 0.6689967105263158 0.7872121710526315 0.6143092105263158 0.8047902960526315 0.6650904605263158 0.6446340460526315 0.7197779605263158
0 0.6328125 0.7734375 0.826171875 0.708984375 0.83984375 0.751953125 0.646484375 0.814453125
0 0.31640625 0.890625 0.47265625 0.83203125 0.48828125 0.873046875 0.330078125 0.931640625
0 0.32370476973684215 0.9965049342105262 0.46967516447368424 0.9420230263157894 0.49126233552631576 0.9934210526315789 0.4336965460526316 0.998046875
0 0.287109375 0.7890625 0.439453125 0.734375 0.45703125 0.775390625 0.302734375 0.830078125
0 0.49198190789473684 0.9377055921052632 0.6423725328947368 0.8849712171052632 0.6560444078947368 0.9240337171052632 0.5056537828947368 0.9806743421052632
0 0.895045230263158 0.8118832236842106 0.965357730263158 0.7864925986842106 0.986842105263158 0.8450863486842106 0.916529605263158 0.8685238486842106
0 0.6258223684210527 0.5628083881578947 0.7605879934210527 0.5256990131578947 0.7945106907894737 0.6079358552631579 0.6495682565789473 0.6469983552631579
0 0.25339226973684215 0.3273026315789474 0.31589226973684215 0.3077713815789474 0.35300164473684215 0.4230057565789474 0.29636101973684215 0.4425370065789474
0 0.2337582236842105 0.2182360197368421 0.6712582236842105 0.2182360197368421 0.6712582236842105 0.3041735197368421 0.2337582236842105 0.3041735197368421
0 0.8674958881578947 0.17413651315789477 0.8685238486842105 0.10629111842105267 0.998046875 0.10012335526315792 0.998046875 0.17722039473684212
0 0.8205180921052632 0.19788240131578946 0.8205180921052632 0.10608552631578946 0.870579769736842 0.10731907894736845 0.8716077302631579 0.20086348684210528
0 0.6799958881578947 0.2218338815789474 0.8284333881578947 0.2218338815789474 0.8284333881578947 0.3155838815789474 0.6799958881578947 0.3155838815789474
0 0.9384251644736841 0.4609375 0.9672080592105263 0.5102796052631579 0.998046875 0.49306724296205623 0.998046875 0.44037828947368424
0 0.998046875 0.5370065789473684 0.9127261513157894 0.5740131578947368 0.9363692434210527 0.6274671052631579 0.998046875 0.6071074987225344
0 0.9456208881578947 0.6696134868421052 0.9620682565789473 0.7158717105263157 0.998046875 0.722867552997076 0.998046875 0.7035361842105262 0.998046875 0.6572779605263157
0 0.646484375 0.818359375 0.625 0.763671875 0.501953125 0.810546875 0.521484375 0.865234375 0.646484375 0.818359375
0 0.0546875 0.310546875 0.044921875 0.271484375 0 0.28515625 0 0.32421875 0.0546875 0.310546875
0 1 0.95703125 0.990234375 0.8671875 0.93359375 0.880859375 0.953125 0.970703125 1 0.95703125
0 0.16796875 0.84375 0.15625 0.8125 0.001953125 0.869140625 0.013671875 0.900390625 0.16796875 0.84375