0 0.244140625 0.349609375 0.240234375 0.41015625 0.384765625 0.419921875 0.388671875 0.359375
0 0.3671875 0.478515625 0.361328125 0.54296875 0.392578125 0.544921875 0.3984375 0.48046875
0 0.40625 0.349609375 0.390625 0.587890625 0.46875 0.59375 0.484375 0.35546875
0 0.138671875 0.52734375 0.142578125 0.4765625 0.091796875 0.47265625 0.087890625 0.5234375
0 0.146484375 0.41796875 0.138671875 0.52734375 0.076171875 0.521484375 0.068359375 0.630859375 0.2109375 0.640625 0.2265625 0.423828125
0 0.359375 0.646484375 0.35546875 0.703125 0.3828125 0.705078125 0.38671875 0.6484375
0 0.388671875 0.634765625 0.369140625 0.89453125 0.443359375 0.900390625 0.4609375 0.640625
0 0.361328125 0.7578125 0.365234375 0.72265625 0.07421875 0.701171875 0.0625 0.865234375 0.369140625 0.88671875 0.37890625 0.759765625
0 0.0234375 0.83984375 0.021484375 0.875 0.0625 0.876953125 0.064453125 0.841796875
0 0 0.7109375 0 0.802734375 0.029296875 0.806640625 0.037109375 0.712890625
0 0.05078125 0.634765625 0.05078125 0.6328125 0.029296875 0.623046875 0 0.681640625 0 0.7109375 0.044921875 0.71484375 0.060546875 0.63671875
0 0 0.880859375 0 1 0.263671875 1 0.271484375 0.90234375
0 0.01953125 0.1875 0.0625 0.220703125 0.119140625 0.1484375 0.076171875 0.115234375
0 0.30859375 0.150390625 0.3671875 0.048828125 0.333984375 0.029296875 0.275390625 0.1328125
0 0.224609375 0.255859375 0.21875 0.337890625 0.404296875 0.349609375 0.41015625 0.267578125
0 0.259765625 0.15625 0.255859375 0.208984375 0.236328125 0.208984375 0.234375 0.2578125 0.3046875 0.26171875 0.310546875 0.16015625
0 0.42578125 0.02734375 0.404296875 0.349609375 0.484375 0.35546875 0.505859375 0.033203125
0 0.36328125 0.0234375 0.505859375 0.033203125 0.5078125 0 0.36328125 0
0 0.439453125 0.9765625 0.4453125 0.900390625 0.369140625 0.89453125 0.359375 1 0.447265625 1 0.44921875 0.9765625
0 0.033203125 0.279296875 0.0390625 0.208984375 0 0.205078125 0 0.275390625 0.033203125 0.279296875
0 0.029296875 0.412109375 0.029296875 0.33984375 0 0.337890625 0 0.412109375 0.029296875 0.412109375