0 0.29296875 0.162109375 0.29296875 0.17578125 0.28125 0.17578125 0.279296875 0.259765625 0.33984375 0.26171875 0.341796875 0.205078125 0.326171875 0.205078125 0.326171875 0.162109375
0 0.69140625 0.169921875 0.693359375 0.111328125 0.6171875 0.109375 0.615234375 0.16796875 0.681640625 0.169921875
0 0.39453125 0.140625 0.39453125 0.1640625 0.326171875 0.162109375 0.326171875 0.205078125 0.43359375 0.20703125 0.43359375 0.216796875 0.458984375 0.216796875 0.458984375 0.208984375 0.6796875 0.212890625 0.681640625 0.169921875 0.4453125 0.1640625 0.4453125 0.142578125
0 0.259765625 0.578125 0.34765625 0.578125 0.345703125 0.365234375 0.2578125 0.3671875
0 0.26953125 0.640625 0.26953125 0.6875 0.279296875 0.6875 0.279296875 0.771484375 0.34765625 0.771484375 0.34765625 0.640625
0 0.30859375 0.98046875 0.259765625 0.98046875 0.259765625 0.994140625 0.23046875 0.994140625 0.23046875 1 0.30859375 1 0.30859375 0.99609375
0 0.365234375 0.99609375 0.365234375 0.98046875 0.62890625 0.9765625 0.62890625 0.9375 0.55078125 0.9375 0.548828125 0.90625 0.529296875 0.90625 0.529296875 0.9375 0.361328125 0.939453125 0.361328125 0.90625 0.3125 0.908203125 0.3125 0.923828125 0.259765625 0.92578125 0.259765625 0.98046875 0.30859375 0.98046875 0.30859375 0.99609375
0 0.095703125 0.138671875 0.0703125 0.138671875 0.0703125 0.109375 0 0.109375 0 0.15625 0.048828125 0.15625 0.048828125 0.45703125 0 0.45703125 0 0.5 0.06640625 0.5 0.06640625 0.45703125 0.095703125 0.45703125 0.095703125 0.447265625
0 0.125 0.447265625 0.095703125 0.447265625 0.095703125 0.45703125 0.06640625 0.45703125 0.06640625 0.5 0.125 0.5
0 0.1328125 0.58203125 0.021484375 0.58203125 0.021484375 0.619140625 0.1015625 0.619140625 0.1015625 0.6484375 0.1328125 0.6484375 0.1328125 0.619140625
0 0.736328125 0.849609375 1 0.8515625 1 0.810546875 0.73828125 0.806640625
0 1 0.69140625 1 0.64453125 0.724609375 0.640625 0.72265625 0.6875
0 1 0.51171875 1 0.46875 0.7265625 0.466796875 0.7265625 0.509765625
0 0.947265625 0.33203125 0.947265625 0.29296875 0.732421875 0.29296875 0.732421875 0.33203125
0 0.7421875 0.1640625 1 0.1640625 1 0.12109375 0.7421875 0.12109375
0 0.99609375 0.998046875 0.99609375 0.955078125 0.736328125 0.95703125 0.736328125 1 0.99609375 0.998046875
0 0.32421875 0.11328125 0.3203125 0.072265625 0.2578125 0.076171875 0.259765625 0.1171875 0.32421875 0.11328125
0 0.7109375 1 0.7109375 0.958984375 0.640625 0.95703125 0.640625 0.998046875 0.7109375 1