0 0.32421875 0.1875 0.134765625 0.189453125 0.134765625 0.25390625 0.32421875 0.25390625
0 0.640625 0.888671875 0.638671875 0.859375 0.5703125 0.861328125 0.5703125 0.890625 0.572265625 0.890625
0 0.59375 0.919921875 0.5625 0.919921875 0.5625 1 0.591796875 1
0 0.65625 0.966796875 0.76171875 0.966796875 0.76171875 0.921875 0.65625 0.921875
0 0.591796875 1 0.63671875 1 0.638671875 0.966796875 0.59375 0.96484375
0 0.6328125 0.919921875 0.6328125 0.900390625 0.59375 0.8984375 0.59375 0.919921875
0 0.59375 0.919921875 0.59375 0.96484375 0.65625 0.966796875 0.65625 0.921875
0 0.4765625 0.931640625 0.478515625 1 0.5390625 0.998046875 0.5390625 0.962890625 0.52734375 0.962890625 0.52734375 0.9296875
0 0.564453125 0.8828125 0.4765625 0.884765625 0.4765625 0.908203125 0.5703125 0.90625 0.5703125 0.8828125
0 0 0.302734375 0 1 0.39453125 1 0.384765625 0.654296875 0.39453125 0.654296875 0.3828125 0.29296875
0 0.998046875 0.951171875 1 0.94921875 1 0.869140625 0.990234375 0.87109375
0 0.77734375 0.3515625 0.7734375 0.298828125 0.7265625 0.30078125 0.728515625 0.353515625
0 0.69140625 0.220703125 0.744140625 0.216796875 0.7421875 0.1796875 0.689453125 0.181640625
0 0.74609375 0.265625 0.744140625 0.216796875 0.67578125 0.220703125 0.6796875 0.26953125
0 0.677734375 0.240234375 0.6640625 0.2421875 0.666015625 0.26953125 0.6796875 0.26953125
0 0.673828125 0.345703125 0.673828125 0.35546875 0.728515625 0.353515625 0.728515625 0.34375
0 0.7734375 0.28515625 0.75390625 0.287109375 0.755859375 0.30078125 0.7734375 0.298828125
0 0.91015625 0.228515625 0.916015625 0.279296875 1 0.26953125 1 0.21875
0 1 0.400390625 1 0.3671875 0.92578125 0.375 0.927734375 0.408203125
0 0.9140625 0.25390625 0.859375 0.259765625 0.873046875 0.3984375 0.927734375 0.392578125 0.916015625 0.279296875
0 0.927734375 0.392578125 0.873046875 0.3984375 0.88671875 0.54296875 0.94140625 0.5390625 0.927734375 0.408203125
0 1 0.029296875 1 0 0.958984375 0 0.84375 0.021484375 0.849609375 0.056640625 0.921875 0.044921875 0.923828125 0.052734375 0.95703125 0.046875 0.95703125 0.0390625
0 0.98046875 0.15234375 1 0.1484375 1 0.09765625 0.97265625 0.103515625
0 0.482421875 0.306640625 0.5390625 0.298828125 0.53515625 0.267578125 0.478515625 0.2734375
0 0.5390625 0.298828125 0.60546875 0.291015625 0.6015625 0.2578125 0.53515625 0.267578125
0 0.60546875 0.291015625 0.6640625 0.28515625 0.66015625 0.251953125 0.6015625 0.2578125
0 0.23828125 0.083984375 0.236328125 0 0 0 0 0.087890625
0 0.859375 1 0.853515625 0.888671875 0.798828125 0.892578125 0.8046875 1
0 0.982421875 0.998046875 0.9765625 0.90625 0.91796875 0.91015625 0.923828125 1