0 0.642578125 0.328125 0.640625 0.35546875 0.611328125 0.353515625 0.609375 0.4140625 0.8203125 0.421875 0.822265625 0.361328125 0.751953125 0.359375 0.751953125 0.33984375 0.7265625 0.33984375 0.7265625 0.357421875 0.6796875 0.357421875 0.681640625 0.33203125
0 0.861328125 0.361328125 0.861328125 0.408203125 0.919921875 0.408203125 0.919921875 0.423828125 0.947265625 0.423828125 0.947265625 0.361328125
0 0.919921875 0.408203125 0.861328125 0.408203125 0.861328125 0.513671875 0.919921875 0.513671875 0.919921875 0.423828125
0 0.828125 0.279296875 0.826171875 0.30859375 0.982421875 0.31640625 0.984375 0.287109375 0.923828125 0.28515625
0 0.7265625 0.166015625 0.67578125 0.16796875 0.67578125 0.208984375 0.728515625 0.208984375 0.728515625 0.171875
0 0.8125 0.171875 0.728515625 0.171875 0.728515625 0.2109375 0.814453125 0.2109375
0 0.912109375 0.2109375 0.912109375 0.169921875 0.8125 0.171875 0.814453125 0.2109375
0 0.93359375 0.1640625 1 0.1796875 1 0.111328125 0.951171875 0.099609375
0 0.828125 0.10546875 0.923828125 0.115234375 0.927734375 0.07421875 0.83203125 0.064453125 0.830078125 0.09375
0 0.82421875 0.119140625 0.779296875 0.119140625 0.779296875 0.158203125 0.82421875 0.15625 0.82421875 0.123046875
0 0.82421875 0.158203125 0.92578125 0.154296875 0.92578125 0.12109375 0.82421875 0.123046875 0.82421875 0.15625
0 0.79296875 0.091796875 0.810546875 0.091796875 0.81640625 0.041015625 0.798828125 0.0390625
0 0.798828125 0.029296875 0.798828125 0.0390625 0.81640625 0.041015625 0.810546875 0.091796875 0.830078125 0.09375 0.8359375 0.03125
0 1 0.2890625 1 0.240234375 0.92578125 0.23828125 0.923828125 0.28515625 0.984375 0.287109375
0 0.16015625 0.939453125 0.12890625 0.931640625 0.111328125 1 0.14453125 1
0 0.515625 0.45703125 0.5703125 0.38671875 0.54296875 0.36328125 0.48828125 0.43359375 0.515625 0.45703125
0 0.7421875 0.138671875 0.759765625 0.064453125 0.72265625 0.0546875 0.705078125 0.130859375 0.7421875 0.138671875
0 0.5234375 0.998046875 0.5234375 0.96875 0.4609375 0.96875 0.4609375 1 0.5234375 0.998046875
0 0.470703125 0.447265625 0.501953125 0.40625 0.478515625 0.38671875 0.4453125 0.427734375 0.470703125 0.447265625