0 0.5078125 0.712890625 0.67578125 0.80859375 0.703125 0.7578125 0.537109375 0.6640625
0 0.7109375 0.822265625 0.947265625 0.955078125 0.9765625 0.904296875 0.740234375 0.771484375
0 0.58984375 0.556640625 0.765625 0.654296875 0.794921875 0.603515625 0.619140625 0.50390625
0 0.96484375 0.376953125 0.994140625 0.326171875 0.79296875 0.212890625 0.763671875 0.263671875 0.8125 0.291015625
0 0.880859375 0.525390625 1 0.591796875 1 0.517578125 0.912109375 0.46875
0 0.67578125 0.40234375 0.845703125 0.498046875 0.87109375 0.453125 0.701171875 0.357421875
0 0.794921875 0.67578125 1 0.7890625 1 0.720703125 0.82421875 0.623046875
0 0.16015625 0.310546875 0.478515625 0.490234375 0.5078125 0.4375 0.189453125 0.2578125
0 0.205078125 0.16015625 0.232421875 0.11328125 0.033203125 0 0 0 0 0.04296875
0 0.25 0.15625 0.56640625 0.3359375 0.595703125 0.287109375 0.27734375 0.107421875
0 0.072265625 0.46484375 0.400390625 0.650390625 0.431640625 0.595703125 0.103515625 0.41015625
0 0.12890625 0.306640625 0.15625 0.255859375 0 0.166015625 0 0.232421875
0 0 0.359375 0 0.43359375 0.03515625 0.455078125 0.06640625 0.3984375
0 0.111328125 0.75390625 0.138671875 0.705078125 0 0.626953125 0 0.69140625
0 0.09375 0.865234375 0.232421875 0.943359375 0.259765625 0.896484375 0.119140625 0.818359375
0 0.40234375 0.908203125 0.564453125 1 0.568359375 1 0.595703125 0.955078125 0.427734375 0.861328125
0 0.388671875 0.939453125 0.353515625 1 0.44140625 1 0.455078125 0.9765625
0 0.3515625 0.076171875 0.349609375 0 0.197265625 0 0.197265625 0.076171875 0.3515625 0.076171875
0 0.052734375 0.998046875 0.052734375 0.919921875 0 0.919921875 0 0.998046875 0.052734375 0.998046875