0 0.29296875 0.056640625 0.29296875 0 0.228515625 0 0.228515625 0.0546875
0 0.216796875 0.017578125 0 0.01171875 0 0.07421875 0.216796875 0.080078125 0.216796875 0.068359375
0 0 0.15234375 0 0.20703125 0.224609375 0.2109375 0.224609375 0.154296875
0 0.2421875 0.234375 0.35546875 0.23046875 0.349609375 0.083984375 0.23828125 0.087890625
0 0.43359375 0.12109375 0.43359375 0.154296875 0.392578125 0.15234375 0.390625 0.23046875 0.517578125 0.232421875 0.51953125 0.12109375
0 0.154296875 0.349609375 0.087890625 0.3515625 0.08984375 0.416015625 0.15625 0.4140625
0 0.087890625 0.337890625 0 0.33984375 0 0.40234375 0.087890625 0.400390625
0 0.173828125 0.603515625 0.107421875 0.603515625 0.107421875 0.66015625 0.173828125 0.66015625
0 0.126953125 0.533203125 0.126953125 0.470703125 0 0.470703125 0 0.533203125
0 0.107421875 0.619140625 0 0.619140625 0 0.677734375 0.107421875 0.677734375
0 0.22265625 0.390625 0.5 0.388671875 0.498046875 0.32421875 0.22265625 0.328125
0 0.232421875 0.53125 0.505859375 0.52734375 0.50390625 0.46484375 0.232421875 0.46875
0 0.240234375 0.658203125 0.49609375 0.654296875 0.49609375 0.595703125 0.240234375 0.599609375
0 0.87890625 0.521484375 0.619140625 0.525390625 0.62109375 0.6171875 0.880859375 0.61328125
0 0.875 0.279296875 0.609375 0.283203125 0.61328125 0.40234375 0.78125 0.3984375 0.783203125 0.5234375 0.87890625 0.521484375 0.875 0.337890625
0 0.71875 0.09375 0.716796875 0.1875 0.80078125 0.193359375 0.8046875 0.130859375 0.998046875 0.142578125 1 0.109375
0 0.8046875 0.130859375 0.80078125 0.193359375 0.994140625 0.203125 0.998046875 0.142578125
0 0.720703125 0.005859375 0.60546875 0.001953125 0.599609375 0.1953125 0.716796875 0.197265625 0.716796875 0.1875
0 0.171875 0.916015625 0.166015625 0.900390625 0.119140625 0.919921875 0.125 0.935546875 0.06640625 0.958984375 0.05859375 0.9453125 0.013671875 0.962890625 0.01953125 0.978515625 0 0.986328125 0 1 0.134765625 1 0.234375 0.958984375 0.208984375 0.900390625
0 0.89453125 0.88671875 0.90625 0.92578125 0.916015625 0.923828125 0.923828125 0.947265625 1 0.923828125 1 0.853515625
0 0.40234375 0.96484375 0.408203125 0.978515625 0.35546875 1 0.484375 1 0.466796875 0.953125 0.4375 0.96484375 0.43359375 0.951171875
0 0.5078125 0.296875 0.5078125 0.2578125 0.216796875 0.255859375 0.216796875 0.294921875 0.5078125 0.296875