0 0.3984375 0.064453125 0.3515625 0.009765625 0.130859375 0.1953125 0.177734375 0.25 0.21875 0.216796875
0 0.06640625 0.130859375 0.224609375 0 0.12890625 0 0.02734375 0.083984375
0 0.12109375 0.275390625 0.064453125 0.220703125 0 0.287109375 0 0.3671875 0.017578125 0.384765625 0.056640625 0.341796875
0 0.962890625 0.138671875 0.9921875 0.203125 1 0.19921875 1 0.12109375
0 0.732421875 0.173828125 0.73046875 0.228515625 0.921875 0.228515625 0.923828125 0.17578125
0 0.5859375 0.310546875 0.5859375 0.333984375 0.552734375 0.333984375 0.552734375 0.365234375 0.67578125 0.365234375 0.67578125 0.33203125 0.6484375 0.333984375 0.6484375 0.30859375
0 0.46875 0.48828125 0.3359375 0.482421875 0.333984375 0.53515625 0.46484375 0.54296875 0.466796875 0.5078125
0 0 0.8203125 0 0.8828125 0.09375 0.88671875 0.095703125 0.82421875
0 0.150390625 0.65234375 0.150390625 0.7109375 0.275390625 0.712890625 0.275390625 0.654296875
0 0.98828125 0.01171875 0.982421875 0 0.953125 0 0.9375 0.0078125 0.94921875 0.029296875 0.919921875 0.04296875 0.943359375 0.091796875 1 0.064453125 1 0.00390625
0 0.4375 0.2734375 0.404296875 0.22265625 0.361328125 0.25 0.392578125 0.30078125 0.4375 0.2734375