0 0.685546875 0.3984375 0.703125 0.369140625 0.689453125 0.361328125 0.673828125 0.392578125
0 0.7109375 0.1953125 0.681640625 0.248046875 0.67578125 0.24609375 0.646484375 0.30078125 0.65234375 0.3046875 0.619140625 0.36328125 0.673828125 0.392578125 0.765625 0.224609375
0 0.30078125 0.673828125 0.435546875 0.751953125 0.46875 0.6953125 0.33203125 0.6171875
0 0.291015625 0.86328125 0.3515625 0.892578125 0.3984375 0.80078125 0.337890625 0.76953125
0 0.224609375 0.978515625 0.267578125 1 0.29296875 1 0.330078125 0.923828125 0.265625 0.89453125
0 0.123046875 0.98046875 0.158203125 1 0.203125 1 0.20703125 0.994140625 0.13671875 0.955078125
0 0.359375 0 0.197265625 0 0.521484375 0.189453125 0.564453125 0.119140625
0 0.935546875 0.169921875 0.89453125 0.14453125 0.859375 0.203125 0.978515625 0.2734375 1 0.234375 1 0.19921875 0.958984375 0.17578125 0.953125 0.1875 0.93359375 0.17578125
0 0.876953125 0.2734375 0.681640625 0.62109375 0.767578125 0.66796875 0.962890625 0.322265625
0 0.658203125 0.69140625 0.630859375 0.740234375 0.7109375 0.78515625 0.73828125 0.736328125
0 0.6953125 0.626953125 0.658203125 0.69140625 0.73828125 0.736328125 0.7734375 0.671875 0.767578125 0.66796875
0 0.552734375 0.669921875 0.609375 0.705078125 0.642578125 0.6484375 0.5859375 0.615234375
0 0.994140625 0.962890625 0.607421875 0.8125 0.548828125 0.96875 0.626953125 1 0.994140625 1