0 0.4921875 0.091796875 0.486328125 0.138671875 1 0.205078125 1 0.158203125 0.716796875 0.12109375
0 0.48046875 0.037109375 0.4765625 0.08984375 0.716796875 0.12109375 0.763671875 0.125 0.767578125 0.056640625
0 0.76953125 0.037109375 0.763671875 0.125 1 0.140625 1 0.05078125
0 0.392578125 0.80078125 0.443359375 0.806640625 0.466796875 0.607421875 0.416015625 0.6015625
0 0.611328125 0.484375 0.4296875 0.47265625 0.423828125 0.578125 0.60546875 0.58984375 0.611328125 0.5
0 0.611328125 0.5 0.60546875 0.58984375 0.826171875 0.603515625 0.83203125 0.513671875
0 0.994140625 0.68359375 0.49609375 0.623046875 0.4921875 0.662109375 0.572265625 0.671875 0.568359375 0.703125 0.984375 0.75390625 0.98828125 0.72265625
0 0.986328125 0.439453125 0.95703125 0.65625 1 0.66015625 1 0.439453125
0 0.07421875 0.66015625 0.078125 0.578125 0 0.57421875 0 0.65625 0.07421875 0.66015625
0 0.087890625 0.84375 0.087890625 0.72265625 0 0.72265625 0 0.84375 0.087890625 0.84375
0 0.509765625 1 0.509765625 0.974609375 0.36328125 0.974609375 0.36328125 0.998046875 0.509765625 1