0 1 0.03515625 1 0 0.7890625 0
0 0.1015625 0.255859375 0.111328125 0.193359375 0 0.173828125 0 0.23828125
0 0.08203125 0.390625 0.08984375 0.3359375 0 0.322265625 0 0.376953125
0 0.140625 0.142578125 0.1484375 0.08203125 0 0.060546875 0 0.123046875
0 0.083984375 0.634765625 0.08984375 0.580078125 0 0.56640625 0 0.623046875
0 0.3359375 0.17578125 0.43359375 0.189453125 0.44140625 0.1328125 0.34375 0.119140625
0 0.494140625 0.15234375 0.486328125 0.20703125 0.80078125 0.255859375 0.80859375 0.19921875
0 0.865234375 0.263671875 0.9609375 0.279296875 0.96875 0.228515625 0.873046875 0.212890625
0 0.666015625 0.392578125 0.935546875 0.427734375 0.943359375 0.37109375 0.673828125 0.337890625
0 0.205078125 0.7890625 0.515625 0.833984375 0.5234375 0.78125 0.212890625 0.734375
0 0.251953125 0.486328125 0.537109375 0.529296875 0.546875 0.470703125 0.259765625 0.4296875
0 0.23046875 0.646484375 0.509765625 0.689453125 0.517578125 0.630859375 0.23828125 0.58984375
0 0.27734375 0.32421875 0.62890625 0.380859375 0.638671875 0.32421875 0.28515625 0.267578125
0 0.533203125 0.98828125 0.61328125 1 0.845703125 1 0.849609375 0.978515625 0.541015625 0.93359375
0 0.63671875 0.55078125 0.91796875 0.591796875 0.92578125 0.53515625 0.64453125 0.494140625
0 0.5546875 0.841796875 0.861328125 0.888671875 0.869140625 0.8359375 0.564453125 0.7890625
0 0.61328125 0.70703125 0.888671875 0.748046875 0.896484375 0.6953125 0.62109375 0.654296875
0 0.185546875 0.927734375 0.484375 0.974609375 0.4921875 0.91796875 0.1953125 0.87109375
0 0.95703125 0.875 1 0.880859375 1 0.818359375 0.966796875 0.814453125
0 0.060546875 0.689453125 0.1015625 0.6953125 0.10546875 0.66796875 0.0625 0.662109375
0 0.998046875 1 1 0.91796875 0.9375 0.916015625 0.935546875 0.998046875 0.998046875 1
0 0.3671875 0.404296875 0.376953125 0.345703125 0.275390625 0.330078125 0.265625 0.38671875 0.3671875 0.404296875