0 0.025390625 0.310546875 0.015625 0.111328125 0 0.111328125 0 0.310546875
0 0.0078125 0.3671875 0 0.3671875 0 0.482421875 0.01171875 0.482421875
0 0.8515625 0.962890625 1 0.951171875 1 0.890625 0.84765625 0.90234375
0 0.591796875 0.73828125 0.650390625 0.734375 0.64453125 0.6484375 0.5859375 0.65234375 0.587890625 0.67578125
0 0.275390625 0.6796875 0.19921875 0.68359375 0.205078125 0.78515625 0.28125 0.78125 0.27734375 0.693359375
0 0.5859375 0.65234375 0.64453125 0.6484375 0.642578125 0.623046875 0.2734375 0.64453125 0.27734375 0.693359375 0.587890625 0.67578125
0 0.828125 0.67578125 1 0.669921875 1 0.6171875 0.826171875 0.623046875
0 0.837890625 0.830078125 1 0.822265625 1 0.763671875 0.8359375 0.771484375
0 0.0703125 0.896484375 0.056640625 0.658203125 0 0.66015625 0 0.8984375
0 0.025390625 1 0.087890625 1 0.0859375 0.939453125 0.0234375 0.94140625
0 0.537109375 0.94921875 0.798828125 0.93359375 0.794921875 0.875 0.53515625 0.890625
0 0.279296875 0.953125 0.525390625 0.939453125 0.521484375 0.892578125 0.27734375 0.90625
0 0.189453125 1 0.24609375 1 0.2421875 0.9375 0.1875 0.94140625
0 0.19921875 0.857421875 0.484375 0.8359375 0.478515625 0.76953125 0.193359375 0.791015625
0 0.513671875 0.828125 0.7734375 0.814453125 0.771484375 0.75390625 0.51171875 0.767578125
0 0.693359375 0.669921875 0.703125 0.748046875 0.7578125 0.7421875 0.75 0.6640625
0 0.75 0.6640625 0.7421875 0.59765625 0.671875 0.60546875 0.677734375 0.671875 0.693359375 0.669921875
0 0.298828125 0.54296875 0.7578125 0.51171875 0.75390625 0.451171875 0.294921875 0.482421875
0 0.24609375 0.3671875 0.19140625 0.37109375 0.201171875 0.53515625 0.2578125 0.53125
0 0.2734375 0.353515625 0.650390625 0.33203125 0.646484375 0.26953125 0.26953125 0.291015625
0 0.16796875 0.359375 0.21875 0.35546875 0.201171875 0.125 0.150390625 0.12890625
0 0.248046875 0.185546875 0.6015625 0.169921875 0.59765625 0.115234375 0.24609375 0.130859375
0 0.63671875 0.181640625 0.71875 0.177734375 0.716796875 0.111328125 0.6328125 0.115234375
0 0.67578125 0.42578125 0.734375 0.423828125 0.732421875 0.361328125 0.671875 0.36328125
0 0.7421875 0.361328125 0.736328125 0.2734375 0.66796875 0.275390625 0.671875 0.36328125 0.732421875 0.361328125
0 1 0.435546875 1 0.369140625 0.884765625 0.373046875 0.888671875 0.4375
0 0.884765625 0.33203125 0.828125 0.333984375 0.830078125 0.439453125 0.888671875 0.4375
0 0.82421875 0.49609375 0.828125 0.541015625 1 0.533203125 1 0.48828125
0 0.80859375 0.158203125 0.75390625 0.162109375 0.76171875 0.279296875 0.81640625 0.275390625 0.8125 0.21875
0 0.8125 0.21875 0.81640625 0.275390625 1 0.26171875 1 0.205078125
0 0.791015625 0.0078125 0.751953125 0.0078125 0.75390625 0.05078125 0.79296875 0.05078125
0 0.755859375 0.109375 0.98828125 0.099609375 0.986328125 0.04296875 0.75390625 0.05078125
0 0.453125 0.052734375 0.453125 0 0.146484375 0 0.1484375 0.056640625 0.453125 0.052734375
0 0.060546875 0.0703125 0.060546875 0 0 0 0 0.0703125 0.060546875 0.0703125
0 0.7109375 0.068359375 0.70703125 0 0.6171875 0 0.619140625 0.0703125 0.7109375 0.068359375
0 1 1 1 0.9765625 0.8515625 0.9765625 0.8515625 0.998046875 1 1
0 0.51953125 1 0.51953125 0.9765625 0.2734375 0.974609375 0.2734375 1 0.51953125 1