0 0.955078125 0.53125 1 0.5390625 1 0.498046875 0.9609375 0.4921875
0 0.763671875 0.83984375 0.787109375 0.84375 0.798828125 0.767578125 0.77734375 0.763671875
0 0.94921875 0.84765625 0.927734375 0.96484375 1 0.9765625 1 0.85546875
0 0.7265625 0.931640625 0.720703125 0.96484375 0.869140625 0.98828125 0.873046875 0.955078125 0.751953125 0.935546875
0 0.873046875 0.955078125 0.865234375 1 1 1 1 0.9765625 0.927734375 0.96484375
0 0.76171875 0.876953125 0.751953125 0.935546875 0.927734375 0.96484375 0.9375 0.90625
0 0.859375 0.794921875 0.9453125 0.80859375 0.953125 0.755859375 0.8671875 0.7421875
0 0.87890625 0.646484375 0.86328125 0.740234375 0.998046875 0.763671875 1 0.75 1 0.6640625
0 0.83203125 0.46484375 0.8203125 0.529296875 0.857421875 0.53515625 0.861328125 0.5078125 0.935546875 0.521484375 0.94140625 0.484375
0 0.451171875 0.640625 0.447265625 0.671875 0.48828125 0.677734375 0.4921875 0.646484375
0 0.53125 0.39453125 0.513671875 0.501953125 0.56640625 0.509765625 0.576171875 0.451171875 0.65625 0.462890625 0.62890625 0.6484375 0.541015625 0.63671875 0.55078125 0.5625 0.505859375 0.556640625 0.48828125 0.677734375 0.66796875 0.705078125 0.708984375 0.421875
0 0.025390625 0.24609375 0.044921875 0.25 0.05859375 0.171875 0.041015625 0.169921875
0 0.330078125 0.49609375 0.01953125 0.443359375 0.00390625 0.537109375 0.23828125 0.578125 0.228515625 0.630859375 0.3046875 0.642578125 0.314453125 0.58984375
0 0.349609375 0.525390625 0.33203125 0.6328125 0.30859375 0.62890625 0.3046875 0.642578125 0.359375 0.65234375 0.380859375 0.529296875
0 0.099609375 0.640625 0.05078125 0.6328125 0.033203125 0.73046875 0.08203125 0.73828125 0.083984375 0.720703125 0.181640625 0.73828125 0.177734375 0.75 0.298828125 0.771484375 0.3125 0.697265625 0.265625 0.6875 0.2578125 0.728515625 0.185546875 0.71484375 0.1953125 0.66015625 0.173828125 0.65625 0.171875 0.66796875 0.09765625 0.654296875
0 0.033203125 0.91796875 0.220703125 0.951171875 0.2265625 0.908203125 0.041015625 0.876953125
0 0.34375 0.982421875 0.341796875 0.994140625 0.3359375 0.994140625 0.33203125 0.990234375 0.322265625 0.984375 0.31640625 0.984375 0.306640625 0.986328125 0.298828125 0.990234375 0.294921875 0.99609375 0.29296875 1 0.46484375 1
0 0.6171875 0.943359375 0.625 0.904296875 0.591796875 0.8984375 0.58203125 0.958984375 0.591796875 0.9609375 0.583984375 1 0.619140625 1 0.62890625 0.9453125
0 0.501953125 0.861328125 0.58984375 0.876953125 0.609375 0.759765625 0.521484375 0.74609375
0 0.36328125 0.71484375 0.3828125 0.71875 0.388671875 0.673828125 0.369140625 0.671875
0 0.8203125 0.529296875 0.7890625 0.70703125 0.822265625 0.7109375 0.818359375 0.732421875 0.783203125 0.7265625 0.77734375 0.763671875 0.841796875 0.775390625 0.884765625 0.5390625 0.857421875 0.53515625
0 0.59375 0.07421875 0.70703125 0.109375 0.71875 0.072265625 0.65234375 0.05078125 0.66796875 0 0.615234375 0
0 0.66015625 0.021484375 0.73828125 0.044921875 0.74609375 0.021484375 0.744140625 0 0.666015625 0
0 0.73828125 0.087890625 0.77734375 0.099609375 0.787109375 0.0703125 0.748046875 0.056640625
0 0.734375 0.150390625 0.771484375 0.162109375 0.779296875 0.1328125 0.744140625 0.123046875
0 0.833984375 0.185546875 0.904296875 0.208984375 0.916015625 0.173828125 0.845703125 0.150390625
0 0.041015625 0.80859375 0.048828125 0.75390625 0 0.74609375 0 0.80078125 0.041015625 0.80859375
0 0.83984375 0.052734375 0.84375 0.021484375 0.763671875 0.009765625 0.759765625 0.041015625 0.83984375 0.052734375