0 1 0.09375 1 0.001953125 0.775390625 0.0078125 0.77734375 0.080078125 0.84765625 0.078125 0.84765625 0.095703125
0 0.57421875 0.072265625 0.6328125 0.048828125 0.623046875 0.0234375 0.564453125 0.048828125
0 0.298828125 0.0703125 0.234375 0.103515625 0.251953125 0.134765625 0.31640625 0.1015625
0 0.408203125 0.01171875 0.298828125 0.0703125 0.3203125 0.107421875 0.427734375 0.05078125 0.41796875 0.03125
0 0.42578125 0.044921875 0.447265625 0.033203125 0.439453125 0.01953125 0.41796875 0.03125
0 0.451171875 0.041015625 0.470703125 0.029296875 0.4609375 0.009765625 0.439453125 0.01953125 0.447265625 0.033203125
0 0.482421875 0.025390625 0.537109375 0 0.470703125 0
0 0.400390625 0.125 0.419921875 0.115234375 0.40625 0.083984375 0.38671875 0.091796875
0 1 0.6796875 0.99609375 0.642578125 0.9140625 0.65234375 0.91796875 0.6875 1 0.6796875
0 0.400390625 0.2265625 0.376953125 0.1328125 0.3359375 0.14453125 0.361328125 0.236328125 0.400390625 0.2265625
0 0.07421875 0.15625 0.091796875 0.1171875 0.05859375 0.1015625 0.0390625 0.140625 0.07421875 0.15625