0 0.185546875 0.748046875 0.123046875 0.861328125 0.373046875 1 0.642578125 1
0 0.599609375 0.396484375 0.435546875 0.30078125 0.205078125 0.697265625 0.369140625 0.79296875 0.556640625 0.46875
0 0.578125 0.431640625 0.556640625 0.46875 0.65234375 0.525390625 0.673828125 0.48828125
0 0.05859375 0.548828125 0.205078125 0.63671875 0.390625 0.328125 0.244140625 0.240234375
0 0.376953125 0.123046875 0.443359375 0 0.150390625 0
0 0.509765625 0.19921875 0.81640625 0.369140625 0.873046875 0.26953125 0.564453125 0.099609375
0 0.638671875 0.546875 0.70703125 0.5859375 0.794921875 0.43359375 0.802734375 0.41796875 0.646484375 0.330078125 0.638671875 0.345703125 0.466796875 0.248046875 0.435546875 0.30078125 0.599609375 0.396484375 0.578125 0.431640625 0.673828125 0.48828125 0.65234375 0.525390625
0 0.580078125 0.05078125 0.900390625 0.23828125 1 0.068359375 1 0 0.609375 0
0 0.892578125 0.60546875 1 0.6640625 1 0.412109375
0 0.962890625 0.716796875 0.90234375 0.6796875 0.8671875 0.734375 1 0.814453125 1 0.767578125 0.94921875 0.736328125
0 0.7578125 0.939453125 0.79296875 0.958984375 0.8046875 0.9375 0.853515625 0.962890625 0.83203125 1 0.919921875 1 0.9453125 0.955078125 0.93359375 0.94921875 0.79296875 0.873046875
0 0.927734375 0.9453125 0.962890625 0.966796875 1 0.904296875 1 0.826171875