0 0.875 0.798828125 0.876953125 0.8046875 0.896484375 0.796875 0.892578125 0.791015625 0.974609375 0.755859375 0.95703125 0.712890625 0.919921875 0.728515625 0.9140625 0.71484375 0.892578125 0.72265625 0.8984375 0.73828125 0.849609375 0.759765625 0.84375 0.744140625 0.826171875 0.751953125 0.83203125 0.765625 0.783203125 0.787109375 0.802734375 0.828125 0.84765625 0.80859375
0 0.802734375 0.828125 0.787109375 0.79296875 0.77734375 0.796875 0.859375 1 0.92578125 1 0.84765625 0.80859375
0 0.38671875 0.427734375 0.3828125 0.41796875 0.361328125 0.427734375 0.37109375 0.447265625 0.35546875 0.455078125 0.345703125 0.43359375 0.32421875 0.443359375 0.328125 0.453125 0.287109375 0.47265625 0.306640625 0.51953125 0.337890625 0.505859375 0.33203125 0.494140625 0.349609375 0.486328125 0.359375 0.51171875 0.412109375 0.486328125 0.40234375 0.462890625 0.412109375 0.45703125 0.41796875 0.46875 0.447265625 0.455078125 0.42578125 0.41015625
0 0.498046875 0.0078125 0.482421875 0.015625 0.474609375 0 0.458984375 0 0.451171875 0.00390625 0.45703125 0.013671875 0.4140625 0.03515625 0.435546875 0.080078125 0.466796875 0.06640625 0.4609375 0.0546875 0.4765625 0.046875 0.48828125 0.072265625 0.541015625 0.046875 0.529296875 0.0234375 0.5390625 0.017578125 0.544921875 0.029296875 0.57421875 0.015625 0.564453125 0 0.494140625 0
0 0.267578125 0.111328125 0.26171875 0.1015625 0.240234375 0.111328125 0.25 0.1328125 0.234375 0.140625 0.224609375 0.119140625 0.205078125 0.12890625 0.208984375 0.138671875 0.166015625 0.158203125 0.1875 0.205078125 0.21875 0.189453125 0.212890625 0.1796875 0.228515625 0.171875 0.240234375 0.1953125 0.29296875 0.171875 0.28125 0.146484375 0.29296875 0.142578125 0.296875 0.154296875 0.326171875 0.140625 0.3046875 0.09375
0 0.876953125 0.154296875 0.873046875 0.146484375 0.80078125 0.17578125 0.8046875 0.18359375 0.791015625 0.189453125 0.83984375 0.30859375 0.943359375 0.267578125 0.89453125 0.1484375
0 0.16796875 0.513671875 0.14453125 0.521484375 0.142578125 0.515625 0.072265625 0.54296875 0.078125 0.556640625 0.060546875 0.5625 0.107421875 0.67578125 0.208984375 0.6328125 0.177734375 0.55859375 0.18359375 0.5546875 0.169921875 0.51953125
0 0.6484375 0.31640625 0.64453125 0.306640625 0.623046875 0.31640625 0.6328125 0.337890625 0.6171875 0.345703125 0.607421875 0.32421875 0.5859375 0.333984375 0.58984375 0.34375 0.548828125 0.36328125 0.568359375 0.41015625 0.599609375 0.39453125 0.59375 0.384765625 0.611328125 0.376953125 0.62109375 0.40234375 0.673828125 0.376953125 0.6640625 0.3515625 0.673828125 0.34765625 0.6796875 0.359375 0.70703125 0.345703125 0.6875 0.298828125
0 0.0546875 0.220703125 0.033203125 0.228515625 0.029296875 0.220703125 0 0.232421875 0 0.37890625 0.095703125 0.33984375 0.064453125 0.263671875 0.0703125 0.26171875 0.056640625 0.2265625
0 0.21484375 0.392578125 0.166015625 0.412109375 0.2421875 0.595703125 0.291015625 0.576171875
0 0.150390625 0.37109375 0.03515625 0.419921875 0.07421875 0.51171875 0.1875 0.46484375
0 0.98828125 0.466796875 1 0.494140625 1 0.4609375
0 0.28125 0.783203125 0.259765625 0.79296875 0.255859375 0.78515625 0.185546875 0.814453125 0.19140625 0.826171875 0.17578125 0.833984375 0.220703125 0.9453125 0.322265625 0.90234375 0.291015625 0.828125 0.298828125 0.82421875 0.283203125 0.791015625
0 0.552734375 0.7421875 0.546875 0.732421875 0.525390625 0.7421875 0.53515625 0.763671875 0.51953125 0.771484375 0.509765625 0.75 0.490234375 0.759765625 0.494140625 0.76953125 0.451171875 0.7890625 0.47265625 0.8359375 0.50390625 0.8203125 0.498046875 0.80859375 0.513671875 0.802734375 0.525390625 0.826171875 0.578125 0.802734375 0.56640625 0.77734375 0.578125 0.7734375 0.58203125 0.78515625 0.611328125 0.771484375 0.58984375 0.724609375
0 0.236328125 0.79296875 0.21484375 0.73828125 0.162109375 0.759765625 0.18359375 0.814453125 0.185546875 0.814453125
0 0.44921875 0.783203125 0.298828125 0.84765625 0.3203125 0.900390625 0.4765625 0.8359375 0.4765625 0.833984375 0.47265625 0.8359375 0.451171875 0.7890625
0 0.84375 0.158203125 0.873046875 0.146484375 0.876953125 0.154296875 0.89453125 0.1484375 0.83203125 0 0.779296875 0
0 0.525390625 0.95703125 0.509765625 1 0.658203125 1
0 0.5 0.951171875 0.40625 0.98828125 0.41015625 1 0.451171875 1 0.51171875 0.9765625
0 0.748046875 0.955078125 0.75390625 0.9140625 0.720703125 0.908203125 0.71484375 0.94921875 0.748046875 0.955078125