0 0.505859375 0.046875 0.5859375 0.015625 0.580078125 0 0.48828125 0
0 0.490234375 0.080078125 0.515625 0.072265625 0.509765625 0.05078125 0.484375 0.05859375
0 0.82421875 0.37109375 0.849609375 0.427734375 0.890625 0.41015625 0.8828125 0.392578125 0.87890625 0.39453125 0.861328125 0.353515625
0 0.880859375 0.49609375 0.91796875 0.48046875 0.89453125 0.427734375 0.859375 0.443359375
0 0.955078125 0.556640625 0.9453125 0.533203125 0.8984375 0.55078125 0.908203125 0.576171875 0.9375 0.564453125
0 0.908203125 0.576171875 0.9140625 0.58984375 0.943359375 0.578125 0.9375 0.564453125
0 0.943359375 0.685546875 0.96484375 0.6875 0.970703125 0.62109375 0.94921875 0.62109375
0 0.857421875 0.677734375 0.91015625 0.669921875 0.90625 0.638671875 0.853515625 0.646484375
0 0.8671875 0.7109375 0.927734375 0.697265625 0.921875 0.67578125 0.86328125 0.689453125
0 0.935546875 0.7890625 0.908203125 0.791015625 0.912109375 0.8203125 0.939453125 0.81640625
0 0.880859375 0.822265625 0.884765625 0.857421875 0.943359375 0.849609375 0.939453125 0.81640625 0.912109375 0.8203125
0 0.869140625 0.78515625 0.853515625 0.78515625 0.853515625 0.814453125 0.869140625 0.814453125
0 0.91015625 0.78515625 0.91015625 0.76171875 0.853515625 0.76171875 0.853515625 0.78515625 0.869140625 0.78515625
0 0.98046875 0.9375 0.9921875 0.970703125 1 0.966796875 1 0.9296875
0 0.951171875 0.947265625 0.962890625 0.98046875 0.9921875 0.970703125 0.98046875 0.9375
0 0.32421875 0.8125 0.3515625 0.806640625 0.291015625 0.5703125 0.265625 0.576171875
0 0.64453125 0.958984375 0.63671875 0.92578125 0.50390625 0.958984375 0.51171875 0.990234375 0.64453125 0.958984375
0 0.841796875 0.595703125 0.796875 0.435546875 0.767578125 0.443359375 0.8125 0.60546875 0.841796875 0.595703125
0 0.779296875 0.841796875 0.755859375 0.763671875 0.732421875 0.76953125 0.75390625 0.84765625 0.779296875 0.841796875
0 0.462890625 0.947265625 0.44140625 0.859375 0.41796875 0.865234375 0.4375 0.953125 0.462890625 0.947265625