0 0.4296875 0.431640625 0.419921875 0.37890625 0.125 0.431640625 0.134765625 0.482421875 0.16015625 0.478515625 0.162109375 0.48828125 0.18359375 0.484375 0.181640625 0.474609375 0.23046875 0.46484375 0.232421875 0.4765625 0.255859375 0.470703125 0.25390625 0.4609375 0.30859375 0.451171875 0.30859375 0.462890625 0.330078125 0.458984375 0.328125 0.44921875 0.376953125 0.439453125 0.37890625 0.44921875 0.41015625 0.4453125 0.408203125 0.435546875
0 0.42578125 0.537109375 0.166015625 0.58203125 0.162109375 0.560546875 0.1328125 0.56640625 0.14453125 0.62890625 0.431640625 0.578125
0 0.474609375 0.72265625 0.466796875 0.673828125 0.169921875 0.7265625 0.177734375 0.7734375 0.203125 0.76953125 0.205078125 0.78125 0.224609375 0.779296875 0.22265625 0.765625 0.27734375 0.755859375 0.279296875 0.76953125 0.3046875 0.765625 0.302734375 0.751953125 0.3515625 0.744140625 0.353515625 0.755859375 0.375 0.751953125 0.373046875 0.740234375 0.427734375 0.73046875 0.4296875 0.7421875 0.447265625 0.740234375 0.4453125 0.7265625
0 0.52734375 0.69140625 0.59765625 0.677734375 0.517578125 0.302734375 0.447265625 0.318359375
0 0.646484375 0.287109375 0.646484375 0.255859375 0.564453125 0.255859375 0.564453125 0.28515625
0 0.189453125 0.84375 0.482421875 0.78125 0.474609375 0.744140625 0.181640625 0.8046875
0 0.08203125 0.11328125 0.947265625 0.18359375 0.9609375 0 0.091796875 0
0 0.3203125 0.833984375 0.201171875 0.859375 0.21875 0.947265625 0.337890625 0.923828125
0 0.455078125 0.806640625 0.3203125 0.833984375 0.3359375 0.9140625 0.470703125 0.884765625
0 0.798828125 0.8046875 1 0.76171875 1 0.693359375 0.78515625 0.73828125
0 0.78515625 0.73828125 0.455078125 0.806640625 0.46875 0.873046875 0.798828125 0.8046875
0 0.912109375 0.912109375 1 0.89453125 1 0.8359375 0.900390625 0.85546875
0 0.36328125 0.974609375 0.365234375 0.994140625 0.353515625 0.998046875 0.353515625 1 0.419921875 1 0.41796875 0.984375 0.408203125 0.986328125 0.404296875 0.966796875
0 0.2109375 0.265625 0.212890625 0.232421875 0.140625 0.23046875 0.140625 0.263671875 0.2109375 0.265625