0 0.7334498355263158 0.2308799342105263 0.8779810855263158 0.1957236842105263 0.8916529605263158 0.2347861842105263 0.7490748355263158 0.2718955592105263
0 0.4755345394736842 0.2877261513157895 0.6786595394736842 0.2408511513157895 0.6981907894736842 0.3072574013157895 0.4970189144736842 0.3541324013157895
0 0.5244654605263158 0.6768092105263158 0.6670435855263158 0.6357935855263158 0.6807154605263158 0.6865748355263158 0.5381373355263158 0.7256373355263158
0 0.7334498355263157 0.3567023026315789 0.9131373355263157 0.3137335526315789 0.9346217105263157 0.3781866776315789 0.7549342105263157 0.4192023026315789
0 0.47152549342105265 0.16683799342105263 0.6805098684210527 0.11410361842105263 0.6941817434210527 0.16293174342105263 0.48519736842105265 0.21371299342105263
0 0.736328125 0.09405838815789473 0.85546875 0.06866776315789473 0.880859375 0.11554276315789473 0.76171875 0.13898026315789472
0 0.771484375 0.951171875 0.97265625 0.9296875 0.982421875 0.978515625 0.779296875 0.9999999999999999
0 0.5331003289473685 0.914576480263158 0.7127878289473685 0.891138980263158 0.7206003289473685 0.934107730263158 0.5409128289473685 0.957545230263158
0 0.5234375 0.8002672697368421 0.703125 0.7748766447368421 0.7109375 0.8276110197368421 0.529296875 0.8530016447368421
0 0.748046875 0.829564144736842 0.951171875 0.804173519736842 0.958984375 0.854954769736842 0.755859375 0.878392269736842
0 0.23118832236842107 0.8916529605263158 0.3629728618421052 0.8757195723684211 0.3617393092105263 0.9327713815789473 0.22296463815789475 0.9348273026315789
0 0.5023643092105263 0.561060855263158 0.6449424342105263 0.523951480263158 0.6586143092105263 0.572779605263158 0.5179893092105263 0.611842105263158
0 0.4873560855263158 0.4311266447368421 0.6807154605263158 0.3842516447368421 0.6943873355263158 0.4330797697368421 0.5029810855263158 0.4799547697368421
0 0.7287212171052632 0.6563527960526315 0.9787212171052632 0.5918996710526315 0.9982524671052632 0.6524465460526315 0.7482524671052632 0.7168996710526315
0 0.7110402960526315 0.5100740131578947 0.9512746710526315 0.4475740131578947 0.9708059210526315 0.5081208881578947 0.7286184210526315 0.5706208881578947
0 0.35916940789473684 0.8858963815789473 0.42557565789473684 0.8741776315789473 0.43338815789473684 0.9132401315789473 0.36698190789473684 0.9249588815789473
0 0.12428042763157897 0.665501644736842 0.2496916118421053 0.6449424342105262 0.37890625 0.66015625 0.4049136513157895 0.7909128289473684 0.1314761513157895 0.777549342105263
0 0.896484375 0.021587171052631582 0.974609375 0.005962171052631582 1 0.16807154605263158 0.919921875 0.18369654605263158
0 0.17619243421052633 0.24804687500000006 0.20353618421052633 0.19921875 0.23087993421052633 0.205078125 0.20353618421052633 0.2539062500000001
0 0.08429276315789475 0.3518708881578947 0.12921463815789475 0.26202713815789475 0.18976151315789475 0.29327713815789475 0.14679276315789475 0.3831208881578947
0 0.19490131578947367 0.19490131578947367 0.22615131578947367 0.10115131578947367 0.2574013157894737 0.11287006578947367 0.22615131578947367 0.20466694078947367
0 0 0.490234375 0.0625 0.376953125 0.087890625 0.404296875 0.0234375 0.513671875
0 0.09323601973684208 0.49835526315789475 0.10495476973684208 0.4514802631578948 0.1498766447368421 0.4651521381578948 0.1362047697368421 0.5159333881578946
0 0.29430509868421056 0.4339021381578947 0.33336759868421056 0.2503083881578947 0.38610197368421056 0.2639802631578947 0.34899259868421056 0.4475740131578947
0 0.12222450657894739 0.9512746710526315 0.10063733552631583 0.9944490131578947 0.28464226973684215 0.997532894736842 0.47070312500000006 0.9944490131578947 0.4593955592105264 0.9409950657894736
0 0.2640830592105263 0.4989720394736842 0.23118832236842107 0.6418585526315789 0.40594161184210525 0.6469983552631579 0.38949424342105265 0.47738486842105265
0 0.357421875 0.06640625 0.373046875 0 0.318359375 0 0.3046875 0.0546875 0.357421875 0.06640625
0 0.025390625 0.748046875 0.029296875 0.701171875 0 0.697265625 0 0.744140625 0.025390625 0.748046875
0 1 0.287109375 0.984375 0.21484375 0.935546875 0.2265625 0.953125 0.298828125 1 0.287109375
0 0.025390625 0.826171875 0.025390625 0.76953125 0 0.76953125 0 0.826171875 0.025390625 0.826171875