0 0.291015625 0.029296875 0.38671875 0.03125 0.38671875 0 0.291015625 0
0 0.171875 0.15234375 0.171875 0.08203125 0 0.078125 0 0.1484375
0 0.16796875 0.318359375 0.16796875 0.255859375 0 0.255859375 0 0.318359375
0 0.212890625 0.080078125 0.212890625 0.2109375 0.2734375 0.212890625 0.2734375 0.15234375 0.43359375 0.15234375 0.43359375 0.08203125
0 0.67578125 0.134765625 0.677734375 0.068359375 0.43359375 0.068359375 0.43359375 0.1328125
0 0.22265625 0.236328125 0.22265625 0.296875 0.62890625 0.298828125 0.62890625 0.236328125
0 0.685546875 0.275390625 0.685546875 0.18359375 0.62890625 0.18359375 0.62890625 0.2734375
0 0.748046875 0.109375 0.947265625 0.109375 0.947265625 0.033203125 0.748046875 0.033203125
0 0.833984375 0.205078125 0.833984375 0.142578125 0.720703125 0.140625 0.720703125 0.203125 0.798828125 0.205078125
0 0.720703125 0.203125 0.71875 0.34765625 0.796875 0.349609375 0.798828125 0.205078125
0 0.904296875 0.162109375 0.90234375 0.291015625 0.796875 0.291015625 0.796875 0.349609375 0.9609375 0.3515625 0.962890625 0.162109375
0 0.09375 0.53515625 0.091796875 0.580078125 0.16015625 0.5859375 0.1640625 0.541015625
0 0 0.544921875 0 0.59375 0.08984375 0.6015625 0.09375 0.55078125
0 0 0.595703125 0 0.693359375 0.04296875 0.697265625 0.05078125 0.599609375
0 0.044921875 0.8203125 0.046875 0.734375 0 0.732421875 0 0.818359375
0 0.03515625 0.970703125 0.0390625 0.876953125 0 0.875 0 0.96875
0 0.203125 0.4765625 0.41015625 0.46875 0.408203125 0.416015625 0.203125 0.421875
0 0.392578125 0.60546875 0.396484375 0.54296875 0.291015625 0.537109375 0.287109375 0.59765625
0 0.21484375 0.541015625 0.2109375 0.603515625 0.287109375 0.607421875 0.291015625 0.546875
0 0.08203125 0.765625 0.388671875 0.779296875 0.390625 0.7109375 0.083984375 0.69921875
0 0.076171875 0.84375 0.072265625 0.896484375 0.400390625 0.912109375 0.40234375 0.859375
0 0.4921875 0.494140625 0.490234375 0.58984375 0.537109375 0.58984375 0.537109375 0.494140625
0 0.537109375 0.48046875 0.537109375 0.53515625 0.759765625 0.537109375 0.759765625 0.482421875
0 0.759765625 0.482421875 0.759765625 0.541015625 0.962890625 0.541015625 0.96484375 0.482421875
0 0.904296875 0.541015625 0.904296875 0.6328125 0.75 0.6328125 0.748046875 0.67578125 0.955078125 0.677734375 0.95703125 0.541015625
0 0.501953125 0.630859375 0.501953125 0.685546875 0.748046875 0.6875 0.75 0.6328125
0 0.5234375 0.7421875 0.521484375 0.8359375 0.56640625 0.8359375 0.568359375 0.7421875
0 0.5703125 0.728515625 0.568359375 0.783203125 0.759765625 0.787109375 0.759765625 0.732421875
0 0.76171875 0.72265625 0.759765625 0.779296875 0.9140625 0.783203125 0.916015625 0.7265625
0 0.970703125 0.783203125 0.97265625 0.69140625 0.91796875 0.69140625 0.9140625 0.783203125
0 0.52734375 0.8984375 0.521484375 0.99609375 0.56640625 0.998046875 0.57421875 0.900390625
0 0.57421875 0.875 0.5703125 0.9375 0.74609375 0.94921875 0.75 0.88671875
0 0.75 0.87890625 0.748046875 0.9296875 0.9140625 0.939453125 0.916015625 0.890625
0 0.919921875 0.81640625 0.912109375 0.9921875 0.970703125 0.99609375 0.9765625 0.818359375
0 0.435546875 0.998046875 0.435546875 0.955078125 0.064453125 0.955078125 0.064453125 0.998046875 0.435546875 0.998046875
0 0.3515625 0.228515625 0.3515625 0.1796875 0.298828125 0.177734375 0.298828125 0.228515625 0.3515625 0.228515625