0 0.25390625 0.060546875 0.240234375 0.048828125 0.23046875 0.060546875 0.244140625 0.072265625
0 0.236328125 0.06640625 0.20703125 0.1015625 0.251953125 0.134765625 0.279296875 0.099609375
0 0.236328125 0.064453125 0.23046875 0.060546875 0.1484375 0 0.087890625 0 0.083984375 0.0078125 0.20703125 0.1015625 0.236328125 0.06640625
0 0.28125 0.056640625 0.267578125 0.080078125 0.287109375 0.091796875 0.30078125 0.068359375
0 0.28515625 0.095703125 0.3671875 0.14453125 0.44921875 0 0.337890625 0
0 0.3125 0.181640625 0.345703125 0.201171875 0.36328125 0.171875 0.328125 0.15234375
0 0.337890625 0.126953125 0.32421875 0.1484375 0.349609375 0.1640625 0.36328125 0.140625
0 0.29296875 0.630859375 0.21484375 0.5625 0.181640625 0.599609375 0.26171875 0.66796875 0.2734375 0.65234375
0 0.302734375 0.650390625 0.287109375 0.63671875 0.2734375 0.65234375 0.2890625 0.666015625 0.298828125 0.65625
0 0.341796875 0.7109375 0.3515625 0.69921875 0.298828125 0.65625 0.2890625 0.666015625
0 0.025390625 0.44140625 0 0.435546875 0 0.453125 0.021484375 0.458984375
0 0.037109375 0.48046875 0 0.47265625 0 0.5078125 0.029296875 0.513671875 0.03515625 0.48828125
0 0.07421875 0.4765625 0.0390625 0.470703125 0.03125 0.509765625 0.064453125 0.515625 0.06640625 0.515625
0 0.240234375 0.88671875 0.330078125 0.880859375 0.328125 0.845703125 0.23828125 0.8515625
0 0.064453125 0.63671875 0.05078125 0.5703125 0.009765625 0.578125 0.0234375 0.64453125 0.064453125 0.63671875
0 0.404296875 0.314453125 0.3984375 0.2578125 0.3515625 0.263671875 0.357421875 0.318359375 0.404296875 0.314453125
0 0.48046875 0.65625 0.466796875 0.634765625 0.419921875 0.6640625 0.43359375 0.6875 0.48046875 0.65625