0 0.349609375 0.57421875 0.353515625 0.587890625 0.330078125 0.595703125 0.32421875 0.580078125 0.291015625 0.58984375 0.294921875 0.60546875 0.2578125 0.615234375 0.2734375 0.673828125 0.306640625 0.6640625 0.310546875 0.6796875 0.396484375 0.654296875 0.392578125 0.64453125 0.42578125 0.634765625 0.412109375 0.5859375 0.400390625 0.587890625 0.3984375 0.576171875 0.3828125 0.580078125 0.37890625 0.56640625
0 0.62109375 0.4921875 0.626953125 0.5078125 0.6015625 0.513671875 0.59765625 0.5 0.5625 0.5078125 0.56640625 0.525390625 0.529296875 0.53515625 0.544921875 0.591796875 0.578125 0.583984375 0.58203125 0.59765625 0.66796875 0.57421875 0.6640625 0.5625 0.697265625 0.5546875 0.68359375 0.50390625 0.671875 0.5078125 0.669921875 0.49609375 0.654296875 0.5 0.650390625 0.484375
0 0.779296875 0.970703125 0.771484375 0.97265625 0.765625 0.94921875 0.7421875 0.953125 0.74609375 0.970703125 0.712890625 0.978515625 0.708984375 0.9609375 0.677734375 0.96875 0.68359375 1 0.78515625 1
0 0.47265625 0.966796875 0.439453125 0.974609375 0.4453125 1 0.478515625 1
0 0.41796875 0.470703125 0.703125 0.39453125 0.685546875 0.330078125 0.400390625 0.40625
0 0.0625 0.640625 0.068359375 0.65625 0 0.67578125 0 0.732421875 0.0234375 0.7265625 0.029296875 0.748046875 0.0625 0.73828125 0.056640625 0.71875 0.080078125 0.7109375 0.083984375 0.724609375 0.1171875 0.71484375 0.119140625 0.71484375 0.115234375 0.701171875 0.162109375 0.6875 0.1484375 0.634765625 0.107421875 0.646484375 0.1015625 0.62890625
0 0.033203125 0.568359375 0.0234375 0.52734375 0 0.53125 0 0.57421875
0 0.109375 0.57421875 0.236328125 0.5390625 0.22265625 0.484375 0.095703125 0.51953125
0 0.3203125 0.494140625 0.39453125 0.474609375 0.380859375 0.42578125 0.26953125 0.455078125 0.2890625 0.525390625 0.326171875 0.515625
0 0.953125 0.912109375 1 0.908203125 1 0.880859375 0.951171875 0.884765625
0 0.951171875 0.8671875 1 0.86328125 1 0.830078125 0.94921875 0.833984375
0 0.94921875 0.8046875 1 0.80078125 1 0.76953125 0.947265625 0.7734375
0 0.94140625 0.76171875 1 0.755859375 1 0.71875 0.9375 0.724609375
0 0.9375 0.69140625 1 0.689453125 1 0.66015625 0.935546875 0.6640625
0 0.9296875 0.646484375 1 0.638671875 1 0.607421875 0.92578125 0.615234375
0 0.923828125 0.587890625 1 0.580078125 1 0.552734375 0.919921875 0.560546875
0 0.904296875 0.546875 0.931640625 0.544921875 0.923828125 0.455078125 0.896484375 0.458984375
0 0.966796875 0.544921875 1 0.541015625 1 0.521484375 0.9921875 0.4453125 0.95703125 0.44921875
0 0.955078125 0.42578125 0.990234375 0.423828125 0.982421875 0.35546875 0.947265625 0.359375
0 0.900390625 0.3515625 0.978515625 0.349609375 0.978515625 0.318359375 0.900390625 0.3203125
0 0.998046875 0.986328125 0.998046875 0.93359375 0.939453125 0.93359375 0.939453125 0.986328125 0.998046875 0.986328125