0 0.29296875 0.087890625 0.513671875 0.044921875 0.505859375 0 0.443359375 0 0.283203125 0.03125
0 0.27734375 0.099609375 0.263671875 0.033203125 0 0.083984375 0 0.15234375
0 0.068359375 0.3046875 0.056640625 0.244140625 0 0.25390625 0 0.318359375
0 0.2421875 0.275390625 0.53125 0.220703125 0.517578125 0.154296875 0.23046875 0.2109375
0 0.56640625 0.31640625 0.234375 0.380859375 0.24609375 0.439453125 0.578125 0.375
0 0.103515625 0.40234375 0 0.421875 0 0.484375 0.115234375 0.462890625 0.103515625 0.40625
0 0.24609375 0.4375 0.234375 0.380859375 0.103515625 0.40625 0.115234375 0.462890625 0.14453125 0.45703125
0 0.65234375 0.990234375 0.625 0.84765625 0.521484375 0.869140625 0.541015625 0.96875 0.572265625 0.962890625 0.578125 1 0.599609375 1
0 0.572265625 0.962890625 0.388671875 0.998046875 0.3828125 0.9765625 0.36328125 0.98046875 0.361328125 0.966796875 0.337890625 0.970703125 0.34375 1 0.578125 1
0 0.4140625 0.849609375 0.625 0.80859375 0.6171875 0.767578125 0.294921875 0.83203125 0.3046875 0.8828125 0.36328125 0.87109375 0.3671875 0.8828125 0.41796875 0.873046875 0.416015625 0.861328125
0 0.59765625 0.7265625 0.58984375 0.68359375 0.271484375 0.74609375 0.28125 0.787109375 0.3125 0.78125 0.314453125 0.79296875 0.33203125 0.791015625 0.328125 0.779296875 0.388671875 0.767578125 0.390625 0.779296875 0.408203125 0.775390625 0.40625 0.763671875 0.47265625 0.75 0.474609375 0.76171875 0.490234375 0.759765625 0.48828125 0.748046875 0.548828125 0.736328125 0.55078125 0.748046875 0.56640625 0.744140625 0.564453125 0.732421875
0 0.576171875 0.56640625 0.568359375 0.5234375 0.25 0.5859375 0.259765625 0.62890625 0.291015625 0.62109375 0.29296875 0.6328125 0.310546875 0.630859375 0.306640625 0.619140625 0.3671875 0.607421875 0.369140625 0.619140625 0.38671875 0.615234375 0.384765625 0.603515625 0.44921875 0.58984375 0.453125 0.603515625 0.46875 0.599609375 0.466796875 0.587890625 0.52734375 0.576171875 0.529296875 0.587890625 0.544921875 0.583984375 0.54296875 0.572265625
0 0.216796875 0.666015625 0.20703125 0.619140625 0 0.658203125 0 0.70703125
0 0.25390625 0.826171875 0.244140625 0.7734375 0 0.8203125 0 0.875
0 0.28515625 0.875 0.212890625 0.888671875 0.234375 1 0.30859375 1
0 0.27734375 0.83984375 0 0.89453125 0 0.9296875 0.28515625 0.875
0 0.865234375 0.9765625 0.8984375 0.9296875 0.849609375 0.896484375 0.84765625 0.8828125 0.783203125 0.89453125 0.7890625 0.927734375 0.697265625 0.947265625 0.70703125 1 0.748046875 1 0.80078125 0.990234375
0 1 0.91796875 1 0.763671875 0.95703125 0.7734375 0.986328125 0.921875
0 0.9375 0.703125 0.943359375 0.734375 1 0.72265625 1 0.689453125
0 0.94140625 0.66796875 1 0.65625 1 0.6015625 0.931640625 0.615234375
0 0.876953125 0.509765625 1 0.486328125 1 0.435546875 0.8671875 0.462890625
0 0.732421875 0.541015625 0.7421875 0.58984375 0.794921875 0.580078125 0.78515625 0.53125
0 0.703125 0.55859375 0.701171875 0.548828125 0.79296875 0.53125 0.78125 0.474609375 0.607421875 0.5078125 0.62109375 0.57421875 0.66015625 0.56640625 0.662109375 0.576171875 0.689453125 0.572265625 0.6875 0.560546875
0 0.615234375 0.19140625 0.88671875 0.138671875 0.876953125 0.083984375 0.60546875 0.138671875
0 0.939453125 0.248046875 0.951171875 0.310546875 1 0.298828125 1 0.291015625 1 0.234375
0 0.916015625 0.13671875 1 0.119140625 1 0.0703125 0.908203125 0.08984375
0 0.650390625 0.365234375 0.921875 0.3125 0.91015625 0.2578125 0.638671875 0.310546875
0 0.673828125 0.919921875 0.724609375 0.91015625 0.69140625 0.7421875 0.640625 0.751953125
0 0.845703125 0.87109375 0.859375 0.853515625 0.837890625 0.8359375 0.8203125 0.74609375 0.755859375 0.7578125 0.783203125 0.89453125 0.84765625 0.8828125