0 0 0.921875 0 0.990234375 0.03125 0.97265625 0.009765625 0.939453125
0 0.052734375 0.912109375 0.009765625 0.939453125 0.03125 0.97265625 0.07421875 0.947265625
0 0.03125 0.884765625 0 0.90234375 0 0.923828125 0.009765625 0.939453125 0.05078125 0.9140625
0 0.28125 0.80078125 0.193359375 0.857421875 0.21484375 0.888671875 0.302734375 0.833984375
0 0.421875 0.701171875 0.27734375 0.79296875 0.294921875 0.822265625 0.439453125 0.728515625 0.43359375 0.720703125
0 0.470703125 0.779296875 0.4921875 0.765625 0.455078125 0.708984375 0.43359375 0.720703125 0.439453125 0.728515625
0 0.6640625 0.703125 0.66015625 0.6953125 0.623046875 0.71875 0.626953125 0.724609375 0.587890625 0.75 0.583984375 0.7421875 0.580078125 0.74609375 0.58203125 0.748046875 0.552734375 0.765625 0.55078125 0.763671875 0.548828125 0.765625 0.5546875 0.7734375 0.5390625 0.783203125 0.56640625 0.82421875 0.708984375 0.734375 0.681640625 0.69140625
0 0.6328125 0.49609375 0.716796875 0.65625 0.76953125 0.626953125 0.685546875 0.46875
0 0.5078125 0.255859375 0.53515625 0.306640625 0.529296875 0.30859375 0.546875 0.34375 0.552734375 0.33984375 0.587890625 0.408203125 0.640625 0.380859375 0.55859375 0.2265625
0 0.724609375 0.423828125 0.75 0.412109375 0.716796875 0.34765625 0.69140625 0.359375
0 0.373046875 0.01171875 0.45703125 0.166015625 0.513671875 0.134765625 0.44140625 0 0.39453125 0
0 0.080078125 0.095703125 0 0.14453125 0 0.15625 0.009765625 0.171875 0.095703125 0.119140625
0 0.087890625 0.458984375 0.107421875 0.447265625 0.103515625 0.439453125 0.08203125 0.451171875
0 0.310546875 0.458984375 0.3203125 0.46484375 0.330078125 0.4453125 0.3203125 0.44140625
0 0.388671875 0.806640625 0.40625 0.833984375 0.361328125 0.861328125 0.34375 0.83203125 0.310546875 0.853515625 0.330078125 0.8828125 0.291015625 0.908203125 0.271484375 0.87890625 0.240234375 0.8984375 0.2578125 0.927734375 0.23828125 0.94140625 0.259765625 0.974609375 0.279296875 0.9609375 0.291015625 0.98046875 0.326171875 0.95703125 0.31640625 0.939453125 0.353515625 0.9140625 0.365234375 0.931640625 0.396484375 0.912109375 0.384765625 0.892578125 0.42578125 0.865234375 0.439453125 0.884765625 0.470703125 0.865234375 0.45703125 0.845703125 0.48046875 0.830078125 0.458984375 0.798828125 0.43359375 0.8125 0.419921875 0.7890625
0 0.81640625 0.91015625 0.7890625 0.869140625 0.619140625 0.982421875 0.630859375 1 0.681640625 1 0.80078125 0.919921875
0 0.873046875 0.78125 0.810546875 0.814453125 0.884765625 0.955078125 0.91015625 0.94140625 0.939453125 1 0.990234375 1 0.947265625 0.919921875
0 0.755859375 0.849609375 0.51953125 1 0.630859375 1 0.619140625 0.982421875 0.7734375 0.87890625
0 0.74609375 0.048828125 0.767578125 0.037109375 0.748046875 0 0.720703125 0