0 0.158203125 0.73046875 0.04296875 0.73828125 0.048828125 0.8203125 0.1640625 0.8125
0 0.05078125 0.8203125 0.052734375 0.859375 0.13671875 0.853515625 0.13671875 0.869140625 0.16796875 0.8671875 0.1640625 0.8125
0 0.44140625 0.60546875 0.439453125 0.533203125 0.21875 0.5390625 0.220703125 0.611328125
0 0.423828125 0.474609375 0.421875 0.41015625 0.216796875 0.41796875 0.21875 0.482421875
0 0.46875 0.34375 0.46484375 0.283203125 0.205078125 0.30078125 0.208984375 0.359375
0 0.4609375 0.197265625 0.455078125 0.13671875 0.197265625 0.158203125 0.201171875 0.216796875
0 0.775390625 0.18359375 0.771484375 0.115234375 0.505859375 0.1328125 0.509765625 0.201171875
0 0.78515625 0.3359375 0.779296875 0.265625 0.533203125 0.28125 0.537109375 0.349609375
0 0.79296875 0.455078125 0.78515625 0.388671875 0.55859375 0.41015625 0.564453125 0.4765625
0 0.80078125 0.576171875 0.794921875 0.515625 0.568359375 0.533203125 0.572265625 0.595703125
0 0.81640625 0.740234375 0.81640625 0.67578125 0.537109375 0.681640625 0.5390625 0.748046875
0 0.82421875 0.861328125 0.818359375 0.771484375 0.54296875 0.787109375 0.548828125 0.87890625
0 0.22265625 0.88671875 0.4921875 0.875 0.48828125 0.798828125 0.21875 0.810546875
0 0.228515625 0.763671875 0.4921875 0.744140625 0.48828125 0.685546875 0.224609375 0.705078125
0 0.529296875 0.466796875 0.52734375 0.3984375 0.45703125 0.400390625 0.458984375 0.46875 0.529296875 0.466796875
0 0.09375 0.666015625 0.091796875 0.630859375 0.0546875 0.6328125 0.056640625 0.66796875 0.09375 0.666015625
0 0.0703125 0.609375 0.0703125 0.56640625 0.02734375 0.56640625 0.029296875 0.609375 0.0703125 0.609375
0 0.025390625 0.798828125 0.025390625 0.7109375 0 0.7109375 0 0.798828125 0.025390625 0.798828125