0 0.4609375 0.939453125 0.181640625 0.95703125 0.18359375 1 0.337890625 1 0.462890625 0.9921875
0 0.490234375 0.9921875 0.708984375 0.978515625 0.705078125 0.923828125 0.486328125 0.9375
0 0.13671875 0.984375 0 0.9921875 0 1 0.13671875 1
0 0.97265625 0.9140625 0.76171875 0.927734375 0.763671875 0.98046875 0.9765625 0.966796875
0 0.693359375 0.060546875 1 0.0390625 1 0 0.78515625 0 0.689453125 0.005859375
0 0.701171875 0.1796875 1 0.158203125 1 0.109375 0.697265625 0.12890625
0 0.7109375 0.3203125 1 0.302734375 1 0.25 0.708984375 0.26953125
0 0.740234375 0.48828125 1 0.470703125 1 0.44140625 0.998046875 0.4140625 0.736328125 0.4296875
0 0.75390625 0.5390625 0.759765625 0.619140625 0.857421875 0.61328125 0.857421875 0.623046875 0.919921875 0.619140625 0.919921875 0.609375 1 0.603515625 1 0.544921875 0.79296875 0.55859375 0.79296875 0.537109375
0 0.02734375 0.201171875 0.025390625 0.138671875 0 0.138671875 0 0.201171875
0 0.01953125 0 0 0 0 0.138671875 0.025390625 0.138671875
0 0 0.626953125 0 0.79296875 0.048828125 0.79296875 0.04296875 0.626953125
0 0.181640625 0.05859375 0.36328125 0.05078125 0.361328125 0 0.177734375 0
0 0.5703125 0.060546875 0.6484375 0.05859375 0.64453125 0 0.568359375 0
0 0.10546875 0.26953125 0.28515625 0.263671875 0.283203125 0.205078125 0.103515625 0.2109375
0 0.609375 0.201171875 0.61328125 0.279296875 0.66796875 0.275390625 0.6640625 0.197265625
0 0.57421875 0.20703125 0.568359375 0.111328125 0.34375 0.12109375 0.34765625 0.21875 0.43359375 0.212890625
0 0.34375 0.12109375 0.302734375 0.125 0.306640625 0.220703125 0.34765625 0.21875
0 0 0.345703125 0 0.501953125 0.04296875 0.501953125 0.037109375 0.345703125
0 0.037109375 0.345703125 0.03515625 0.287109375 0 0.287109375 0 0.345703125
0 0.107421875 0.41796875 0.513671875 0.40234375 0.51171875 0.353515625 0.10546875 0.369140625
0 0.525390625 0.412109375 0.658203125 0.40625 0.65625 0.349609375 0.5234375 0.353515625
0 0.6484375 0.466796875 0.5859375 0.46875 0.59375 0.654296875 0.65625 0.65234375
0 0.658203125 0.71484375 0.65625 0.65234375 0.34375 0.6640625 0.345703125 0.7265625 0.462890625 0.72265625 0.462890625 0.736328125 0.55859375 0.732421875 0.55859375 0.71875
0 0.396484375 0.662109375 0.390625 0.48828125 0.337890625 0.4921875 0.34375 0.6640625
0 0.109375 0.466796875 0.11328125 0.595703125 0.296875 0.587890625 0.294921875 0.53515625 0.16796875 0.5390625 0.166015625 0.46484375
0 0.1796875 0.80859375 0.31640625 0.802734375 0.314453125 0.74609375 0.177734375 0.751953125 0.177734375 0.771484375
0 0.171875 0.62890625 0.125 0.630859375 0.130859375 0.7734375 0.177734375 0.771484375 0.177734375 0.751953125
0 0.720703125 0.611328125 0.705078125 0.455078125 0.662109375 0.4609375 0.677734375 0.615234375 0.720703125 0.611328125