0 0.072265625 0.134765625 0 0.15625 0 0.2578125 0.099609375 0.228515625
0 0.193359375 0.234375 0.283203125 0.20703125 0.228515625 0.01953125 0.138671875 0.046875
0 0.291015625 0.08203125 0.564453125 0 0.400390625 0 0.27734375 0.037109375
0 0.658203125 0.107421875 0.947265625 0.021484375 0.939453125 0 0.83203125 0 0.642578125 0.056640625
0 1 0.326171875 1 0.236328125 0.865234375 0.228515625 0.859375 0.318359375
0 0.3984375 0.162109375 0.31640625 0.185546875 0.326171875 0.244140625 0.83203125 0.30859375 0.84375 0.216796875
0 0.99609375 0.513671875 0.974609375 0.51953125 0.96875 0.498046875 0.9375 0.5078125 0.947265625 0.54296875 0.921875 0.55078125 0.91015625 0.515625 0.884765625 0.5234375 0.89453125 0.55859375 0.869140625 0.56640625 0.859375 0.53125 0.826171875 0.541015625 0.83203125 0.5625 0.798828125 0.572265625 0.81640625 0.62890625 1 0.57421875 1 0.525390625
0 0.078125 0.5 0.025390625 0.515625 0.03125 0.53515625 0.009765625 0.541015625 0.00390625 0.521484375 0 0.521484375 0 0.599609375 0.099609375 0.5703125 0.083984375 0.51953125
0 0.173828125 0.861328125 0.15625 0.865234375 0.1484375 0.841796875 0.12109375 0.849609375 0.12890625 0.873046875 0.111328125 0.87890625 0.09765625 0.8828125 0.08984375 0.857421875 0.060546875 0.8671875 0.068359375 0.892578125 0.048828125 0.8984375 0.0625 0.943359375 0.1875 0.90625 0.17578125 0.869140625
0 0.33203125 0.423828125 0.27734375 0.439453125 0.287109375 0.470703125 0.263671875 0.478515625 0.25390625 0.4453125 0.193359375 0.46484375 0.21484375 0.537109375 0.353515625 0.49609375 0.333984375 0.427734375
0 0.384765625 0.787109375 0.359375 0.794921875 0.3671875 0.8203125 0.33984375 0.828125 0.33203125 0.802734375 0.296875 0.814453125 0.3046875 0.837890625 0.287109375 0.84375 0.302734375 0.890625 0.431640625 0.8515625 0.41796875 0.8046875 0.392578125 0.8125 0.390625 0.8046875
0 0.58984375 0.46484375 0.486328125 0.49609375 0.505859375 0.560546875 0.607421875 0.529296875 0.6015625 0.505859375
0 0.365234375 0.8125 0.337890625 0.8203125 0.33984375 0.828125 0.3671875 0.8203125
0 0.220703125 0.55078125 0.19921875 0.484375 0.083984375 0.51953125 0.099609375 0.5703125 0 0.599609375 0 0.8046875 0.05078125 0.974609375 0.490234375 0.84375 0.470703125 0.779296875 0.390625 0.8046875 0.392578125 0.8125 0.41796875 0.8046875 0.431640625 0.8515625 0.302734375 0.890625 0.287109375 0.84375 0.3046875 0.837890625 0.302734375 0.830078125 0.17578125 0.869140625 0.1875 0.90625 0.0625 0.943359375 0.048828125 0.8984375 0.068359375 0.892578125 0.060546875 0.8671875 0.08984375 0.857421875 0.09765625 0.8828125 0.111328125 0.87890625 0.029296875 0.607421875
0 0.333984375 0.427734375 0.353515625 0.49609375 0.3203125 0.505859375 0.4921875 0.515625 0.486328125 0.49609375 0.58984375 0.46484375 0.6015625 0.505859375 0.642578125 0.4921875 0.65234375 0.5234375 0.6953125 0.509765625 0.677734375 0.447265625