0 0.125 0.4453125 0.55078125 0.529296875 0.568359375 0.435546875 0.51953125 0.42578125 0.509765625 0.478515625 0.1328125 0.404296875
0 0.603515625 0.5390625 0.921875 0.599609375 0.931640625 0.548828125 0.61328125 0.48828125
0 0.984375 0.302734375 0.974609375 0.33984375 0.955078125 0.427734375 0.921875 0.599609375 0.970703125 0.609375 1 0.45703125 1 0.30859375
0 0.197265625 0.06640625 0.24609375 0.07421875 0.255859375 0.01171875 0.63671875 0.076171875 0.642578125 0.041015625 0.392578125 0 0.20703125 0
0 0.16796875 0.212890625 0.22265625 0.224609375 0.23828125 0.15625 0.60546875 0.236328125 0.61328125 0.193359375 0.248046875 0.11328125 0.244140625 0.125 0.189453125 0.11328125
0 0.205078125 0.26953125 0.158203125 0.263671875 0.146484375 0.361328125 0.19140625 0.3671875 0.201171875 0.30859375 0.583984375 0.357421875 0.587890625 0.322265625 0.205078125 0.271484375
0 0.69140625 0.076171875 0.681640625 0.138671875 0.724609375 0.146484375 0.73828125 0.078125 0.75390625 0.048828125 0.958984375 0.14453125 0.978515625 0.10546875 0.763671875 0 0.728515625 0
0 0.66796875 0.201171875 0.65234375 0.3046875 0.69921875 0.3125 0.70703125 0.251953125 0.853515625 0.275390625 0.931640625 0.287109375 0.9375 0.2421875
0 0.638671875 0.39453125 0.90625 0.44140625 0.9140625 0.396484375 0.6484375 0.34765625
0 0.404296875 0.625 0.0546875 0.55859375 0.044921875 0.607421875 0.14453125 0.626953125 0.142578125 0.63671875 0.392578125 0.68359375 0.39453125 0.6796875
0 0.73046875 0.73046875 0.9296875 0.767578125 0.9375 0.72265625 0.73828125 0.685546875
0 0.666015625 0.84375 0.666015625 0.849609375 0.4296875 0.845703125 0.4296875 0.900390625 0.666015625 0.904296875 0.666015625 0.89453125 0.82421875 0.896484375 0.82421875 0.845703125
0 0.431640625 1 0.916015625 1 0.91796875 0.998046875 0.43359375 0.974609375
0 0.8671875 0.98828125 0.908203125 0.994140625 0.91796875 0.908203125 0.87890625 0.90234375
0 0.375 0.859375 0.375 0.7890625 0 0.78515625 0 0.857421875
0 0.005859375 1 0.3828125 1 0.3828125 0.953125 0.005859375 0.953125
0 0.404296875 0.625 0.39453125 0.6796875 0.44140625 0.6875 0.451171875 0.6328125
0 0.697265625 0.734375 0.70703125 0.677734375 0.451171875 0.630859375 0.44140625 0.6875
0 0.068359375 0.373046875 0 0.3515625 0 0.41796875 0.05078125 0.43359375 0.06640625 0.380859375
0 0.03125 0.337890625 0.064453125 0.345703125 0.083984375 0.26953125 0.05078125 0.26171875
0 0.083984375 0.126953125 0.109375 0.05859375 0 0.021484375 0 0.09765625
0 1 0.044921875 1 0 0.865234375 0 0.865234375 0.044921875 1 0.044921875
0 0.37109375 0.279296875 0.380859375 0.228515625 0.251953125 0.205078125 0.244140625 0.2578125 0.37109375 0.279296875