0 0.65625 0.884765625 0.662109375 0.826171875 0.625 0.8203125 0.619140625 0.880859375
0 0.69140625 0.529296875 0.77734375 0.52734375 0.77734375 0.49609375 0.689453125 0.498046875
0 0.728515625 0.576171875 0.654296875 0.578125 0.654296875 0.6171875 0.728515625 0.615234375 0.728515625 0.583984375
0 0.779296875 0.611328125 0.779296875 0.583984375 0.728515625 0.583984375 0.728515625 0.61328125
0 0.7578125 0.5546875 0.728515625 0.5546875 0.728515625 0.583984375 0.7578125 0.583984375
0 0.654296875 0.6171875 0.634765625 0.6171875 0.634765625 0.650390625 0.654296875 0.650390625
0 0.681640625 0.650390625 0.6484375 0.650390625 0.6484375 0.697265625 0.681640625 0.697265625 0.681640625 0.654296875
0 0.71875 0.654296875 0.681640625 0.654296875 0.681640625 0.6953125 0.71875 0.6953125 0.71875 0.693359375
0 0.71875 0.693359375 0.7578125 0.693359375 0.7578125 0.654296875 0.71875 0.654296875
0 0.7578125 0.6953125 0.80078125 0.6953125 0.80078125 0.654296875 0.7578125 0.654296875 0.7578125 0.693359375
0 0.595703125 0.75390625 0.634765625 0.759765625 0.64453125 0.705078125 0.60546875 0.69921875
0 0.64453125 0.705078125 0.642578125 0.7890625 0.66015625 0.7890625 0.662109375 0.705078125
0 0.662109375 0.701171875 0.662109375 0.771484375 0.677734375 0.771484375 0.6796875 0.703125
0 0.6796875 0.69921875 0.677734375 0.748046875 0.70703125 0.748046875 0.708984375 0.701171875
0 0.708984375 0.701171875 0.705078125 0.80078125 0.73046875 0.80078125 0.732421875 0.701171875
0 0.732421875 0.748046875 0.73046875 0.806640625 0.767578125 0.806640625 0.76953125 0.75
0 0.853515625 0.4921875 0.810546875 0.4921875 0.810546875 0.533203125 0.85546875 0.53125
0 0.83203125 0.5546875 0.85546875 0.5546875 0.85546875 0.53125 0.83203125 0.53125
0 0.82421875 0.53125 0.802734375 0.533203125 0.802734375 0.556640625 0.82421875 0.556640625
0 0.8046875 0.6171875 0.849609375 0.615234375 0.849609375 0.5546875 0.802734375 0.556640625
0 0.90625 0.4921875 0.861328125 0.490234375 0.859375 0.521484375 0.904296875 0.521484375
0 0.865234375 0.521484375 0.865234375 0.556640625 0.90625 0.55859375 0.908203125 0.521484375 0.904296875 0.521484375
0 0.859375 0.556640625 0.857421875 0.59765625 0.90625 0.599609375 0.90625 0.55859375 0.865234375 0.556640625
0 0.857421875 0.59765625 0.85546875 0.638671875 0.91796875 0.640625 0.91796875 0.599609375 0.90625 0.599609375
0 0.732421875 0.701171875 0.732421875 0.748046875 0.78125 0.75 0.783203125 0.701171875
0 0.783203125 0.77734375 0.78125 0.818359375 0.802734375 0.8203125 0.802734375 0.77734375
0 0.76953125 0.75 0.76953125 0.775390625 0.7890625 0.77734375 0.7890625 0.75 0.78125 0.75
0 0.802734375 0.75 0.802734375 0.703125 0.783203125 0.701171875 0.78125 0.75 0.7890625 0.75 0.7890625 0.77734375 0.802734375 0.77734375 0.8046875 0.75
0 0.814453125 0.654296875 0.814453125 0.62109375 0.787109375 0.62109375 0.787109375 0.654296875 0.80078125 0.654296875
0 0.974609375 0.693359375 0.974609375 0.736328125 1 0.736328125 1 0.693359375 0.98046875 0.693359375
0 0.916015625 0.693359375 0.916015625 0.72265625 0.974609375 0.72265625 0.974609375 0.693359375
0 0.974609375 0.736328125 0.974609375 0.802734375 1 0.802734375 1 0.736328125
0 0.9140625 0.759765625 0.912109375 0.79296875 0.974609375 0.79296875 0.974609375 0.759765625 0.939453125 0.759765625
0 0.939453125 0.728515625 0.873046875 0.728515625 0.873046875 0.759765625 0.939453125 0.759765625
0 0.9921875 0.525390625 1 0.525390625 1 0.494140625 0.9921875 0.494140625
0 0.935546875 0.373046875 0.9453125 0.330078125 0.841796875 0.306640625 0.83203125 0.349609375 0.935546875 0.373046875
0 0.923828125 0.47265625 0.92578125 0.427734375 0.806640625 0.421875 0.8046875 0.466796875 0.923828125 0.47265625
0 0.76171875 0.91796875 0.76953125 0.86328125 0.669921875 0.84765625 0.662109375 0.900390625 0.76171875 0.91796875
0 0.998046875 0.58984375 1 0.537109375 0.96875 0.537109375 0.96875 0.58984375 0.998046875 0.58984375
0 0.642578125 0.69140625 0.642578125 0.662109375 0.607421875 0.662109375 0.60546875 0.69140625 0.642578125 0.69140625