0 0.201171875 0.07421875 0.203125 0.07421875 0.203125 0.0625 0.17578125 0.0625 0.17578125 0.07421875 0.1328125 0.07421875 0.1328125 0.173828125 0.203125 0.173828125
0 0.783203125 0.107421875 0.783203125 0.115234375 0.74609375 0.115234375 0.74609375 0.107421875 0.703125 0.107421875 0.703125 0.11328125 0.60546875 0.11328125 0.60546875 0.16015625 0.619140625 0.16015625 0.619140625 0.181640625 0.626953125 0.181640625 0.626953125 0.1953125 0.677734375 0.1953125 0.677734375 0.181640625 0.68359375 0.181640625 0.68359375 0.16015625 0.703125 0.16015625 0.703125 0.154296875 0.728515625 0.154296875 0.728515625 0.171875 0.734375 0.171875 0.734375 0.1875 0.7890625 0.1875 0.7890625 0.17578125 0.794921875 0.17578125 0.794921875 0.154296875 0.822265625 0.154296875 0.822265625 0.107421875
0 0.630859375 0.275390625 0.60546875 0.251953125 0.56640625 0.251953125 0.568359375 0.328125 0.630859375 0.326171875
0 0.66796875 0.333984375 0.66796875 0.341796875 0.6328125 0.341796875 0.6328125 0.333984375 0.595703125 0.333984375 0.595703125 0.37890625 0.619140625 0.37890625 0.619140625 0.400390625 0.625 0.400390625 0.625 0.41796875 0.6796875 0.41796875 0.6796875 0.400390625 0.681640625 0.400390625 0.681640625 0.37890625 0.7109375 0.37890625 0.7109375 0.38671875 0.73828125 0.38671875 0.73828125 0.421875 0.802734375 0.421875 0.802734375 0.38671875 0.826171875 0.38671875 0.826171875 0.345703125 0.7890625 0.345703125 0.7890625 0.3515625 0.7578125 0.3515625 0.7578125 0.345703125 0.7109375 0.345703125 0.7109375 0.333984375
0 0.98046875 0.369140625 0.98828125 0.369140625 0.98828125 0.33203125 0.8515625 0.33203125 0.8515625 0.380859375 0.98046875 0.380859375
0 0.97265625 0.14453125 0.97265625 0.126953125 0.978515625 0.126953125 0.978515625 0.09375 0.93359375 0.09375 0.93359375 0.095703125 0.904296875 0.095703125 0.904296875 0.103515625 0.857421875 0.103515625 0.857421875 0.150390625 0.89453125 0.150390625 0.89453125 0.16796875 0.9375 0.16796875 0.9375 0.150390625 0.93359375 0.150390625 0.93359375 0.14453125
0 0 0.90234375 0 0.931640625 0.017578125 0.93359375 0.01953125 0.90234375 0.015625 0.90234375
0 0.015625 0.90234375 0.044921875 0.90234375 0.044921875 0.880859375 0.017578125 0.87890625
0 0.017578125 0.87890625 0 0.876953125 0 0.90234375 0.015625 0.90234375
0 0.01953125 0.90234375 0.017578125 0.927734375 0.04296875 0.9296875 0.044921875 0.90234375
0 0.056640625 1 0.060546875 1 0.0859375 0.974609375 0.048828125 0.9375 0.021484375 0.96484375
0 0.078125 1 0.12890625 1 0.09375 0.9765625
0 0.205078125 0.96484375 0.1640625 0.95703125 0.154296875 1 0.197265625 1 0.203125 0.970703125
0 0.216796875 0.990234375 0.220703125 0.97265625 0.203125 0.970703125 0.201171875 0.98828125
0 0.072265625 0.07421875 0.0703125 0 0 0 0 0.07421875 0.072265625 0.07421875
0 0.09765625 0.185546875 0.09765625 0.107421875 0.06640625 0.107421875 0.06640625 0.185546875 0.09765625 0.185546875
0 0.12109375 0.353515625 0.119140625 0.220703125 0 0.220703125 0 0.353515625 0.12109375 0.353515625