0 0.134765625 0.974609375 0.25390625 0.939453125 0.287109375 0.966796875 0.16796875 1
0 0.892578125 0.978515625 0.97265625 0.939453125 1 0.9609375 0.919921875 1
0 0.90234375 0.7906044407894737 0.970703125 0.7613075657894737 1 0.8257606907894737 0.931640625 0.8570106907894737
0 0.36328125 0.533203125 0.515625 0.423828125 0.537109375 0.458984375 0.384765625 0.568359375
0 0.00390625 0.3984375 0.0859375 0.337890625 0.119140625 0.3828125 0.03515625 0.443359375
0 0.2421875 0.388671875 0.416015625 0.28125 0.439453125 0.318359375 0.267578125 0.42578125
0 0 0.30879934210526316 0 0.23653371710526316 0.046875 0.23653371710526316 0.046875 0.30879934210526316
0 0.7571957236842105 0.1981907894736842 0.9017269736842105 0.09858141447368421 0.9349300986842105 0.1395970394736842 0.7903988486842105 0.2372532894736842
0 0.4547697368421052 0.11585115131578946 0.578125 0.04564144736842109 0.6860608552631579 0.17413651315789477 0.568873355263158 0.25020559210526316
0 0.37808388157894735 0.20877878289473686 0.47769325657894735 0.13651315789473684 0.5108963815789473 0.17948190789473684 0.41128700657894735 0.2517475328947366
0 0 0.7374588815789473 0.06198601973684212 0.7043585526315789 0.11276726973684212 0.7766241776315789 0 0.875205592105263
0 0.3691406250000001 0.6655016447368421 0.5937500000000001 0.5307360197368421 0.6542968750000001 0.5971422697368421 0.4296875000000001 0.7319078947368421
0 0.12705592105263158 0.5479029605263157 0.16807154605263158 0.5225123355263157 0.19932154605263158 0.5732935855263157 0.15635279605263158 0.5967310855263157
0 0.8466282894736842 0.29913651315789475 0.9716282894736842 0.19757401315789475 0.9989720394736842 0.24054276315789475 0.8739720394736842 0.34015213815789475
0 0.90625 0.4024465460526316 0.9765625 0.3321340460526316 1 0.3770559210526316 0.9296875 0.4493215460526316
0 0.3515625 0.884765625 0.578125 0.83984375 0.58984375 0.90234375 0.365234375 0.947265625
0 0.599609375 0.826171875 0.84765625 0.77734375 0.8671875 0.837890625 0.619140625 0.888671875
0 0.2060032894736842 0.40645559210526316 0.1504934210526316 0.42804276315789475 0.14946546052631582 0.47944078947368424 0.20086348684210528 0.4979440789473684 0.19675164473684212 0.5215871710526315 0.2543174342105263 0.543174342105263 0.25534539473684215 0.587376644736842 0.18750000000000003 0.6356907894736842 0.2183388157894737 0.6973684210526315 0.265625 0.7066200657894737 0.358141447368421 0.6398026315789473 0.3715049342105263 0.587376644736842 0.3180509868421053 0.5071957236842105 0.2666529605263158 0.4424342105263158 0.2286184210526316 0.39000822368421056
0 1 0.5078125 0.998046875 0.453125 0.966796875 0.458984375 0.9765625 0.513671875 1 0.5078125
0 0.685546875 0.55078125 0.630859375 0.47265625 0.6015625 0.4921875 0.65625 0.5703125 0.685546875 0.55078125
0 0.267578125 0.1171875 0.24609375 0.08984375 0.162109375 0.150390625 0.18359375 0.1796875 0.267578125 0.1171875