0 0 0.001953125 0 0.06640625 0.021484375 0.01171875 0.009765625 0.0078125
0 1 0.224609375 1 0.16015625 0.935546875 0.13671875 0.9140625 0.193359375 0.984375 0.21875
0 0.890625 0.28125 0.869140625 0.333984375 1 0.380859375 1 0.3203125 0.89453125 0.28125
0 0.841796875 0.419921875 0.8203125 0.4765625 1 0.54296875 1 0.478515625 0.900390625 0.44140625
0 0.92578125 0.197265625 0.89453125 0.28125 0.953125 0.3046875 0.984375 0.21875
0 0.873046875 0.3359375 0.841796875 0.419921875 0.900390625 0.44140625 0.931640625 0.357421875
0 0.783203125 0.640625 1 0.70703125 1 0.6484375 0.80078125 0.587890625
0 0.73828125 0.78515625 0.974609375 0.85546875 0.9921875 0.798828125 0.75390625 0.728515625
0 0.9765625 0.9921875 0.998046875 1 1 1 1 0.966796875 0.98828125 0.962890625
0 0.73046875 0.884765625 0.7265625 0.89453125 0.7109375 0.890625 0.6953125 0.94140625 0.880859375 1 0.94140625 1 0.953125 0.96875 0.9375 0.962890625 0.94140625 0.953125 0.888671875 0.935546875 0.884765625 0.947265625 0.845703125 0.93359375 0.849609375 0.923828125 0.818359375 0.9140625 0.81640625 0.923828125 0.76953125 0.908203125 0.771484375 0.8984375 0.74609375 0.890625
0 0.70703125 0.83984375 0.658203125 1 0.712890625 1 0.728515625 0.951171875 0.6953125 0.94140625 0.7109375 0.890625 0.7265625 0.89453125 0.73046875 0.884765625 0.74609375 0.890625 0.7578125 0.85546875
0 0.646484375 0.4609375 0.716796875 0.486328125 0.765625 0.353515625 0.6953125 0.328125
0 0.26953125 0.138671875 0.462890625 0.20703125 0.484375 0.1484375 0.2890625 0.080078125
0 0.5234375 0.15625 0.501953125 0.216796875 0.765625 0.314453125 0.787109375 0.25390625 0.748046875 0.240234375
0 0.8515625 0.1875 0.875 0.126953125 0.615234375 0.03515625 0.59375 0.095703125 0.828125 0.1796875
0 0.77734375 0.162109375 0.748046875 0.240234375 0.798828125 0.259765625 0.828125 0.1796875
0 0.15234375 0.1171875 0.138671875 0.11328125 0.1015625 0.251953125 0.177734375 0.2734375 0.216796875 0.134765625 0.201171875 0.130859375 0.197265625 0.142578125 0.1484375 0.130859375
0 0.154296875 0.048828125 0.23828125 0.072265625 0.263671875 0 0.171875 0
0 0.15625 0.048828125 0.138671875 0.11328125 0.15234375 0.1171875 0.1484375 0.130859375 0.197265625 0.142578125 0.201171875 0.130859375 0.21875 0.134765625 0.236328125 0.072265625
0 0.140625 0.380859375 0.142578125 0.369140625 0.150390625 0.37109375 0.154296875 0.353515625 0.162109375 0.35546875 0.169921875 0.330078125 0.162109375 0.328125 0.16796875 0.30859375 0.09375 0.287109375 0.087890625 0.306640625 0.078125 0.302734375 0.0703125 0.330078125 0.08203125 0.33203125 0.076171875 0.349609375 0.083984375 0.3515625 0.08203125 0.365234375 0.130859375 0.37890625
0 0.041015625 0.443359375 0.037109375 0.45703125 0.029296875 0.455078125 0.01953125 0.486328125 0.02734375 0.48828125 0.0234375 0.50390625 0.099609375 0.52734375 0.10546875 0.5078125 0.115234375 0.51171875 0.123046875 0.486328125 0.11328125 0.484375 0.119140625 0.466796875 0.10546875 0.4609375
0 0.0234375 0.50390625 0.02734375 0.48828125 0.01953125 0.486328125 0.021484375 0.478515625 0 0.546875 0 0.5546875 0.068359375 0.576171875 0.0859375 0.521484375
0 0.08203125 0.365234375 0.083984375 0.3515625 0.076171875 0.349609375 0.08203125 0.33203125 0.0703125 0.330078125 0.029296875 0.455078125 0.037109375 0.45703125 0.041015625 0.443359375 0.10546875 0.4609375 0.130859375 0.37890625
0 0.185546875 0.419921875 0.388671875 0.490234375 0.41015625 0.427734375 0.20703125 0.357421875
0 0.13671875 0.583984375 0.33984375 0.658203125 0.36328125 0.59375 0.158203125 0.51953125
0 0.39453125 0.60546875 0.373046875 0.66796875 0.61328125 0.755859375 0.63671875 0.6953125 0.576171875 0.671875
0 0.697265625 0.5234375 0.451171875 0.435546875 0.4296875 0.494140625 0.67578125 0.583984375 0.6953125 0.52734375
0 0.6171875 0.5625 0.576171875 0.671875 0.63671875 0.6953125 0.677734375 0.583984375
0 0.34375 0.77734375 0.322265625 0.833984375 0.568359375 0.92578125 0.58984375 0.869140625 0.5234375 0.845703125
0 0.5625 0.73828125 0.5234375 0.845703125 0.587890625 0.869140625 0.62890625 0.76171875 0.61328125 0.755859375
0 0.31640625 0.91796875 0.298828125 0.98046875 0.365234375 1 0.5546875 1 0.55859375 0.98828125 0.4921875 0.96875
0 0.515625 0.908203125 0.4921875 0.96875 0.544921875 0.984375 0.568359375 0.92578125
0 0 0.705078125 0 0.8046875 0.029296875 0.71484375
0 0 0.634765625 0 0.705078125 0.0390625 0.71875 0.044921875 0.69921875 0.052734375 0.703125 0.060546875 0.673828125 0.0546875 0.671875 0.05859375 0.654296875
0 0.05859375 0.654296875 0.07421875 0.609375 0 0.583984375 0 0.634765625
0 0.08203125 0.73828125 0.271484375 0.818359375 0.294921875 0.76171875 0.10546875 0.681640625
0 0.037109375 0.85546875 0.01953125 0.916015625 0.13671875 0.94921875 0.154296875 0.890625
0 0.259765625 0.97265625 0.27734375 0.9140625 0.158203125 0.876953125 0.140625 0.935546875
0 0.439453125 0.33203125 0.4609375 0.275390625 0.330078125 0.2265625 0.30859375 0.28515625 0.439453125 0.33203125