0 0.6328125 0.169921875 0.794921875 0.169921875 0.794921875 0.095703125 0.6328125 0.095703125
0 0.51953125 0.154296875 0.552734375 0.154296875 0.552734375 0 0.51953125 0
0 0.515625 0.796875 0.568359375 0.796875 0.568359375 0.4296875 0.515625 0.4296875
0 0.51171875 0.87890625 0.51171875 1 0.56640625 1 0.56640625 0.87890625
0 0.900390625 0.650390625 1 0.650390625 1 0.59375 0.900390625 0.59375
0 0.91015625 1 1 1 1 0.98046875 0.91015625 0.98046875
0 0.755859375 0.587890625 0.755859375 0.607421875 0.705078125 0.607421875 0.705078125 0.587890625 0.65625 0.587890625 0.65625 0.607421875 0.626953125 0.607421875 0.626953125 0.646484375 0.828125 0.646484375 0.828125 0.607421875 0.802734375 0.607421875 0.802734375 0.587890625
0 0.626953125 1 0.84765625 1 0.84765625 0.953125 0.626953125 0.953125
0 0.888671875 0.85546875 1 0.85546875 1 0.79296875 0.888671875 0.79296875
0 0.7578125 0.765625 0.7578125 0.783203125 0.703125 0.783203125 0.703125 0.765625 0.66015625 0.765625 0.66015625 0.783203125 0.626953125 0.783203125 0.626953125 0.828125 0.826171875 0.828125 0.826171875 0.783203125 0.796875 0.783203125 0.796875 0.765625
0 0.646484375 0.47265625 0.810546875 0.47265625 0.810546875 0.41015625 0.646484375 0.41015625
0 0.97265625 0.404296875 0.97265625 0.384765625 0.85546875 0.384765625 0.85546875 0.4609375 1 0.4609375 1 0.404296875
0 0.306640625 0.923828125 0.337890625 0.876953125 0.25390625 0.8203125 0.22265625 0.869140625