0 0.759765625 0.44140625 0.77734375 0.439453125 0.771484375 0.390625 0.658203125 0.40234375 0.66796875 0.501953125 0.765625 0.4921875
0 0.595703125 0.341796875 0.625 0.337890625 0.615234375 0.263671875 0.53515625 0.275390625 0.546875 0.361328125 0.59765625 0.35546875
0 0.6875 0.634765625 0.78515625 0.5859375 0.775390625 0.5625 0.677734375 0.611328125
0 0.607421875 0.890625 0.55078125 0.896484375 0.556640625 0.94921875 0.61328125 0.943359375
0 0.607421875 0.861328125 0.546875 0.8671875 0.55078125 0.896484375 0.609375 0.890625
0 0.603515625 0.822265625 0.54296875 0.828125 0.546875 0.8671875 0.607421875 0.861328125
0 0.599609375 0.79296875 0.541015625 0.798828125 0.54296875 0.828125 0.603515625 0.822265625
0 0.59375 0.748046875 0.53515625 0.75390625 0.5390625 0.791015625 0.59765625 0.78515625
0 0.58984375 0.71484375 0.53125 0.720703125 0.53515625 0.75390625 0.59375 0.748046875
0 0.5859375 0.677734375 0.525390625 0.685546875 0.529296875 0.720703125 0.58984375 0.71484375
0 0.578125 0.6484375 0.521484375 0.654296875 0.525390625 0.685546875 0.58203125 0.6796875
0 0.57421875 0.61328125 0.51953125 0.6171875 0.521484375 0.654296875 0.578125 0.6484375
0 0.56640625 0.525390625 0.509765625 0.53125 0.51171875 0.548828125 0.568359375 0.54296875
0 0.642578125 0.66015625 0.65625 0.65625 0.650390625 0.626953125 0.63671875 0.630859375
0 0.68359375 0.7578125 0.673828125 0.708984375 0.650390625 0.71484375 0.66015625 0.763671875 0.669921875 0.76171875
0 0.68359375 0.8125 0.703125 0.80078125 0.681640625 0.767578125 0.662109375 0.78125
0 0.669921875 0.76171875 0.66015625 0.763671875 0.662109375 0.78125 0.673828125 0.7734375
0 0.61328125 0.58984375 0.64453125 0.5859375 0.640625 0.55859375 0.609375 0.5625
0 0.669921875 0.595703125 0.6953125 0.5859375 0.673828125 0.533203125 0.6484375 0.544921875
0 0.5703125 0.580078125 0.513671875 0.5859375 0.517578125 0.6171875 0.57421875 0.61328125
0 0.572265625 0.578125 0.568359375 0.54296875 0.51171875 0.548828125 0.513671875 0.5859375 0.5703125 0.580078125
0 0.8203125 0.060546875 0.724609375 0.08203125 0.73046875 0.103515625 0.701171875 0.109375 0.693359375 0.07421875 0.6015625 0.09375 0.609375 0.12890625 0.5859375 0.134765625 0.59375 0.173828125 0.630859375 0.166015625 0.638671875 0.201171875 0.69921875 0.1875 0.693359375 0.15234375 0.798828125 0.12890625 0.798828125 0.125 0.8359375 0.1171875 0.828125 0.083984375 0.826171875 0.08203125 0.82421875 0.08203125 0.822265625 0.07421875
0 0.955078125 0.10546875 0.94140625 0.078125 0.876953125 0.111328125 0.890625 0.138671875 0.927734375 0.119140625
0 1 0.126953125 1 0.095703125 0.986328125 0.10546875
0 0.6484375 0.962890625 0.6484375 0.974609375 0.59765625 0.98046875 0.59765625 1 0.66796875 1 0.765625 0.990234375 0.771484375 1 0.810546875 1 0.791015625 0.966796875 0.775390625 0.9765625 0.7734375 0.951171875
0 0.87109375 0.724609375 0.85546875 0.6953125 0.72265625 0.765625 0.740234375 0.796875 0.853515625 0.734375
0 0.857421875 1 1 1 1 0.97265625 0.986328125 0.98046875 0.853515625 0.734375 0.74609375 0.79296875
0 0.5625 0.501953125 0.640625 0.4921875 0.62890625 0.3984375 0.55078125 0.408203125 0.5625 0.494140625
0 0.546875 0.361328125 0.53515625 0.279296875 0.515625 0.28125 0.54296875 0.49609375 0.5625 0.494140625 0.55078125 0.408203125 0.59765625 0.40234375 0.591796875 0.35546875
0 0.810546875 0.220703125 0.78125 0.236328125 0.7890625 0.251953125 0.818359375 0.236328125
0 0.7734375 0.259765625 0.783203125 0.279296875 0.7734375 0.283203125 0.79296875 0.326171875 0.927734375 0.263671875 0.923828125 0.2578125 1 0.220703125 1 0.173828125 0.986328125 0.1796875 0.951171875 0.109375 0.921875 0.125 0.95703125 0.193359375 0.90625 0.21875 0.8984375 0.201171875 0.89453125 0.203125 0.875 0.16015625 0.859375 0.16796875 0.87890625 0.2109375 0.7890625 0.251953125
0 0.076171875 0.537109375 0.056640625 0.537109375 0.056640625 0.615234375 0.076171875 0.615234375 0.076171875 0.546875
0 0.076171875 0.609375 0.166015625 0.609375 0.166015625 0.546875 0.076171875 0.546875
0 0.076171875 0.451171875 0.08203125 0.517578125 0.126953125 0.513671875 0.12890625 0.53515625 0.177734375 0.53125 0.169921875 0.443359375
0 0 0.208984375 0 0.28125 0.109375 0.27734375 0.1171875 0.271484375 0.1171875 0.263671875 0.111328125 0.2578125 0.0859375 0.1640625 0.080078125 0.162109375
0 0.083984375 0.970703125 0.052734375 1 0.072265625 1 0.09375 0.98046875
0 0.69140625 0.017578125 0.6875 0 0.521484375 0 0.52734375 0.037109375
0 0.521484375 0 0.4609375 0 0.48046875 0.140625 0.46875 0.140625 0.482421875 0.24609375 0.537109375 0.240234375 0.5234375 0.134765625 0.541015625 0.1328125 0.52734375 0.037109375
0 0.021484375 0.79296875 0 0.771484375 0 0.81640625
0 0.091796875 0.65625 0.12890625 0.66015625 0.1328125 0.642578125 0.09375 0.63671875
0 0.09375 0.400390625 0.0859375 0.310546875 0 0.31640625 0 0.40625
0 0.064453125 0.123046875 0.06640625 0.001953125 0 0.001953125 0 0.123046875 0.064453125 0.123046875