0 0.822265625 0.2265625 0.82421875 0.275390625 1 0.267578125 1 0.21875
0 0.82421875 0.24609375 0.775390625 0.248046875 0.77734375 0.33203125 0.826171875 0.330078125 0.82421875 0.275390625
0 0.826171875 0.361328125 0.828125 0.412109375 1 0.40234375 1 0.3515625
0 0.828125 0.39453125 0.77734375 0.396484375 0.78125 0.478515625 0.83203125 0.4765625 0.828125 0.412109375
0 0.818359375 0.544921875 1 0.53515625 1 0.4765625 0.81640625 0.486328125 0.81640625 0.513671875 0.7734375 0.515625 0.77734375 0.607421875 0.822265625 0.60546875
0 1 0.6875 1 0.63671875 0.787109375 0.64453125 0.7890625 0.6953125
0 0.78515625 0.77734375 0.91796875 0.779296875 0.91796875 0.732421875 0.78515625 0.73046875
0 0.05078125 0.060546875 0.048828125 0.111328125 0.173828125 0.1171875 0.17578125 0.06640625
0 0 0.083984375 0 0.12890625 0.046875 0.130859375 0.048828125 0.0859375
0 0 0.044921875 0 0.083984375 0.048828125 0.0859375 0.05078125 0.046875
0 0.052734375 0.02734375 0.05078125 0.060546875 0.17578125 0.06640625 0.177734375 0.033203125
0 0.423828125 0.052734375 0.203125 0.04296875 0.201171875 0.0703125 0.421875 0.08203125
0 0.201171875 0.0703125 0.19921875 0.119140625 0.419921875 0.130859375 0.421875 0.08203125
0 0.462890625 0.140625 0.6875 0.150390625 0.689453125 0.099609375 0.46484375 0.087890625
0 0.029296875 0.248046875 0.029296875 0.1796875 0 0.177734375 0 0.29296875 0.1640625 0.294921875 0.1640625 0.25
0 0.236328125 0.224609375 0.23828125 0.15234375 0.18359375 0.150390625 0.1796875 0.26953125 0.400390625 0.27734375 0.40234375 0.232421875
0 0.48046875 0.240234375 0.482421875 0.169921875 0.435546875 0.16796875 0.431640625 0.28515625 0.568359375 0.29296875 0.5703125 0.244140625
0 0.634765625 0.384765625 0.6796875 0.38671875 0.6875 0.189453125 0.64453125 0.1875
0 0.4609375 0.458984375 0.67578125 0.466796875 0.677734375 0.40625 0.462890625 0.3984375
0 0.11328125 0.5234375 0.111328125 0.57421875 0.39453125 0.58203125 0.396484375 0.53125
0 0.400390625 0.353515625 0.345703125 0.3515625 0.33984375 0.53125 0.396484375 0.53125
0 0.666015625 0.4921875 0.6015625 0.490234375 0.599609375 0.5546875 0.6640625 0.556640625
0 0.453125 0.55078125 0.451171875 0.607421875 0.662109375 0.615234375 0.6640625 0.556640625
0 0.14453125 0.728515625 0.365234375 0.732421875 0.3671875 0.673828125 0.14453125 0.669921875
0 0.416015625 0.740234375 0.640625 0.75 0.642578125 0.697265625 0.41796875 0.689453125
0 0.5234375 0.828125 0.5234375 0.77734375 0.4140625 0.7734375 0.412109375 0.82421875
0 0.34765625 0.7890625 0.34765625 0.828125 0.373046875 0.828125 0.373046875 0.845703125 0.158203125 0.845703125 0.15625 0.888671875 0.392578125 0.890625 0.392578125 0.7890625
0 0.2109375 0.845703125 0.2109375 0.787109375 0.158203125 0.787109375 0.158203125 0.845703125
0 0.65234375 0.912109375 0.65625 0.80859375 0.60546875 0.806640625 0.6015625 0.91015625
0 0.412109375 0.857421875 0.41015625 0.90625 0.6015625 0.91015625 0.603515625 0.86328125
0 0.1640625 0.98828125 0.119140625 0.986328125 0.1171875 1 0.162109375 1
0 0.921875 0.15234375 1 0.150390625 1 0.078125 0.919921875 0.080078125 0.921875 0.142578125
0 0.890625 0.142578125 0.921875 0.142578125 0.919921875 0.080078125 0.845703125 0.08203125 0.84765625 0.115234375 0.7890625 0.1171875 0.791015625 0.166015625 0.892578125 0.162109375
0 0.75 0.880859375 0.748046875 0.931640625 0.947265625 0.943359375 0.951171875 0.892578125 0.814453125 0.8828125
0 0.955078125 0.8046875 0.904296875 0.80078125 0.900390625 0.888671875 0.951171875 0.892578125
0 0.8203125 0.798828125 0.755859375 0.794921875 0.75 0.880859375 0.814453125 0.8828125
0 0.015625 0.845703125 0.0625 0.8359375 0.015625 0.611328125 0 0.61328125 0 0.76953125
0 0.041015625 0.921875 0.02734375 0.859375 0 0.861328125 0 1 0.015625 1
0 0.30859375 0.4609375 0.310546875 0.349609375 0.28125 0.34765625 0.27734375 0.458984375
0 0.025390625 0.32421875 0.0234375 0.34765625 0.013671875 0.34765625 0.01171875 0.380859375 0.037109375 0.439453125 0.0703125 0.439453125 0.072265625 0.32421875
0 0.28125 0.33203125 0.126953125 0.328125 0.123046875 0.455078125 0.27734375 0.458984375 0.28125 0.34765625
0 0.072265625 0.341796875 0.0703125 0.439453125 0.123046875 0.44140625 0.126953125 0.34375
0 0.671875 0.998046875 0.669921875 0.96484375 0.60546875 0.96484375 0.60546875 1 0.671875 0.998046875
0 0.8984375 0.87890625 0.90234375 0.79296875 0.853515625 0.791015625 0.84765625 0.875 0.8984375 0.87890625
0 0.39453125 1 0.39453125 0.9765625 0.193359375 0.9765625 0.193359375 1 0.39453125 1