0 0.396484375 0 0.15234375 0 0.154296875 0.111328125 0.2109375 0.109375 0.212890625 0.181640625 0.263671875 0.1796875 0.263671875 0.228515625 0.30859375 0.2265625 0.30859375 0.24609375 0.40234375 0.244140625 0.3984375 0.08984375
0 0.25390625 0.61328125 0.63671875 0.60546875 0.63671875 0.5390625 0.251953125 0.544921875
0 0.2578125 0.736328125 0.431640625 0.734375 0.431640625 0.673828125 0.2578125 0.67578125
0 0.470703125 0.74609375 0.642578125 0.74609375 0.642578125 0.685546875 0.470703125 0.685546875
0 0.2578125 0.775390625 0.259765625 0.845703125 0.42578125 0.841796875 0.423828125 0.76953125
0 0.462890625 0.865234375 0.61328125 0.861328125 0.61328125 0.794921875 0.4609375 0.798828125
0 0.259765625 0.94921875 0.38671875 0.947265625 0.384765625 0.8828125 0.2578125 0.88671875
0 0.439453125 0.974609375 0.58984375 0.974609375 0.58984375 0.904296875 0.439453125 0.904296875
0 0.25390625 0.970703125 0.255859375 1 0.384765625 1 0.384765625 0.96484375
0 0.74609375 0.52734375 0.728515625 0.541015625 0.732421875 0.962890625 0.66015625 0.970703125 0.65234375 1 1 1 1 0.5
0 0.583984375 0 0.53515625 0 0.5390625 0.115234375 0.5859375 0.11328125
0 0.53515625 0 0.396484375 0 0.3984375 0.08984375 0.537109375 0.0859375
0 0.15234375 0.22265625 0.23046875 0.244140625 0.240234375 0.208984375 0.162109375 0.1875
0 0.24609375 0.328125 0.27734375 0.328125 0.275390625 0.236328125 0.24609375 0.236328125
0 0.119140625 0.43359375 0.1875 0.435546875 0.189453125 0.37109375 0.12109375 0.369140625
0 0.587890625 0.15625 0.669921875 0.154296875 0.66796875 0 0.583984375 0 0.5859375 0.11328125
0 0.935546875 0.125 0.935546875 0.173828125 0.98046875 0.173828125 0.982421875 0.126953125
0 0.935546875 0.173828125 0.935546875 0.248046875 1 0.248046875 1 0.173828125
0 0.931640625 0.26171875 0.931640625 0.310546875 0.86328125 0.30859375 0.86328125 0.35546875 0.771484375 0.353515625 0.76953125 0.439453125 0.9296875 0.416015625 0.96875 0.41796875 1 0.40234375 1 0.26171875
0 0.62890625 0.353515625 0.62890625 0.3203125 0.58984375 0.318359375 0.58984375 0.416015625 0.732421875 0.41796875 0.732421875 0.35546875
0 0.193359375 1 0.193359375 0.94921875 0 0.947265625 0 1 0.193359375 1
0 0.96875 0.107421875 0.96875 0 0.880859375 0 0.880859375 0.107421875 0.96875 0.107421875
0 0.13671875 0.14453125 0.134765625 0.044921875 0 0.044921875 0 0.146484375 0.13671875 0.14453125
0 0.1171875 0.046875 0.115234375 0 0.01171875 0 0.01171875 0.046875 0.1171875 0.046875
0 0.91015625 0.228515625 0.91015625 0.109375 0.86328125 0.109375 0.86328125 0.228515625 0.91015625 0.228515625
0 0.8125 0.0625 0.8125 0 0.6875 0 0.6875 0.0625 0.8125 0.0625
0 0.861328125 0.240234375 0.861328125 0.197265625 0.7421875 0.197265625 0.7421875 0.240234375 0.861328125 0.240234375
0 0.193359375 0.357421875 0.193359375 0.31640625 0.107421875 0.3203125 0.109375 0.361328125 0.193359375 0.357421875
0 0.224609375 0.310546875 0.2265625 0.279296875 0.1640625 0.275390625 0.162109375 0.306640625 0.224609375 0.310546875
0 0.85546875 0.142578125 0.853515625 0.078125 0.76171875 0.080078125 0.763671875 0.14453125 0.85546875 0.142578125