0 0.806640625 1 0.873046875 1 0.8828125 0.990234375 0.748046875 0.8828125 0.712890625 0.923828125 0.75390625 0.95703125
0 0.712890625 0.923828125 0.65234375 1 0.716796875 1 0.75390625 0.95703125
0 0.953125 0.935546875 0.927734375 0.9140625 0.87890625 0.974609375 0.90625 0.99609375
0 0.90625 0.99609375 0.91015625 1 0.978515625 1 1 0.97265625 1 0.875
0 1 0.798828125 1 0.7109375 0.98046875 0.697265625 0.9375 0.75390625 0.982421875 0.787109375
0 0.9375 0.75390625 0.830078125 0.8984375 0.873046875 0.931640625 0.982421875 0.787109375
0 0.833984375 0.015625 0.8359375 0.01171875 0.86328125 0.03515625 0.859375 0.0390625 0.89453125 0.068359375 0.896484375 0.064453125 0.916015625 0.080078125 0.94921875 0.041015625 0.931640625 0.025390625 0.943359375 0.01171875 0.927734375 0 0.814453125 0
0 0.83203125 0.099609375 0.744140625 0.021484375 0.70703125 0.064453125 0.794921875 0.142578125
0 0.705078125 0.240234375 0.751953125 0.1875 0.671875 0.119140625 0.626953125 0.171875
0 0.380859375 0.09765625 0.427734375 0.04296875 0.37890625 0 0.318359375 0 0.298828125 0.0234375
0 0.28515625 0.263671875 0.181640625 0.173828125 0.134765625 0.228515625 0.23828125 0.318359375
0 0.453125 0.072265625 0.36328125 0.171875 0.34375 0.154296875 0.3046875 0.197265625 0.326171875 0.21484375 0.23828125 0.318359375 0.275390625 0.3515625 0.376953125 0.236328125 0.390625 0.25 0.41796875 0.21875 0.40234375 0.205078125 0.490234375 0.10546875
0 0.552734375 0.451171875 0.48046875 0.53515625 0.546875 0.59375 0.62109375 0.5078125
0 0.017578125 0.32421875 0 0.34375 0 0.43359375 0.0625 0.36328125
0 0 0.2421875 0 0.306640625 0.0625 0.36328125 0.095703125 0.326171875
0 0.095703125 0.326171875 0.044921875 0.384765625 0.158203125 0.484375 0.208984375 0.42578125
0 0.02734375 0.740234375 0.015625 0.755859375 0.0234375 0.763671875 0.017578125 0.771484375 0.08203125 0.826171875 0.1015625 0.8046875 0.060546875 0.76953125
0 0.251953125 0.484375 0.158203125 0.591796875 0.14453125 0.580078125 0.09765625 0.634765625 0.111328125 0.646484375 0.02734375 0.740234375 0.060546875 0.76953125 0.28515625 0.513671875
0 0.69921875 0.283203125 0.552734375 0.451171875 0.595703125 0.486328125 0.740234375 0.3203125
0 0.48046875 0.53515625 0.44140625 0.580078125 0.462890625 0.599609375 0.4453125 0.619140625 0.490234375 0.658203125 0.546875 0.59375