0 0.033203125 0.697265625 0 0.697265625 0 0.751953125 0.033203125 0.751953125
0 0 0.07421875 0 0.142578125 0.09765625 0.14453125 0.09765625 0.171875 0.13671875 0.173828125 0.138671875 0.078125
0 0.15625 0.265625 0.154296875 0.31640625 0.126953125 0.31640625 0.126953125 0.40234375 0.134765625 0.404296875 0.1328125 0.4375 0.125 0.435546875 0.125 0.45703125 0.154296875 0.45703125 0.154296875 0.48046875 0.193359375 0.48046875 0.197265625 0.267578125
0 0.177734375 0.666015625 0.1796875 0.611328125 0 0.60546875 0 0.66015625
0 0.177734375 0.701171875 0.125 0.69921875 0.123046875 0.80078125 0.17578125 0.80078125
0 0 0.796875 0 0.849609375 0.173828125 0.853515625 0.17578125 0.80078125 0.123046875 0.80078125
0 0.181640625 0.986328125 0 0.982421875 0 1 0.1796875 1
0 0.263671875 0.66796875 0.55078125 0.671875 0.552734375 0.6171875 0.265625 0.611328125
0 0.291015625 0.515625 0.548828125 0.521484375 0.55078125 0.4609375 0.291015625 0.45703125
0 0.556640625 0.9609375 0.248046875 0.955078125 0.24609375 1 0.5546875 1 0.556640625 0.99609375
0 0.259765625 0.85546875 0.546875 0.859375 0.548828125 0.802734375 0.26171875 0.796875
0 0.458984375 0.3125 0.458984375 0.3515625 0.517578125 0.353515625 0.515625 0.439453125 0.5546875 0.44140625 0.55859375 0.314453125 0.49609375 0.3125
0 0.642578125 0.25390625 0.640625 0.3046875 0.9140625 0.310546875 0.9140625 0.259765625 0.658203125 0.25390625
0 0.990234375 0.517578125 0.9375 0.515625 0.935546875 0.634765625 0.98828125 0.63671875
0 0.990234375 0.33203125 0.943359375 0.33203125 0.94140625 0.4453125 0.986328125 0.447265625 0.986328125 0.4453125
0 0.751953125 0.966796875 0.751953125 1 1 1 1 0.970703125
0 0.630859375 0.697265625 0.58203125 0.697265625 0.580078125 0.8125 0.62890625 0.8125
0 0.650390625 0.3203125 0.599609375 0.318359375 0.59765625 0.435546875 0.6484375 0.4375
0 0.96484375 0.826171875 0.962890625 0.875 1 0.875 1 0.826171875 0.978515625 0.826171875
0 0.98046875 0.712890625 0.935546875 0.7109375 0.93359375 0.826171875 0.978515625 0.826171875
0 0.6171875 0.8125 0.615234375 0.861328125 0.88671875 0.865234375 0.88671875 0.818359375 0.62890625 0.8125
0 0.62890625 0.4375 0.62890625 0.48828125 0.90234375 0.494140625 0.90234375 0.44140625 0.6484375 0.4375
0 0.947265625 0.17578125 0.947265625 0.255859375 1 0.255859375 1 0.17578125
0 0.66015625 0.1796875 0.60546875 0.1796875 0.603515625 0.251953125 0.658203125 0.25390625
0 0.62109375 0.623046875 0.62109375 0.673828125 0.89453125 0.6796875 0.89453125 0.62890625 0.634765625 0.623046875
0 0.96875 0.634765625 0.96875 0.6875 1 0.6875 1 0.63671875 0.98828125 0.63671875
0 0.591796875 0.96484375 0.58984375 1 0.751953125 1 0.751953125 0.966796875
0 0.63671875 0.51171875 0.58984375 0.51171875 0.587890625 0.623046875 0.634765625 0.623046875
0 0.880859375 0.109375 1 0.103515625 1 0.05078125 0.876953125 0.056640625
0 0.248046875 0.931640625 0.248046875 0.955078125 0.556640625 0.9609375 0.556640625 0.9375
0 0.4609375 0.244140625 0.458984375 0.3125 0.49609375 0.3125 0.49609375 0.244140625
0 0.533203125 0.26171875 0.533203125 0.244140625 0.49609375 0.244140625 0.49609375 0.3125 0.55859375 0.314453125 0.55859375 0.26171875
0 0.564453125 0.20703125 0.56640625 0.171875 0.525390625 0.169921875 0.525390625 0.20703125 0.533203125 0.20703125
0 0.494140625 0.20703125 0.494140625 0.197265625 0.466796875 0.197265625 0.466796875 0.244140625 0.533203125 0.244140625 0.533203125 0.20703125 0.525390625 0.20703125
0 0.359375 0.1640625 0.359375 0.234375 0.390625 0.234375 0.392578125 0.166015625
0 0.435546875 0.1953125 0.435546875 0.166015625 0.392578125 0.166015625 0.390625 0.234375 0.466796875 0.236328125 0.466796875 0.197265625
0 0.365234375 0.248046875 0.32421875 0.248046875 0.32421875 0.3203125 0.33984375 0.3203125 0.36328125 0.3203125 0.36328125 0.30859375
0 0.365234375 0.234375 0.36328125 0.30859375 0.392578125 0.30859375 0.39453125 0.234375
0 0.283203125 0.1875 0.283203125 0.16796875 0.251953125 0.16796875 0.25 0.236328125 0.349609375 0.23828125 0.349609375 0.189453125
0 0.5703125 0.025390625 0.51953125 0.025390625 0.517578125 0.078125 0.568359375 0.080078125 0.568359375 0.05859375
0 0.568359375 0.115234375 0.611328125 0.1171875 0.61328125 0.060546875 0.568359375 0.05859375 0.568359375 0.080078125
0 0.494140625 0.078125 0.494140625 0.12109375 0.474609375 0.12109375 0.474609375 0.146484375 0.533203125 0.1484375 0.53515625 0.080078125 0.517578125 0.078125
0 0.43359375 0.0390625 0.43359375 0.078125 0.517578125 0.078125 0.51953125 0.041015625
0 0.43359375 0.078125 0.431640625 0.12890625 0.466796875 0.130859375 0.46875 0.078125
0 0.357421875 0.041015625 0.357421875 0.076171875 0.43359375 0.078125 0.43359375 0.041015625
0 0.396484375 0.076171875 0.39453125 0.125 0.3671875 0.125 0.3671875 0.14453125 0.431640625 0.146484375 0.43359375 0.078125
0 0.2421875 0.142578125 0.3046875 0.142578125 0.306640625 0.07421875 0.2421875 0.07421875
0 0.306640625 0.07421875 0.3046875 0.142578125 0.3671875 0.14453125 0.369140625 0.076171875 0.357421875 0.076171875
0 0.271484375 0.01953125 0.271484375 0.02734375 0.244140625 0.02734375 0.2421875 0.07421875 0.357421875 0.076171875 0.357421875 0.025390625 0.328125 0.025390625 0.326171875 0.0390625 0.302734375 0.037109375 0.302734375 0.01953125
0 0.880859375 0.013671875 0.99609375 0.005859375 0.99609375 0 0.87890625 0
0 0.775390625 0 0.62109375 0 0.623046875 0.033203125 0.77734375 0.0234375 0.77734375 0.017578125
0 0.87890625 0 0.775390625 0 0.77734375 0.017578125 0.880859375 0.013671875
0 0.33984375 0.3203125 0.341796875 0.359375 0.384765625 0.359375 0.384765625 0.3203125
0 0.32421875 0.3203125 0.2578125 0.318359375 0.2578125 0.357421875 0.341796875 0.359375 0.33984375 0.3203125
0 0.458984375 0.322265625 0.384765625 0.3203125 0.384765625 0.359375 0.458984375 0.359375 0.458984375 0.3515625
0 0.5703125 0.599609375 0.572265625 0.55859375 0.2421875 0.548828125 0.240234375 0.58984375 0.5703125 0.599609375
0 0.900390625 0.427734375 0.90234375 0.337890625 0.66796875 0.330078125 0.6640625 0.41796875 0.900390625 0.427734375
0 0.212890625 0.021484375 0.212890625 0 0.119140625 0 0.119140625 0.0234375 0.212890625 0.021484375
0 0.9375 0.248046875 0.935546875 0.162109375 0.873046875 0.1640625 0.875 0.248046875 0.9375 0.248046875
0 0.8984375 0.607421875 0.89453125 0.49609375 0.8515625 0.498046875 0.85546875 0.609375 0.8984375 0.607421875
0 0.75390625 0.150390625 0.751953125 0.095703125 0.724609375 0.095703125 0.7265625 0.15234375 0.75390625 0.150390625
0 0.880859375 0.796875 0.8828125 0.720703125 0.65234375 0.716796875 0.650390625 0.79296875 0.880859375 0.796875
0 0.076171875 0.45703125 0.072265625 0.18359375 0 0.185546875 0 0.458984375 0.076171875 0.45703125