0 0.130859375 1 0.486328125 1 0.484375 0.935546875 0.12890625 0.955078125
0 0.76953125 0.814453125 0.55078125 0.990234375 0.55078125 1 0.669921875 1 0.845703125 0.853515625 0.826171875 0.833984375
0 0.841796875 0.60546875 0.67578125 0.61328125 0.68359375 0.771484375 0.8515625 0.779296875
0 0.841796875 0.60546875 0.8515625 0.779296875 0.8984375 0.787109375 0.8984375 0.755859375 0.876953125 0.751953125 0.876953125 0.72265625 0.90234375 0.724609375 0.9296875 0.607421875
0 0.62109375 0.693359375 0.619140625 0.62109375 0 0.64453125 0 0.71484375
0 1 0.27734375 1 0.203125 0.865234375 0.21484375 0.87109375 0.287109375 0.9765625 0.279296875
0 0.83984375 0.265625 0.869140625 0.263671875 0.865234375 0.21484375 0.8984375 0.212890625 0.8828125 0 0.8203125 0
0 0.87109375 0.287109375 0.87109375 0.28515625 0.828125 0.287109375 0.83203125 0.34765625 0.98046875 0.337890625 0.9765625 0.279296875
0 0.798828125 0 0.71484375 0 0.73828125 0.3203125 0.666015625 0.326171875 0.671875 0.412109375 0.7421875 0.40625 0.74609375 0.45703125 0.83203125 0.451171875 0.822265625 0.314453125
0 0.8515625 0.51171875 0.99609375 0.513671875 0.99609375 0.458984375 0.8515625 0.458984375
0 0.814453125 0.537109375 0.8125 0.48828125 0.697265625 0.494140625 0.697265625 0.54296875
0 0.416015625 0.486328125 0.232421875 0.494140625 0.234375 0.548828125 0.41796875 0.541015625 0.41796875 0.494140625
0 0.6953125 0.484375 0.41796875 0.494140625 0.419921875 0.552734375 0.697265625 0.54296875
0 0.064453125 0.43359375 0.650390625 0.40234375 0.6484375 0.333984375 0.0625 0.365234375
0 0.03515625 0.583984375 0.03125 0.517578125 0 0.517578125 0 0.583984375
0 0.05859375 0.4375 0.0546875 0.369140625 0 0.373046875 0 0.44140625 0.05859375 0.4375
0 0.998046875 0.43359375 1 0.34375 0.96484375 0.34375 0.96484375 0.43359375 0.998046875 0.43359375
0 0.087890625 0.07421875 0.0859375 0 0.00390625 0 0.005859375 0.076171875 0.087890625 0.07421875
0 0.458984375 0.34375 0.45703125 0.267578125 0.20703125 0.27734375 0.2109375 0.353515625 0.458984375 0.34375