0 0.970703125 0 0.85546875 0 0.861328125 0.1171875 0.974609375 0.111328125
0 0.833984375 0.134765625 0.828125 0 0.7265625 0 0.734375 0.138671875
0 1 0.49609375 1 0.19921875 0.748046875 0.208984375 0.759765625 0.5078125 0.791015625 0.505859375
0 0.77734375 0.6875 0.787109375 0.9140625 1 0.904296875 1 0.67578125 0.798828125 0.685546875
0 0.86328125 0.50390625 0.791015625 0.505859375 0.798828125 0.685546875 0.87109375 0.68359375
0 0.697265625 0.81640625 0.451171875 0.826171875 0.453125 0.87109375 0.69921875 0.861328125
0 0.052734375 0.171875 0.158203125 0.16796875 0.15625 0.107421875 0.05078125 0.111328125
0 0.7109375 0.62890625 0.455078125 0.638671875 0.45703125 0.693359375 0.712890625 0.681640625
0 0.65625 0.04296875 0.42578125 0.052734375 0.427734375 0.109375 0.658203125 0.099609375
0 0.09765625 0.90625 0.369140625 0.896484375 0.365234375 0.837890625 0.095703125 0.849609375
0 0.392578125 0.474609375 0.091796875 0.486328125 0.09375 0.548828125 0.39453125 0.53515625
0 0.369140625 0.330078125 0.3671875 0.26953125 0.060546875 0.28125 0.0625 0.34375 0.359375 0.33203125
0 0.677734375 0.29296875 0.67578125 0.232421875 0.4453125 0.2421875 0.447265625 0.302734375 0.455078125 0.30078125
0 0.1015625 0.734375 0.400390625 0.720703125 0.3984375 0.66015625 0.099609375 0.673828125
0 0.349609375 0.083984375 0.251953125 0.087890625 0.25390625 0.14453125 0.353515625 0.140625
0 0.029296875 0.548828125 0.02734375 0.48828125 0 0.48828125 0 0.548828125
0 0.705078125 0.509765625 0.703125 0.447265625 0.455078125 0.45703125 0.45703125 0.51953125 0.462890625 0.51953125
0 0.0546875 0.728515625 0.052734375 0.673828125 0 0.67578125 0 0.73046875
0 0.046875 0.91015625 0.044921875 0.857421875 0 0.857421875 0 0.912109375
0 1 0.998046875 1 0.96875 0.74609375 0.970703125 0.74609375 1 1 0.998046875
0 0.611328125 0.55859375 0.609375 0.53515625 0.556640625 0.541015625 0.55859375 0.564453125 0.611328125 0.55859375
0 0.7734375 0.603515625 0.76953125 0.53125 0.724609375 0.533203125 0.7265625 0.60546875 0.7734375 0.603515625