0 0.1171875 0.0859375 0.103515625 0.03515625 0 0.0625 0 0.115234375
0 0.158203125 0.072265625 0.3671875 0.01953125 0.361328125 0 0.220703125 0 0.14453125 0.01953125
0 0.423828125 0.083984375 0.435546875 0.13671875 0.451171875 0.1328125 0.4609375 0.1796875 0.58984375 0.150390625 0.568359375 0.05078125
0 0.09765625 0.265625 0.083984375 0.212890625 0 0.234375 0 0.291015625
0 0.298828125 0.150390625 0.30078125 0.158203125 0.267578125 0.16796875 0.265625 0.158203125 0.2109375 0.173828125 0.212890625 0.181640625 0.1796875 0.19140625 0.177734375 0.181640625 0.125 0.197265625 0.12890625 0.205078125 0.10546875 0.2109375 0.119140625 0.26171875 0.388671875 0.189453125 0.375 0.142578125 0.361328125 0.146484375 0.357421875 0.134765625
0 0.404296875 0.384765625 0.38671875 0.318359375 0.08203125 0.400390625 0.099609375 0.46484375
0 0.462890625 0.28515625 0.5234375 0.26953125 0.513671875 0.228515625 0.453125 0.244140625
0 0.796875 0.75 0.7421875 0.76171875 0.76171875 0.853515625 0.787109375 0.84765625 0.78515625 0.83984375 0.81640625 0.833984375
0 0.75390625 0.552734375 0.689453125 0.56640625 0.734375 0.763671875 0.796875 0.75
0 0.75390625 0.85546875 0.751953125 0.84765625 0.71875 0.85546875 0.720703125 0.86328125 0.70703125 0.865234375 0.724609375 0.9375 0.736328125 0.93359375 0.744140625 0.966796875 0.849609375 0.943359375 0.83984375 0.8984375 0.849609375 0.896484375 0.8359375 0.837890625 0.82421875 0.83984375 0.822265625 0.83203125 0.81640625 0.833984375 0.78515625 0.83984375 0.787109375 0.84765625 0.76171875 0.853515625
0 0.751953125 0.494140625 0.7421875 0.44921875 0.61328125 0.478515625 0.62890625 0.54296875 0.6328125 0.54296875 0.640625 0.578125 0.75390625 0.552734375 0.740234375 0.49609375
0 0.19140625 0.96484375 0.041015625 1 0.197265625 1
0 0.419921875 0.9453125 0.42578125 0.943359375 0.416015625 0.908203125 0.228515625 0.953125 0.236328125 0.98828125 0.244140625 0.98828125 0.24609375 1 0.279296875 1 0.423828125 0.96484375
0 0.6484375 0.908203125 0.63671875 0.857421875 0.453125 0.8984375 0.4609375 0.9375 0.466796875 0.935546875 0.470703125 0.947265625 0.642578125 0.91015625
0 0.091796875 0.59375 0.09765625 0.615234375 0.064453125 0.623046875 0.05859375 0.6015625 0.04296875 0.60546875 0.044921875 0.61328125 0.03125 0.6171875 0.03515625 0.630859375 0.001953125 0.638671875 0 0.630859375 0 0.697265625 0.166015625 0.65625 0.15234375 0.6015625 0.12109375 0.609375 0.1171875 0.59765625 0.111328125 0.59765625 0.109375 0.587890625
0 0.3984375 0.767578125 0.404296875 0.765625 0.396484375 0.734375 0.203125 0.78125 0.2109375 0.814453125 0.216796875 0.8125 0.22265625 0.8359375 0.404296875 0.791015625
0 0.318359375 0.548828125 0.33203125 0.6015625 0.3984375 0.5859375 0.40234375 0.603515625 0.453125 0.58984375 0.439453125 0.541015625 0.408203125 0.548828125 0.40234375 0.52734375
0 0.64453125 0.759765625 0.62890625 0.693359375 0.609375 0.697265625 0.623046875 0.763671875
0 0.611328125 0.7109375 0.544921875 0.7265625 0.564453125 0.814453125 0.630859375 0.798828125 0.623046875 0.763671875
0 0.595703125 0.583984375 0.578125 0.501953125 0.46875 0.52734375 0.48828125 0.607421875 0.529296875 0.59765625 0.556640625 0.724609375 0.611328125 0.7109375 0.583984375 0.5859375
0 0.67578125 0.0546875 0.642578125 0.064453125 0.6640625 0.146484375 0.697265625 0.13671875
0 0.701171875 0.1484375 0.66796875 0.158203125 0.693359375 0.251953125 0.724609375 0.244140625
0 0.70703125 0.271484375 0.681640625 0.2578125 0.654296875 0.30859375 0.619140625 0.31640625 0.625 0.34375 0.671875 0.33203125
0 1 0.275390625 1 0.21484375 0.88671875 0.244140625 0.90234375 0.30078125 0.9609375 0.287109375
0 1 0.107421875 1 0.052734375 0.90625 0.080078125 0.919921875 0.130859375
0 0.927734375 0.392578125 0.94140625 0.4453125 1 0.4296875 1 0.373046875
0 1 0.59375 1 0.537109375 0.962890625 0.546875 0.9765625 0.6015625
0 0.90625 0.080078125 0.861328125 0.091796875 0.853515625 0.1171875 0.962890625 0.546875 1 0.53515625 1 0.4296875 0.94140625 0.4453125 0.927734375 0.392578125 0.986328125 0.376953125 0.9609375 0.287109375 0.90234375 0.30078125 0.88671875 0.244140625 0.9453125 0.228515625 0.919921875 0.130859375
0 0.1640625 0.828125 0.16796875 0.826171875 0.16015625 0.79296875 0 0.83203125 0 0.890625 0.169921875 0.8515625
0 0.53125 0.04296875 0.53125 0 0.41796875 0 0.41796875 0.04296875 0.53125 0.04296875
0 0.46875 0.400390625 0.458984375 0.3671875 0.375 0.39453125 0.38671875 0.427734375 0.46875 0.400390625
0 0.458984375 0.291015625 0.44921875 0.248046875 0.376953125 0.265625 0.388671875 0.310546875 0.458984375 0.291015625