0 0.830078125 1 0.859375 0.994140625 0.8515625 0.951171875 0.822265625 0.95703125
0 0.833984375 0.873046875 0.935546875 0.876953125 0.935546875 0.85546875 0.833984375 0.853515625
0 0.833984375 0.853515625 0.8125 0.8515625 0.8125 0.9140625 0.83203125 0.916015625 0.833984375 0.873046875
0 0.962890625 0.912109375 0.9765625 0.912109375 0.98046875 0.84765625 0.96484375 0.845703125
0 1 0.955078125 1 0.923828125 0.98046875 0.923828125 0.982421875 0.955078125
0 0.052734375 0.240234375 0.08203125 0.33984375 0.58984375 0.189453125 0.560546875 0.08984375
0 0.611328125 0.3359375 0.58984375 0.263671875 0.07421875 0.416015625 0.095703125 0.48828125 0.322265625 0.419921875
0 0.322265625 0.419921875 0.328125 0.43359375 0.279296875 0.44921875 0.287109375 0.48046875 0.416015625 0.44140625 0.40625 0.41015625 0.373046875 0.419921875 0.3671875 0.40625
0 0.537109375 0.662109375 0.59375 0.64453125 0.583984375 0.609375 0.275390625 0.69921875 0.287109375 0.736328125 0.33984375 0.720703125 0.34375 0.734375 0.54296875 0.67578125
0 0.708984375 0.6171875 0.74609375 0.60546875 0.716796875 0.5078125 0.6796875 0.517578125
0 0.693359375 0.193359375 0.681640625 0.150390625 0.654296875 0.158203125 0.6640625 0.19921875 0.693359375 0.193359375
0 0.9765625 0.501953125 0.962890625 0.466796875 0.814453125 0.515625 0.826171875 0.55078125 0.9765625 0.501953125