0 0 0.11328125 0 0.185546875 0.041015625 0.1875 0.04296875 0.115234375
0 0.15234375 0.1171875 0.150390625 0.1796875 0.189453125 0.1796875 0.189453125 0.205078125 0.26171875 0.20703125 0.26171875 0.181640625 0.306640625 0.18359375 0.30859375 0.12109375 0.294921875 0.12109375
0 0.408203125 0.10546875 0.40625 0.169921875 0.453125 0.171875 0.451171875 0.205078125 0.5234375 0.20703125 0.525390625 0.173828125 0.56640625 0.17578125 0.568359375 0.109375
0 0.755859375 0.318359375 0.58984375 0.314453125 0.587890625 0.380859375 0.603515625 0.3828125 0.603515625 0.3671875 0.640625 0.3671875 0.640625 0.419921875 0.70703125 0.419921875 0.708984375 0.369140625 0.7421875 0.37109375 0.7421875 0.380859375 0.755859375 0.380859375 0.755859375 0.3515625
0 0.94140625 0.5859375 0.94140625 0.63671875 0.984375 0.63671875 0.982421875 0.685546875 1 0.685546875 1 0.5859375
0 0.275390625 0.8359375 0.2734375 0.8828125 0.314453125 0.884765625 0.314453125 0.93359375 0.3828125 0.935546875 0.384765625 0.88671875 0.46875 0.888671875 0.466796875 0.939453125 0.54296875 0.94140625 0.54296875 0.890625 0.5859375 0.892578125 0.587890625 0.845703125
0 0.251953125 0.462890625 0.25 0.51171875 0.28515625 0.51171875 0.283203125 0.564453125 0.36328125 0.568359375 0.365234375 0.513671875 0.4375 0.515625 0.435546875 0.5703125 0.513671875 0.572265625 0.515625 0.517578125 0.546875 0.51953125 0.548828125 0.470703125
0 0 0.8359375 0 0.888671875 0.068359375 0.890625 0.068359375 0.9453125 0.14453125 0.947265625 0.146484375 0.892578125 0.18359375 0.89453125 0.18359375 0.841796875
0 0 0.470703125 0 0.5078125 0.025390625 0.5078125 0.025390625 0.564453125 0.099609375 0.564453125 0.099609375 0.5078125 0.125 0.5078125 0.125 0.470703125
0 0.623046875 0.69140625 0.623046875 0.734375 0.654296875 0.736328125 0.65234375 0.78515625 0.728515625 0.787109375 0.728515625 0.73828125 0.791015625 0.740234375 0.7890625 0.7890625 0.849609375 0.791015625 0.8515625 0.740234375 0.892578125 0.7421875 0.892578125 0.697265625
0 0.04296875 0.115234375 0.041015625 0.162109375 0.150390625 0.1640625 0.15234375 0.1171875 0.294921875 0.12109375 0.294921875 0 0 0 0 0.11328125
0 0.607421875 0.904296875 0.603515625 1 0.751953125 1 0.755859375 0.908203125
0 0.966796875 0.359375 0.962890625 0.40234375 1 0.404296875 1 0.359375