0 0.79296875 0.123046875 0.7734375 0.16796875 0.849609375 0.201171875 0.869140625 0.15625 0.830078125 0.138671875
0 0.830078125 0.138671875 0.845703125 0.103515625 0.806640625 0.087890625 0.79296875 0.123046875
0 0.984375 0.06640625 0.951171875 0.0546875 0.90625 0.17578125 0.939453125 0.1875
0 0.888671875 0.21875 0.978515625 0.2578125 0.998046875 0.212890625 0.939453125 0.1875 0.90625 0.17578125
0 0.837890625 0.009765625 0.822265625 0.052734375 0.837890625 0.05859375 0.83984375 0.052734375 0.875 0.064453125 0.873046875 0.0703125 0.896484375 0.080078125 0.912109375 0.03515625
0 0.7421875 0.001953125 0.734375 0.017578125 0.716796875 0.009765625 0.701171875 0.048828125 0.775390625 0.078125 0.796875 0.0234375 0.783203125 0.01953125 0.7734375 0.041015625 0.763671875 0.037109375 0.759765625 0.046875 0.748046875 0.041015625 0.759765625 0.009765625
0 0.71875 0.11328125 0.73046875 0.1171875 0.736328125 0.095703125 0.724609375 0.091796875
0 0.71875 0.11328125 0.681640625 0.099609375 0.669921875 0.130859375 0.75 0.16015625 0.76171875 0.12890625 0.734375 0.119140625 0.73046875 0.12890625 0.71484375 0.123046875
0 0.595703125 0.0859375 0.607421875 0.091796875 0.603515625 0.103515625 0.646484375 0.12109375 0.65234375 0.103515625 0.662109375 0.107421875 0.66796875 0.095703125 0.64453125 0.0859375 0.6015625 0.0703125
0 0.5625 0.111328125 0.57421875 0.08203125 0.466796875 0.04296875 0.45703125 0.07421875
0 0.3828125 0.009765625 0.38671875 0 0.30078125 0 0.296875 0.015625 0.412109375 0.052734375 0.423828125 0.021484375
0 0.654296875 0 0.625 0 0.625 0.001953125 0.6328125 0.00390625 0.626953125 0.01953125 0.67578125 0.037109375 0.677734375 0.029296875 0.697265625 0.03515625 0.708984375 0 0.689453125 0 0.689453125 0.001953125 0.6875 0.001953125 0.685546875 0.0078125 0.671875 0.001953125 0.669921875 0.01171875 0.65234375 0.005859375