0 0.259765625 0.0390625 0.109375 0.05078125 0.11328125 0.109375 0.265625 0.095703125
0 0.328125 0.095703125 0.365234375 0.091796875 0.35546875 0 0.318359375 0
0 0.61328125 0.1328125 0.611328125 0.109375 0.556640625 0 0.35546875 0 0.37109375 0.154296875 0.427734375 0.1484375
0 0.759765625 0.857421875 0.453125 0.8828125 0.458984375 0.95703125 0.767578125 0.931640625
0 0.453125 0.328125 0.3046875 0.341796875 0.3125 0.435546875 0.4609375 0.421875 0.45703125 0.373046875
0 0.7265625 0.294921875 0.572265625 0.30859375 0.580078125 0.396484375 0.734375 0.3828125
0 0.40625 0.748046875 0.400390625 0.69921875 0.259765625 0.712890625 0.263671875 0.759765625 0.294921875 0.7578125 0.298828125 0.798828125 0.37109375 0.79296875 0.3671875 0.751953125
0 0.56640625 0.58984375 0.568359375 0.619140625 0.5390625 0.62109375 0.537109375 0.591796875 0.466796875 0.59765625 0.46875 0.619140625 0.4453125 0.623046875 0.44921875 0.677734375 0.654296875 0.66015625 0.6484375 0.599609375 0.640625 0.6015625 0.638671875 0.583984375
0 0.138671875 0.369140625 0.140625 0.380859375 0.0625 0.38671875 0.0625 0.376953125 0.03515625 0.37890625 0.044921875 0.484375 0.17578125 0.474609375 0.16796875 0.3671875
0 0.205078125 0.837890625 0.197265625 0.73828125 0.048828125 0.75 0.05859375 0.849609375 0.107421875 0.845703125
0 0.19921875 0.40625 0.193359375 0.34765625 0.017578125 0.365234375 0.05859375 0.921875 0.111328125 0.91796875 0.107421875 0.845703125 0.05859375 0.849609375 0.048828125 0.75 0.099609375 0.74609375 0.080078125 0.482421875 0.044921875 0.484375 0.03515625 0.37890625 0.0625 0.376953125 0.0625 0.38671875 0.140625 0.380859375 0.138671875 0.369140625 0.16796875 0.3671875 0.171875 0.41015625
0 0.96484375 0.880859375 0.83203125 0.943359375 0.859375 1 0.900390625 1 1 0.953125
0 0.837890625 0.595703125 0.701171875 0.658203125 0.73828125 0.740234375 0.875 0.677734375
0 0.626953125 0.287109375 0.2421875 0.29296875 0.244140625 0.376953125 0.30859375 0.375 0.3046875 0.341796875 0.453125 0.328125 0.45703125 0.373046875 0.576171875 0.37109375 0.572265625 0.30859375 0.626953125 0.3046875
0 0.158203125 0.564453125 0.154296875 0.51171875 0.111328125 0.513671875 0.115234375 0.568359375 0.158203125 0.564453125
0 0.439453125 0.533203125 0.43359375 0.458984375 0.404296875 0.4609375 0.41015625 0.53515625 0.439453125 0.533203125
0 0.578125 0.509765625 0.57421875 0.466796875 0.54296875 0.466796875 0.544921875 0.51171875 0.578125 0.509765625