0 0.8984375 0.93359375 0.88671875 0.880859375 0.640625 0.93359375 0.650390625 0.986328125 0.671875 0.982421875
0 0.953125 0.923828125 1 0.912109375 1 0.8515625 0.94140625 0.865234375
0 0.916015625 0.68359375 0.9296875 0.75390625 1 0.73828125 1 0.6640625
0 0.796875 0.708984375 0.595703125 0.75 0.609375 0.810546875 0.810546875 0.767578125
0 0.34375 0.970703125 0.203125 1 0.349609375 1
0 0.525390625 0.953125 0.529296875 0.96484375 0.51171875 0.96875 0.517578125 1 0.58203125 1 0.5703125 0.943359375
0 0 0.763671875 0 0.81640625 0.1171875 0.833984375 0.125 0.78125
0 0.216796875 0.767578125 0.2109375 0.833984375 0.357421875 0.849609375 0.365234375 0.783203125
0 0.578125 0.166015625 0.873046875 0.1328125 0.865234375 0.052734375 0.568359375 0.0859375
0 0.96875 0.013671875 0.97265625 0.052734375 0.94140625 0.056640625 0.947265625 0.107421875 1 0.099609375 1 0.009765625
0 0.419921875 0.810546875 0.404296875 0.89453125 0.412109375 0.94140625 0.537109375 0.919921875 0.560546875 0.916015625 0.541015625 0.80859375 0.517578125 0.8125 0.513671875 0.794921875
0 0.17578125 0.189453125 0.48046875 0.158203125 0.47265625 0.09375 0.16796875 0.125
0 0.12890625 0.158203125 0.123046875 0.083984375 0 0.095703125 0 0.169921875 0.12890625 0.158203125
0 0.48828125 1 0.48828125 0.95703125 0.404296875 0.958984375 0.40625 1 0.48828125 1
0 0.48046875 0.220703125 0.47265625 0.16015625 0.4140625 0.166015625 0.421875 0.228515625 0.48046875 0.220703125