0 0.546875 0.384765625 0.521484375 0.416015625 0.5234375 0.41796875 0.51953125 0.421875 0.548828125 0.4453125 0.578125 0.41015625
0 0.51953125 0.421875 0.494140625 0.453125 0.5234375 0.478515625 0.548828125 0.4453125 0.5390625 0.4375
0 0.64453125 0.501953125 0.66796875 0.482421875 0.62890625 0.435546875 0.603515625 0.455078125
0 0.62890625 0.435546875 0.62109375 0.427734375 0.609375 0.435546875 0.6171875 0.4453125
0 0.84765625 0.580078125 0.880859375 0.556640625 0.8671875 0.53515625 0.83203125 0.55859375
0 0.8671875 0.53515625 0.859375 0.525390625 0.84375 0.53515625 0.849609375 0.546875
0 0.900390625 0.5390625 0.921875 0.52734375 0.91796875 0.51953125 0.89453125 0.53125
0 0.892578125 0.578125 0.931640625 0.548828125 0.921875 0.533203125 0.8828125 0.564453125
0 0.82421875 0.681640625 0.83984375 0.669921875 0.80859375 0.62890625 0.79296875 0.640625 0.806640625 0.66015625
0 0.78515625 0.6484375 0.798828125 0.666015625 0.806640625 0.66015625 0.79296875 0.640625
0 0.845703125 0.73828125 0.857421875 0.728515625 0.8359375 0.701171875 0.82421875 0.712890625
0 0.869140625 0.787109375 0.921875 0.751953125 0.91015625 0.736328125 0.857421875 0.771484375
0 0.775390625 0.619140625 0.798828125 0.59765625 0.78125 0.580078125 0.759765625 0.6015625
0 0.44921875 0.291015625 0.525390625 0.240234375 0.515625 0.224609375 0.439453125 0.275390625
0 0.5625 0.314453125 0.583984375 0.294921875 0.56640625 0.2734375 0.544921875 0.29296875
0 0.220703125 0.111328125 0.197265625 0.09375 0.1484375 0.16015625 0.171875 0.177734375 0.20703125 0.12890625
0 0.19921875 0.16796875 0.220703125 0.13671875 0.20703125 0.12890625 0.185546875 0.158203125
0 0.998046875 0.73046875 1 0.728515625 1 0.71484375 0.9921875 0.720703125
0 0.94921875 0.6328125 0.953125 0.626953125 0.943359375 0.619140625 0.939453125 0.625
0 0.37109375 0.5234375 0.40625 0.4765625 0.392578125 0.46484375 0.357421875 0.51171875
0 0.33984375 0.51171875 0.349609375 0.5 0.279296875 0.44921875 0.271484375 0.4609375
0 0.84375 0.755859375 0.8203125 0.7265625 0.783203125 0.755859375 0.806640625 0.78515625 0.84375 0.755859375
0 0.615234375 0.220703125 0.595703125 0.1796875 0.55078125 0.19921875 0.5703125 0.240234375 0.615234375 0.220703125
0 0.74609375 0.576171875 0.765625 0.55078125 0.728515625 0.521484375 0.708984375 0.546875 0.74609375 0.576171875