0 0.78515625 0.994140625 0.78125 0.904296875 0.5625 0.912109375 0.564453125 1 0.634765625 1
0 0.9296875 0.890625 0.78125 0.896484375 0.78515625 0.994140625 0.93359375 0.98828125 0.93359375 0.966796875
0 0.9296875 0.890625 0.93359375 0.966796875 1 0.962890625 1 0.88671875
0 0.96484375 0.388671875 0.966796875 0.451171875 1 0.44921875 1 0.38671875
0 0.99609375 0.47265625 0.798828125 0.478515625 0.802734375 0.6015625 1 0.595703125
0 1 0.685546875 1 0.62109375 0.95703125 0.623046875 0.9609375 0.6875
0 0.95703125 0.623046875 0.884765625 0.625 0.88671875 0.703125 0.9609375 0.69921875 0.9609375 0.6875
0 0.783203125 0.69140625 0.88671875 0.6875 0.884765625 0.625 0.779296875 0.62890625
0 0.08984375 0.419921875 0.01171875 0.42578125 0.029296875 0.650390625 0.107421875 0.64453125
0 0.1171875 0.787109375 0.107421875 0.64453125 0.0390625 0.6484375 0.05078125 0.79296875
0 0.044921875 0.720703125 0 0.72265625 0 0.796875 0.05078125 0.79296875
0 0.447265625 1 0.515625 1 0.515625 0.96875 0.447265625 0.97265625
0 0.51953125 0.96875 0.517578125 0.908203125 0.33984375 0.91796875 0.34375 0.978515625 0.376953125 0.9765625
0 0.376953125 0.9765625 0.314453125 0.978515625 0.314453125 1 0.376953125 1
0 0.24609375 0.1171875 0.45703125 0.09765625 0.451171875 0.04296875 0.2421875 0.0625
0 0.25390625 0.271484375 0.45703125 0.24609375 0.451171875 0.193359375 0.24609375 0.21875
0 0.50390625 0.271484375 0.716796875 0.26171875 0.71484375 0.205078125 0.5 0.21484375
0 0.4921875 0.119140625 0.7109375 0.103515625 0.70703125 0.03515625 0.486328125 0.048828125
0 0.521484375 0.03125 0.66015625 0.021484375 0.658203125 0 0.517578125 0
0 0.751953125 0.166015625 1 0.1484375 1 0.091796875 0.748046875 0.107421875
0 0.763671875 0.3046875 0.765625 0.359375 1 0.349609375 1 0.294921875
0 0.53515625 0.75390625 0.74609375 0.732421875 0.740234375 0.6875 0.53125 0.70703125
0 0.296875 0.626953125 0.298828125 0.7265625 0.486328125 0.724609375 0.486328125 0.6640625 0.36328125 0.666015625 0.36328125 0.626953125
0 0.5234375 0.5859375 0.734375 0.572265625 0.73046875 0.533203125 0.521484375 0.546875
0 0.291015625 0.5546875 0.486328125 0.541015625 0.482421875 0.486328125 0.287109375 0.5
0 0.521484375 0.443359375 0.740234375 0.423828125 0.736328125 0.375 0.517578125 0.39453125
0 0.310546875 0.44921875 0.4609375 0.43359375 0.451171875 0.330078125 0.30078125 0.345703125
0 0.09765625 0.07421875 0.09765625 0.0078125 0 0.0078125 0 0.076171875 0.09765625 0.07421875
0 0.109375 0.205078125 0.107421875 0.142578125 0 0.1484375 0 0.208984375 0.109375 0.205078125
0 0.115234375 0.341796875 0.11328125 0.28125 0 0.28515625 0.001953125 0.345703125 0.115234375 0.341796875
0 0.712890625 0.3515625 0.708984375 0.3046875 0.5 0.3203125 0.50390625 0.365234375 0.712890625 0.3515625
0 0.703125 0.201171875 0.69921875 0.138671875 0.5078125 0.146484375 0.51171875 0.2109375 0.703125 0.201171875
0 0.462890625 0.021484375 0.462890625 0 0.240234375 0 0.240234375 0.021484375 0.462890625 0.021484375
0 0.1328125 1 0.1328125 0.916015625 0 0.91796875 0 1 0.1328125 1
0 0.10546875 0.26171875 0.1015625 0.19921875 0 0.205078125 0.001953125 0.26953125 0.10546875 0.26171875
0 0.962890625 0.01953125 0.962890625 0 0.705078125 0 0.705078125 0.01953125 0.962890625 0.01953125