0 0.7790912828947368 0.998046875 0.6978824013157894 0.958470394736842 0.9312294407894737 0.7662417763157894 0.9805715460526314 0.8289473684210525
0 0.255859375 0.328125 0.27734375 0.2734375 0.466796875 0.306640625 0.44921875 0.361328125
0 0.0078125 0.30859375 0.224609375 0.181640625 0.259765625 0.2265625 0.044921875 0.353515625
0 0 0.690686677631579 0.2109375 0.573499177631579 0.2695312499999996 0.647717927631579 0.056640625 0.764905427631579
0 0.701171875 0.52734375 0.84375 0.41015625 0.88671875 0.455078125 0.7421875 0.572265625
0 0.80078125 0.640625 0.953125 0.466796875 1 0.505859375 0.845703125 0.6796875
0 0.099609375 0.458984375 0.119140625 0.408203125 0.33203125 0.44921875 0.3125 0.5
0 0.126953125 0.8290501644736842 0.267578125 0.7040501644736842 0.35546875 0.8056126644736842 0.21484375 0.9306126644736842
0 0.71484375 0.75390625 0.814453125 0.677734375 0.837890625 0.69921875 0.73828125 0.775390625
0 0.45703125 0.873046875 0.533203125 0.802734375 0.560546875 0.833984375 0.482421875 0.904296875
0 0.357421875 0.728515625 0.623046875 0.4921875 0.681640625 0.5625 0.416015625 0.798828125
0 0.896484375 0.177734375 0.974609375 0.107421875 1 0.162109375 0.923828125 0.228515625
0 0.861328125 0.34765625 0.966796875 0.267578125 1 0.314453125 0.896484375 0.39453125
0 0.532689144736842 0.1411389802631579 0.542454769736842 0.0981702302631579 0.610814144736842 0.1137952302631579 0.601048519736842 0.15676398026315785
0 0.421875 0.513671875 0.546875 0.423828125 0.578125 0.470703125 0.451171875 0.55859375
0 0.603515625 0 0.73046875 0 0.7235814144736842 0.024054276315789505 0.603515625 0.068359375
0 0.513671875 0.306640625 0.68359375 0.1953125 0.712890625 0.240234375 0.546875 0.3515625
0 0.38671875 0.451171875 0.5078125 0.3671875 0.53515625 0.408203125 0.4140625 0.4921875
0 0.701171875 0.1796875 0.810546875 0.107421875 0.841796875 0.15234375 0.732421875 0.22265625
0 0.759765625 0.2734375 0.87109375 0.201171875 0.90625 0.244140625 0.791015625 0.318359375
0 0.6388774671052632 0.48026315789473684 0.7072368421052632 0.41971628289473684 0.7599712171052632 0.47831003289473684 0.6916118421052632 0.5388569078947368
0 0.5703125 0.40625 0.736328125 0.29296875 0.76953125 0.3359375 0.6015625 0.451171875
0 0.294921875 0.658203125 0.419921875 0.564453125 0.4375 0.591796875 0.310546875 0.685546875
0 0.83984375 0.083984375 0.95703125 0.01171875 0.986328125 0.052734375 0.87109375 0.126953125
0 0.560546875 0.892578125 0.60546875 0.857421875 0.634765625 0.888671875 0.58984375 0.923828125
0 0.318359375 0.548828125 0.37109375 0.50390625 0.40625 0.55078125 0.35546875 0.59375
0 0.05026726973684213 0.5370065789473684 0.06157483552631583 0.5894325657894737 0 0.62397454669448 0 0.5575657894736842
0 0.10474917763157897 0.1021792763157895 0.10680509868421055 0.1391858552631579 0.030736019736842146 0.16694078947368424 0 0.1569967830882353 0.00400904605263161 0.09703947368421056
0 0.27950246710526316 0 0.2764185855263158 0.01788651315789477 0.09549753289473688 0.0538651315789474 0.027652138157894773 0.03536184210526319 0.012232730263157937 0.0004111842105263509 0.17465049342105268 0
0 0.26305509868421056 0.1021792763157895 0.5200452302631579 0.08881578947368424 0.5159333881578947 0.14946546052631582 0.280530427631579 0.16488486842105265
0 0.8798314144736842 0.9605263157894736 0.8955131900468062 0.998046875 0.998046875 0.998046875 0.998046875 0.9276450163398693
0 0.044921875 0.91796875 0.04296875 0.8515625 0 0.853515625 0 0.91796875 0.044921875 0.91796875
0 0.517578125 0.77734375 0.48828125 0.7421875 0.458984375 0.767578125 0.490234375 0.802734375 0.517578125 0.77734375
0 0.708984375 0.78125 0.681640625 0.748046875 0.603515625 0.806640625 0.62890625 0.841796875 0.708984375 0.78125