0 0.009765625 0.232421875 0.173828125 0.228515625 0.185546875 0.287109375 0.021484375 0.291015625
0 0.697265625 0.62890625 0.939453125 0.564453125 0.953125 0.623046875 0.712890625 0.6875
0 0.6015625 0.28125 0.833984375 0.197265625 0.8515625 0.2421875 0.619140625 0.326171875
0 0.027177847490347462 0.8333132239382239 0 0.7548865830115831 0.13652268339768336 0.7051158301158302 0.17271959459459457 0.7760014478764479
0 0.005859375 0.67578125 0.08203125 0.642578125 0.1171875 0.712890625 0.037109375 0.744140625
0 0.060546875 0.87109375 0.255859375 0.79296875 0.294921875 0.857421875 0.09765625 0.935546875
0 0.796875 0.853515625 0.98046875 0.798828125 0.998046875 0.84375 0.814453125 0.900390625
0 0.396484375 0.845703125 0.548828125 0.716796875 0.59765625 0.775390625 0.4453125 0.904296875
0 0.5 0.931640625 0.630859375 0.796875 0.681640625 0.845703125 0.552734375 0.982421875
0 0.13661595394736845 0.9790296052631579 0.375 0.8556743421052632 0.387438322368421 0.8844572368421052 0.1623149671052632 0.9965049342105262
0 0.271484375 0.208984375 0.34765625 0.173828125 0.380859375 0.236328125 0.3046875 0.271484375
0 0.70703125 0.974609375 0.70703125 0.890625 0.818359375 0.890625 0.818359375 0.974609375
0 0.642578125 0.3984375 0.884765625 0.33984375 0.8984375 0.39453125 0.65625 0.455078125
0 0.412109375 0.09375 0.576171875 0.037109375 0.595703125 0.0859375 0.4296875 0.140625
0 0.7421875 0.73828125 0.962890625 0.685546875 0.9765625 0.740234375 0.755859375 0.79296875
0 0.67578125 0.513671875 0.916015625 0.451171875 0.9296875 0.5078125 0.689453125 0.568359375
0 0.494140625 0.583984375 0.646484375 0.546875 0.666015625 0.591796875 0.515625 0.62890625
0 0.373046875 0.46875 0.6328125 0.435546875 0.640625 0.49609375 0.380859375 0.53125
0 0.6171875 0.677734375 0.650390625 0.63671875 0.693359375 0.6640625 0.658203125 0.705078125
0 0.380859375 0.3671875 0.580078125 0.3046875 0.59765625 0.34765625 0.396484375 0.412109375
0 0.224609375 0.33984375 0.296875 0.310546875 0.328125 0.36328125 0.255859375 0.39453125
0 0.6328125 0.142578125 0.791015625 0.083984375 0.806640625 0.130859375 0.6484375 0.1875
0 0.2890625 0.05078125 0.373046875 0.01953125 0.40625 0.08203125 0.322265625 0.11328125
0 0.400390625 0.228515625 0.591796875 0.16015625 0.607421875 0.203125 0.416015625 0.26953125
0 0.056640625 0.48828125 0.0625 0.447265625 0 0.439453125 0 0.48046875
0 0.052734375 0.423828125 0.052734375 0.380859375 0 0.37890625 0 0.423828125
0 0.232421875 0.078125 0.232421875 0 0.001953125 0.001953125 0.00390625 0.080078125
0 0.998046875 0.998046875 0.998046875 0.970703125 0.91015625 0.970703125 0.91015625 1
0 0.509765625 0.99609375 0.50390625 0.958984375 0.43359375 0.96875 0.439453125 1
0 0.171875 0.671875 0.1484375 0.615234375 0.087890625 0.640625 0.111328125 0.697265625