0 0.427734375 0.76953125 0.400390625 0.78125 0.423828125 0.837890625 0.3671875 0.859375 0.41015625 0.966796875 0.494140625 0.93359375
0 0.265625 0.962890625 0.15625 1 0.1953125 1 0.271484375 0.974609375
0 0.3203125 0.958984375 0.271484375 0.974609375 0.27734375 1 0.302734375 1 0.33203125 0.990234375
0 0.271484375 0.974609375 0.1953125 1 0.27734375 1
0 0.087890625 0.990234375 0.107421875 1 0.13671875 1 0.197265625 0.86328125 0.150390625 0.84375
0 0.79296875 0.310546875 0.779296875 0.2734375 0.568359375 0.34765625 0.58203125 0.384765625 0.60546875 0.376953125
0 0.6171875 0.41015625 0.515625 0.4453125 0.607421875 0.705078125 0.708984375 0.669921875
0 0.60546875 0.376953125 0.50390625 0.4140625 0.515625 0.4453125 0.6171875 0.41015625 0.609375 0.388671875
0 0.3203125 0.498046875 0 0.607421875 0 0.654296875 0.228515625 0.576171875 0.32421875 0.8125 0.427734375 0.76953125
0 0.515625 0.4453125 0.330078125 0.509765625 0.390625 0.6484375 0.5078125 0.60546875 0.59765625 0.861328125 0.513671875 0.890625 0.525390625 0.919921875 0.666015625 0.87109375 0.607421875 0.705078125
0 0.947265625 0.73046875 0.87109375 0.7578125 0.8828125 0.7890625 0.95703125 0.76171875
0 0.9765625 0.70703125 0.8359375 0.30859375 0.609375 0.388671875 0.75 0.787109375 0.8671875 0.74609375
0 0.380859375 0.021484375 0.373046875 0 0 0 0 0.146484375 0.37890625 0.021484375
0 0.453125 0.244140625 0.37890625 0.021484375 0 0.146484375 0 0.392578125
0 0.66015625 0.03515625 0.75 0.00390625 0.748046875 0 0.646484375 0
0 0.6796875 0.07421875 0.73828125 0.052734375 0.73046875 0.029296875 0.669921875 0.05078125
0 0.66796875 0.25390625 0.634765625 0.158203125 0.599609375 0.169921875 0.6328125 0.265625 0.66796875 0.25390625
0 0.3125 0.884765625 0.3125 0.853515625 0.224609375 0.853515625 0.224609375 0.884765625 0.3125 0.884765625
0 0.7578125 0.08984375 0.748046875 0.05859375 0.677734375 0.080078125 0.6875 0.11328125 0.7578125 0.08984375
0 0.22265625 0.748046875 0.21484375 0.720703125 0.150390625 0.7421875 0.158203125 0.76953125 0.22265625 0.748046875
0 0.978515625 0.810546875 0.962890625 0.767578125 0.876953125 0.798828125 0.89453125 0.841796875 0.978515625 0.810546875