0 0.1328125 1 0.1953125 1 0.212890625 0.96875 0.201171875 0.962890625 0.20703125 0.951171875 0.1875 0.94140625 0.181640625 0.953125 0.154296875 0.939453125 0.162109375 0.927734375 0.146484375 0.919921875 0.138671875 0.931640625 0.103515625 0.9140625 0.111328125 0.900390625 0.09765625 0.89453125 0.091796875 0.90625 0.05859375 0.890625 0.06640625 0.87890625 0.05078125 0.869140625 0.044921875 0.8828125 0.015625 0.8671875 0.021484375 0.85546875 0.001953125 0.845703125 0 0.849609375 0 0.9296875
0 0.19921875 0.869140625 0.3359375 0.9765625 0.369140625 0.93359375 0.322265625 0.896484375 0.337890625 0.875 0.298828125 0.84375 0.283203125 0.865234375 0.232421875 0.826171875
0 0.376953125 0.890625 0.40234375 0.85546875 0.111328125 0.642578125 0.0859375 0.677734375 0.21875 0.775390625
0 0 0.6171875 0 0.755859375 0.15234375 0.8671875 0.21875 0.775390625
0 0.869140625 0.072265625 0.869140625 0.150390625 1 0.150390625 1 0.072265625
0 0.86328125 0.29296875 1 0.341796875 1 0.259765625 0.890625 0.220703125
0 0.787109375 0.060546875 0.78515625 0.08984375 0.73046875 0.08984375 0.728515625 0.12890625 0.814453125 0.130859375 0.81640625 0.0625
0 0.478515625 0.021484375 0.60546875 0.01953125 0.603515625 0 0.478515625 0
0 0.46484375 0.134765625 0.455078125 0.169921875 0.646484375 0.224609375 0.65625 0.189453125
0 0.646484375 0.224609375 0.81640625 0.2734375 0.830078125 0.224609375 0.728515625 0.193359375 0.724609375 0.208984375 0.65625 0.189453125
0 0.73046875 0.060546875 0.455078125 0.0546875 0.453125 0.123046875 0.728515625 0.12890625 0.73046875 0.08984375
0 0.220703125 0.048828125 0.220703125 0.072265625 0.29296875 0.103515625 0.453125 0.10546875 0.455078125 0.0546875
0 0.337890625 0.103515625 0.33203125 0.119140625 0.455078125 0.169921875 0.462890625 0.138671875 0.396484375 0.111328125 0.390625 0.123046875 0.34765625 0.103515625
0 0.94140625 0.921875 0.978515625 0.8515625 0.947265625 0.833984375 0.908203125 0.90234375 0.94140625 0.921875
0 0.33203125 0.7578125 0.359375 0.71875 0.314453125 0.6875 0.287109375 0.7265625 0.33203125 0.7578125
0 0.822265625 1 0.8515625 0.94921875 0.794921875 0.919921875 0.767578125 0.96875 0.822265625 1
0 0.5078125 0.826171875 0.529296875 0.783203125 0.412109375 0.724609375 0.390625 0.767578125 0.5078125 0.826171875
0 0.8984375 1 0.919921875 0.955078125 0.88671875 0.94140625 0.865234375 0.994140625 0.8984375 1
0 0.26953125 0.697265625 0.298828125 0.66015625 0.23046875 0.607421875 0.201171875 0.642578125 0.26953125 0.697265625
0 0.8046875 0.041015625 0.806640625 0 0.701171875 0 0.701171875 0.0390625 0.8046875 0.041015625
0 0.787109375 1 0.787109375 0.962890625 0.716796875 0.962890625 0.716796875 1 0.787109375 1
0 0.697265625 0.896484375 0.73046875 0.841796875 0.662109375 0.80078125 0.62890625 0.853515625 0.697265625 0.896484375
0 0.69140625 0.96484375 0.716796875 0.931640625 0.677734375 0.90234375 0.65234375 0.935546875 0.69140625 0.96484375
0 0.552734375 0.857421875 0.576171875 0.8203125 0.525390625 0.787109375 0.501953125 0.82421875 0.552734375 0.857421875
0 0.197265625 0.65234375 0.22265625 0.61328125 0.15625 0.5703125 0.130859375 0.609375 0.197265625 0.65234375
0 0.611328125 0.912109375 0.642578125 0.865234375 0.59765625 0.8359375 0.564453125 0.8828125 0.611328125 0.912109375
0 0.025390625 0.8359375 0.04296875 0.794921875 0.00390625 0.78125 0 0.8203125 0.025390625 0.8359375