0 0.07421875 0.15625 0.07421875 0.166015625 0.0390625 0.16796875 0.0390625 0.158203125 0.005859375 0.16015625 0.005859375 0.169921875 0 0.169921875 0 0.220703125 0.14453125 0.212890625 0.140625 0.162109375 0.103515625 0.1640625 0.103515625 0.154296875
0 0.091796875 0.46484375 0.09375 0.47265625 0.0546875 0.474609375 0.0546875 0.466796875 0.0234375 0.46875 0.0234375 0.4765625 0 0.4765625 0 0.53125 0.15234375 0.525390625 0.1484375 0.470703125 0.119140625 0.47265625 0.1171875 0.462890625
0 0.068359375 0.28515625 0.076171875 0.41796875 0.138671875 0.416015625 0.130859375 0.28125
0 0.12890625 0.748046875 0.130859375 0.775390625 0.099609375 0.77734375 0.099609375 0.75 0.072265625 0.751953125 0.072265625 0.77734375 0.05078125 0.779296875 0.048828125 0.75390625 0.021484375 0.755859375 0.0234375 0.78125 0.001953125 0.783203125 0.00390625 0.828125 0.177734375 0.818359375 0.17578125 0.771484375 0.15625 0.7734375 0.154296875 0.748046875
0 0.849609375 0.197265625 1 0.189453125 1 0.130859375 0.84765625 0.138671875
0 0.453125 0.201171875 0.791015625 0.189453125 0.7890625 0.12890625 0.451171875 0.142578125
0 0.873046875 0.5078125 1 0.501953125 1 0.439453125 0.87109375 0.4453125
0 0.48046875 0.521484375 0.8203125 0.5078125 0.818359375 0.443359375 0.4765625 0.455078125
0 0.873046875 0.33984375 1 0.333984375 1 0.2734375 0.87109375 0.279296875
0 0.46484375 0.365234375 0.8046875 0.353515625 0.802734375 0.2890625 0.462890625 0.30078125
0 0.810546875 0.0234375 0.80859375 0 0.458984375 0 0.4609375 0.037109375
0 0.48828125 0.755859375 0.818359375 0.7421875 0.81640625 0.681640625 0.486328125 0.693359375
0 0.857421875 0.73828125 1 0.732421875 1 0.671875 0.85546875 0.677734375
0 0.8125 0.85546875 0.486328125 0.869140625 0.48828125 0.9296875 0.814453125 0.91796875
0 0.84375 1 1 1 1 0.966796875 0.84375 0.974609375