0 0.01171875 0.96875 0.2265625 0.955078125 0.22265625 0.90234375 0.0078125 0.916015625
0 0.267578125 0.974609375 0.482421875 0.9609375 0.478515625 0.90625 0.265625 0.919921875
0 0.708984375 0.88671875 0.513671875 0.900390625 0.517578125 0.95703125 0.712890625 0.943359375
0 0.77734375 0.931640625 1 0.916015625 1 0.861328125 0.7734375 0.876953125
0 0.130859375 0.044921875 0.486328125 0.021484375 0.484375 0 0.126953125 0
0 0.513671875 0.11328125 0.140625 0.13671875 0.14453125 0.19140625 0.517578125 0.16796875
0 0.541015625 0 0.484375 0 0.486328125 0.015625 0.54296875 0.01171875
0 0.548828125 0.111328125 0.513671875 0.11328125 0.515625 0.15625 0.552734375 0.154296875
0 0.048828125 0.15625 0.044921875 0.107421875 0 0.109375 0 0.158203125
0 0.068359375 0.298828125 0.064453125 0.24609375 0 0.25 0 0.302734375
0 0.0546875 0.41015625 0 0.412109375 0 0.447265625 0.005859375 0.546875 0.0625 0.54296875
0 0.06640625 0.599609375 0.0625 0.54296875 0 0.544921875 0 0.603515625
0 0.15625 0.365234375 0.560546875 0.33984375 0.556640625 0.28125 0.154296875 0.30859375
0 0.15234375 0.466796875 0.169921875 0.748046875 0.4609375 0.73046875 0.45703125 0.67578125 0.2265625 0.689453125 0.212890625 0.462890625
0 0.703125 0.71875 0.693359375 0.5625 0.640625 0.56640625 0.646484375 0.671875 0.55078125 0.677734375 0.5546875 0.728515625 0.650390625 0.72265625
0 0.61328125 0.42578125 0.615234375 0.47265625 0.525390625 0.478515625 0.5234375 0.46484375 0.45703125 0.46875 0.45703125 0.484375 0.36328125 0.490234375 0.359375 0.44140625 0.291015625 0.4453125 0.296875 0.564453125 0.689453125 0.541015625 0.681640625 0.419921875
0 0.869140625 0.591796875 0.939453125 0.587890625 0.921875 0.33984375 0.853515625 0.34375
0 0.720703125 0.427734375 0.78125 0.423828125 0.779296875 0.376953125 0.716796875 0.380859375
0 0.59765625 0.138671875 0.8984375 0.119140625 0.890625 0 0.841796875 0 0.845703125 0.060546875 0.65625 0.072265625 0.650390625 0 0.587890625 0
0 0.93359375 0.130859375 1 0.125 1 0.0625 0.9296875 0.068359375
0 0.947265625 0.275390625 1 0.271484375 1 0.21484375 0.943359375 0.21875
0 0.6015625 0.2890625 0.90234375 0.26953125 0.900390625 0.220703125 0.59765625 0.240234375
0 0.05078125 0.05078125 0.05078125 0 0 0 0 0.05078125 0.05078125 0.05078125
0 0.703125 0.384765625 0.701171875 0.326171875 0.599609375 0.330078125 0.6015625 0.388671875 0.703125 0.384765625
0 0.49609375 0.087890625 0.494140625 0.041015625 0.3203125 0.046875 0.322265625 0.09375 0.49609375 0.087890625
0 0.45703125 0.666015625 0.453125 0.595703125 0.396484375 0.59765625 0.400390625 0.669921875 0.45703125 0.666015625