0 0.025390625 0 0 0 0 0.0703125 0.0078125 0.072265625 0.0078125 0.060546875 0.056640625 0.064453125 0.0546875 0.076171875 0.099609375 0.078125 0.099609375 0.068359375 0.130859375 0.0703125 0.134765625 0.0078125
0 0 0.138671875 0 0.2109375 0.12109375 0.220703125 0.126953125 0.1484375
0 0.009765625 0.6640625 0 0.669921875 0 0.74609375 0.044921875 0.71875
0 0 0.916015625 0 0.97265625 0.115234375 1 0.16796875 1 0.1796875 0.958984375
0 1 0.265625 1 0.185546875 0.853515625 0.19140625 0.85546875 0.271484375 0.966796875 0.267578125
0 0.626953125 0.693359375 0.650390625 0.697265625 0.66015625 0.640625 0.634765625 0.63671875
0 0.58203125 0.58203125 0.57421875 0.626953125 0.6640625 0.640625 0.669921875 0.595703125
0 0.484375 0.693359375 0.59765625 0.708984375 0.599609375 0.693359375 0.486328125 0.6796875
0 0.5859375 0.771484375 0.591796875 0.73828125 0.41015625 0.703125 0.3984375 0.76171875 0.607421875 0.802734375 0.611328125 0.775390625
0 0.4140625 0.900390625 0.486328125 0.912109375 0.498046875 0.845703125 0.42578125 0.83203125
0 0.5859375 0.880859375 0.58984375 0.857421875 0.5234375 0.845703125 0.51171875 0.900390625 0.595703125 0.916015625 0.6015625 0.8828125
0 0.873046875 0.7265625 0.873046875 0.697265625 0.703125 0.6953125 0.703125 0.724609375
0 0.703125 0.724609375 0.701171875 0.78515625 0.87109375 0.787109375 0.873046875 0.7265625
0 0.873046875 0.68359375 0.869140625 0.94921875 0.935546875 0.951171875 0.939453125 0.685546875
0 0.697265625 0.8671875 0.69140625 0.8984375 0.671875 0.89453125 0.662109375 0.95703125 0.712890625 0.966796875 0.73046875 0.873046875
0 0.1953125 0.818359375 0.02734375 0.78125 0.017578125 0.83203125 0.18359375 0.869140625 0.19140625 0.828125
0 0.181640625 0.87109375 0.376953125 0.916015625 0.38671875 0.87109375 0.19140625 0.828125 0.18359375 0.869140625
0 0.154296875 0.3984375 0.111328125 0.3359375 0 0.408203125 0 0.431640625 0.029296875 0.48046875
0 0.501953125 0.1796875 0.490234375 0.07421875 0.46875 0.076171875 0.466796875 0.056640625 0.3671875 0 0.28125 0 0.44140625 0.09375 0.451171875 0.15234375 0.470703125 0.181640625
0 0.451171875 0.15234375 0.1953125 0.322265625 0.220703125 0.359375 0.4765625 0.189453125 0.470703125 0.181640625
0 0.220703125 0.216796875 0.23828125 0.037109375 0.197265625 0.033203125 0.177734375 0.212890625
0 0.26953125 0.166015625 0.3203125 0.173828125 0.33203125 0.0859375 0.279296875 0.080078125
0 0.517578125 0.53125 0.181640625 0.759765625 0.2109375 0.80078125 0.546875 0.57421875
0 0.1875 0.580078125 0.107421875 0.634765625 0.1171875 0.646484375 0.080078125 0.671875 0.10546875 0.708984375 0.138671875 0.685546875 0.146484375 0.697265625 0.2265625 0.640625
0 0.45703125 0.41015625 0.205078125 0.580078125 0.232421875 0.6171875 0.482421875 0.447265625
0 0.60546875 0.28125 0.458984375 0.376953125 0.513671875 0.462890625 0.576171875 0.421875 0.580078125 0.39453125 0.568359375 0.37890625 0.54296875 0.396484375 0.533203125 0.3828125 0.630859375 0.318359375 0.611328125 0.2890625
0 0.638671875 0.32421875 0.685546875 0.294921875 0.68359375 0.287109375 0.75 0.28515625 0.75 0.271484375 0.826171875 0.271484375 0.82421875 0.2265625 0.7421875 0.2265625 0.7421875 0.240234375 0.673828125 0.2421875 0.611328125 0.2890625 0.630859375 0.318359375
0 0.8515625 0.451171875 0.955078125 0.447265625 0.958984375 0.576171875 0.986328125 0.576171875 0.98828125 0.5859375 0.783203125 0.591796875 0.783203125 0.640625 1 0.634765625 1 0.392578125 0.849609375 0.3984375 0.849609375 0.431640625
0 0.61328125 0.39453125 0.6953125 0.525390625 0.837890625 0.43359375 0.849609375 0.431640625 0.849609375 0.3984375 0.84375 0.380859375 0.80859375 0.38671875 0.712890625 0.447265625 0.66015625 0.365234375
0 0.58203125 0.53125 0.6484375 0.53515625 0.6484375 0.505859375 0.583984375 0.50390625