0 0.931640625 0.732421875 0.568359375 0.611328125 0.537109375 0.70703125 0.900390625 0.828125
0 0.271484375 0.52734375 0.255859375 0.572265625 0.474609375 0.646484375 0.490234375 0.599609375 0.30078125 0.537109375
0 0.888671875 0.890625 0.51953125 0.767578125 0.494140625 0.84375 0.86328125 0.966796875
0 0.22265625 0.66796875 0.201171875 0.728515625 0.427734375 0.802734375 0.447265625 0.7421875 0.287109375 0.689453125
0 0.6953125 0.513671875 0.677734375 0.56640625 0.953125 0.658203125 0.970703125 0.60546875
0 0.595703125 0.490234375 0.353515625 0.41015625 0.3359375 0.46484375 0.578125 0.546875 0.595703125 0.494140625
0 0.623046875 0.48828125 0.611328125 0.5234375 0.68359375 0.548828125 0.6953125 0.513671875
0 0.294921875 0.451171875 0.22265625 0.66796875 0.287109375 0.689453125 0.318359375 0.59375 0.255859375 0.572265625 0.271484375 0.52734375 0.30078125 0.537109375 0.306640625 0.51171875 0.34375 0.517578125 0.359375 0.474609375 0.3359375 0.46484375
0 0.158203125 0.8046875 0.142578125 0.8515625 0.474609375 0.95703125 0.4609375 1 0.474609375 1 0.501953125 0.919921875
0 0.1328125 0.84765625 0.1171875 0.892578125 0.453125 1 0.4609375 1 0.474609375 0.95703125
0 0.76953125 0 0.697265625 0 0.681640625 0.048828125 0.748046875 0.0703125
0 0.224609375 0.609375 0.138671875 0.58203125 0.083984375 0.75390625 0.169921875 0.78125
0 0.2109375 0.296875 0.130859375 0.55078125 0.203125 0.57421875 0.28515625 0.3203125
0 0.611328125 0.16015625 0.619140625 0.130859375 0.484375 0.08984375 0.474609375 0.119140625
0 0.7109375 0.181640625 0.740234375 0.09765625 0.7109375 0.087890625 0.681640625 0.171875
0 1 1 1 0.955078125 0.87890625 0.953125 0.87890625 0.998046875 1 1
0 0.998046875 0.724609375 0.998046875 0.6484375 0.970703125 0.6484375 0.970703125 0.724609375 0.998046875 0.724609375
0 0.181640625 1 0.181640625 0.970703125 0.068359375 0.96875 0.068359375 0.998046875 0.181640625 1
0 0.291015625 0.044921875 0.294921875 0.013671875 0.248046875 0.0078125 0.2421875 0.037109375 0.291015625 0.044921875