0 0.962890625 0.216796875 0.962890625 0.240234375 0.90625 0.2421875 0.908203125 0.28515625 0.96484375 0.283203125 0.966796875 0.296875 1 0.29296875 1 0.212890625
0 0.140625 0.69921875 0.146484375 0.712890625 0.12109375 0.72265625 0.115234375 0.708984375 0.0859375 0.72265625 0.091796875 0.736328125 0.078125 0.7421875 0.0703125 0.728515625 0 0.7578125 0 0.814453125 0.0078125 0.833984375 0.203125 0.751953125 0.173828125 0.68359375
0 0.10546875 0.888671875 0.03125 0.908203125 0.052734375 0.984375 0.125 0.96484375
0 0.197265625 0.91015625 0.212890625 0.90625 0.197265625 0.849609375 0.1015625 0.875 0.125 0.96484375 0.20703125 0.943359375
0 0.33984375 0.962890625 0.3359375 0.955078125 0.3046875 0.97265625 0.30859375 0.98046875 0.2890625 0.990234375 0.29296875 1 0.400390625 1 0.373046875 0.9453125
0 0.580078125 1 0.64453125 1 0.677734375 0.978515625 0.638671875 0.916015625 0.560546875 0.966796875
0 0.396484375 0.9140625 0.42578125 0.95703125 0.416015625 0.96484375 0.435546875 0.9921875 0.513671875 0.935546875 0.49609375 0.91015625 0.478515625 0.921875 0.447265625 0.876953125
0 0.505859375 0.841796875 0.513671875 0.8515625 0.49609375 0.86328125 0.517578125 0.89453125 0.509765625 0.900390625 0.529296875 0.92578125 0.609375 0.869140625 0.58984375 0.841796875 0.578125 0.8515625 0.556640625 0.8203125 0.544921875 0.828125 0.5390625 0.818359375
0 0.314453125 0.88671875 0.333984375 0.876953125 0.296875 0.8125 0.236328125 0.845703125 0.244140625 0.861328125 0.228515625 0.87109375 0.240234375 0.890625 0.2265625 0.900390625 0.2421875 0.9296875 0.267578125 0.916015625 0.275390625 0.9296875 0.322265625 0.904296875
0 0.408203125 0.7734375 0.38671875 0.74609375 0.3671875 0.76171875 0.3671875 0.763671875 0.322265625 0.796875 0.31640625 0.7890625 0.30078125 0.80078125 0.326171875 0.8359375 0.349609375 0.818359375 0.359375 0.833984375 0.373046875 0.82421875 0.384765625 0.837890625 0.40234375 0.82421875 0.392578125 0.810546875 0.40234375 0.802734375 0.390625 0.787109375
0 0.427734375 0.798828125 0.447265625 0.783203125 0.462890625 0.802734375 0.501953125 0.7734375 0.494140625 0.763671875 0.509765625 0.751953125 0.47265625 0.705078125 0.462890625 0.712890625 0.447265625 0.69140625 0.3828125 0.740234375 0.408203125 0.7734375
0 0.419921875 0.62890625 0.388671875 0.568359375 0.30078125 0.615234375 0.3046875 0.623046875 0.203125 0.677734375 0.23046875 0.73046875 0.333984375 0.67578125
0 0.66796875 0.4375 0.66015625 0.42578125 0.6328125 0.44140625 0.638671875 0.453125 0.6171875 0.46484375 0.609375 0.455078125 0.5703125 0.4765625 0.576171875 0.48828125 0.5546875 0.5 0.548828125 0.490234375 0.509765625 0.51171875 0.515625 0.521484375 0.4921875 0.53515625 0.484375 0.525390625 0.453125 0.54296875 0.4609375 0.552734375 0.439453125 0.564453125 0.46875 0.619140625 0.71875 0.48046875 0.6875 0.42578125
0 0.833984375 0.55859375 0.794921875 0.5078125 0.640625 0.625 0.64453125 0.630859375 0.599609375 0.666015625 0.595703125 0.66015625 0.55859375 0.6875 0.599609375 0.73828125 0.716796875 0.6484375
0 0.875 0.626953125 0.837890625 0.654296875 0.84765625 0.6640625 0.818359375 0.685546875 0.810546875 0.67578125 0.6953125 0.763671875 0.703125 0.775390625 0.68359375 0.7890625 0.67578125 0.779296875 0.646484375 0.80078125 0.6875 0.853515625 0.9140625 0.6796875
0 1 0.798828125 1 0.775390625 0.970703125 0.73828125 0.724609375 0.91796875 0.765625 0.97265625 0.88671875 0.884765625
0 0.90234375 1 1 1 1 0.92578125