0 0.0078125 0.087890625 0 0.1015625 0 0.234375 0.025390625 0.248046875 0.044921875 0.2109375 0.0546875 0.216796875 0.0703125 0.189453125 0.080078125 0.1953125 0.107421875 0.140625
0 0.064453125 0.677734375 0.0234375 0.65234375 0 0.69140625 0 0.76171875 0.216796875 0.89453125 0.2734375 0.802734375 0.232421875 0.779296875 0.224609375 0.79296875 0.056640625 0.689453125
0 0.080078125 0.52734375 0.05078125 0.57421875 0.064453125 0.58203125 0.0625 0.5859375 0.115234375 0.6171875 0.119140625 0.611328125 0.126953125 0.615234375 0.154296875 0.5703125
0 0.291015625 0.712890625 0.322265625 0.662109375 0.158203125 0.564453125 0.126953125 0.615234375
0 0.38671875 0.5390625 0.41796875 0.486328125 0.263671875 0.396484375 0.232421875 0.44921875
0 0.103515625 0.47265625 0.17578125 0.515625 0.220703125 0.44140625 0.146484375 0.3984375
0 0.265625 0.396484375 0.177734375 0.345703125 0.146484375 0.3984375 0.232421875 0.44921875 0.263671875 0.396484375
0 0.203125 0.310546875 0.275390625 0.3515625 0.3203125 0.275390625 0.248046875 0.232421875
0 0.466796875 0.3671875 0.498046875 0.3125 0.34765625 0.2265625 0.318359375 0.279296875
0 0.27734375 0.18359375 0.248046875 0.232421875 0.3203125 0.275390625 0.34765625 0.2265625
0 0.337890625 0.0703125 0.294921875 0.142578125 0.361328125 0.185546875 0.40625 0.11328125
0 0.439453125 0.05859375 0.37109375 0.015625 0.337890625 0.0703125 0.40625 0.11328125 0.43359375 0.068359375
0 0.55859375 0.212890625 0.58984375 0.1640625 0.43359375 0.068359375 0.404296875 0.1171875
0 0.853515625 0.044921875 0.876953125 0 0.82421875 0 0.8125 0.0234375
0 0.87109375 0.0703125 1 0.142578125 1 0.076171875 0.8984375 0.01953125
0 0.416015625 0.6171875 0.69921875 0.787109375 0.732421875 0.734375 0.447265625 0.564453125
0 0.486328125 0.47265625 0.720703125 0.609375 0.75390625 0.548828125 0.51953125 0.4140625
0 0.35546875 0.75 0.650390625 0.923828125 0.681640625 0.869140625 0.38671875 0.6953125
0 0.697265625 0.935546875 0.8046875 1 0.853515625 1 0.873046875 0.970703125 0.7265625 0.8828125
0 0.75390625 0.791015625 0.888671875 0.87109375 0.919921875 0.818359375 0.78515625 0.73828125
0 0.80859375 0.625 0.986328125 0.736328125 1 0.71484375 1 0.658203125 0.845703125 0.564453125
0 0.955078125 0.576171875 1 0.6015625 1 0.501953125 0.998046875 0.505859375
0 0.916015625 0.30859375 0.849609375 0.419921875 0.998046875 0.505859375 1 0.501953125 1 0.357421875
0 0.615234375 0.24609375 0.794921875 0.3515625 0.83203125 0.287109375 0.65234375 0.181640625