0 0.130859375 0.048828125 0.134765625 0 0.0703125 0 0.06640625 0.041015625 0.12109375 0.046875
0 0.458984375 0.255859375 0.478515625 0.0703125 0.439453125 0.06640625 0.419921875 0.251953125 0.453125 0.255859375
0 0.3671875 0.24609375 0.359375 0.3203125 0.4453125 0.328125 0.453125 0.255859375 0.396484375 0.25
0 0.40625 0.169921875 0.396484375 0.25 0.419921875 0.251953125 0.427734375 0.171875
0 0.40625 0.125 0.4296875 0.064453125 0.40234375 0.052734375 0.37890625 0.11328125
0 0.865234375 0.13671875 0.86328125 0.4140625 0.900390625 0.4140625 0.900390625 0.42578125 1 0.42578125 1 0.13671875
0 0.53125 0.494140625 0.45703125 0.482421875 0.439453125 0.599609375 0.232421875 0.56640625 0.21875 0.6484375 0.4765625 0.689453125 0.478515625 0.671875 0.48828125 0.673828125 0.498046875 0.673828125 0.509765625 0.673828125 0.517578125 0.669921875 0.52734375 0.666015625 0.53515625 0.66015625 0.54296875 0.65234375 0.548828125 0.64453125 0.552734375 0.634765625 0.5546875 0.626953125 0.556640625 0.615234375 0.5546875 0.60546875 0.515625 0.595703125
0 0.091796875 0.51171875 0.107421875 0.41796875 0.0625 0.41015625 0.048828125 0.50390625
0 0.111328125 0.73046875 0.107421875 0.6328125 0 0.634765625 0 0.732421875
0 0.06640625 0.041015625 0.05078125 0.185546875 0.029296875 0.18359375 0.025390625 0.21875 0.1015625 0.2265625 0.12109375 0.046875
0 0.857421875 0.056640625 0.857421875 0.13671875 1 0.13671875 1 0.056640625
0 0.392578125 0.044921875 0.396484375 0 0.3203125 0 0.318359375 0.0390625 0.392578125 0.044921875
0 0.19921875 0.041015625 0.201171875 0 0.142578125 0 0.140625 0.037109375 0.19921875 0.041015625