0 0.09765625 0.875 0.1171875 0.8125 0 0.7734375 0 0.841796875
0 0.064453125 0.962890625 0 0.94140625 0 1 0.05078125 1
0 0.166015625 0.6484375 0 0.59375 0 0.66015625 0.146484375 0.708984375
0 0.1328125 0.900390625 0.4375 0.998046875 0.45703125 0.935546875 0.15234375 0.837890625
0 0.341796875 0.54296875 0.208984375 0.5 0.189453125 0.556640625 0.32421875 0.599609375
0 0.46875 0.7578125 0.203125 0.671875 0.181640625 0.73828125 0.447265625 0.822265625
0 0 0.42578125 0 0.494140625 0.130859375 0.537109375 0.150390625 0.474609375
0 0.515625 0.6171875 0.388671875 0.578125 0.369140625 0.638671875 0.49609375 0.6796875
0 0.974609375 0.779296875 0.953125 0.845703125 1 0.859375 1 0.787109375
0 0.96484375 0.880859375 0.947265625 0.93359375 1 0.94921875 1 0.890625
0 0.955078125 0.748046875 0.830078125 0.70703125 0.80859375 0.76953125 0.935546875 0.810546875
0 0.767578125 0.69140625 0.640625 0.650390625 0.619140625 0.716796875 0.74609375 0.7578125
0 0.544921875 0.962890625 0.53125 1 0.66015625 1
0 0.888671875 0.892578125 0.6015625 0.80078125 0.580078125 0.869140625 0.8671875 0.9609375
0 0.482421875 0.25390625 0.505859375 0.169921875 0.236328125 0.08203125 0.208984375 0.166015625
0 0.869140625 0.078125 0.822265625 0.0625 0.798828125 0.134765625 0.9453125 0.181640625 0.96875 0.109375 0.91796875 0.09375 0.9140625 0.103515625 0.8671875 0.087890625
0 0.658203125 0 0.607421875 0 0.58984375 0.052734375 0.736328125 0.1015625 0.759765625 0.029296875 0.70703125 0.01171875 0.705078125 0.0234375 0.65625 0.0078125
0 0.318359375 0.013671875 0.388671875 0.03515625 0.39453125 0.015625 0.435546875 0.029296875 0.4296875 0.048828125 0.494140625 0.0703125 0.513671875 0.0078125 0.490234375 0 0.322265625 0
0 0.552734375 0 0.490234375 0 0.513671875 0.0078125 0.484375 0.1015625 0.517578125 0.111328125 0.533203125 0.06640625
0 0.248046875 0.033203125 0.2578125 0 0.142578125 0
0 0.14453125 0 0.115234375 0 0.076171875 0.125 0.142578125 0.14453125 0.18359375 0.01171875
0 0.107421875 0.193359375 0.052734375 0.17578125 0.03125 0.244140625 0.166015625 0.2890625 0.1875 0.21875 0.130859375 0.201171875 0.125 0.22265625 0.099609375 0.21484375
0 0.4296875 0.3203125 0.232421875 0.2578125 0.208984375 0.326171875 0.40625 0.390625 0.41015625 0.376953125
0 0.435546875 0.384765625 0.455078125 0.32421875 0.181640625 0.23828125 0.1640625 0.296875 0.21484375 0.314453125 0.232421875 0.2578125 0.4296875 0.3203125 0.41015625 0.376953125
0 0.603515625 0.373046875 0.49609375 0.33984375 0.4765625 0.400390625 0.58203125 0.435546875
0 0.826171875 0.45703125 0.712890625 0.419921875 0.693359375 0.48046875 0.806640625 0.517578125
0 0.67578125 0.20703125 0.568359375 0.171875 0.548828125 0.232421875 0.65625 0.267578125
0 0.8671875 0.279296875 0.751953125 0.2421875 0.734375 0.30078125 0.84765625 0.337890625
0 0.9140625 0.328125 0.89453125 0.392578125 1 0.42578125 1 0.35546875
0 0.8671875 0.474609375 0.849609375 0.53125 1 0.578125 1 0.515625
0 0.150390625 0.474609375 0.130859375 0.537109375 0 0.494140625 0 0.509765625 0.345703125 0.62109375 0.369140625 0.544921875 0.2109375 0.494140625 0.208984375 0.5 0.341796875 0.54296875 0.32421875 0.599609375 0.189453125 0.556640625 0.19921875 0.529296875 0.208984375 0.494140625