0 0.302734375 0.197265625 0.44140625 0.23828125 0.458984375 0.18359375 0.3203125 0.142578125
0 0.466796875 0.154296875 0.328125 0.115234375 0.3203125 0.142578125 0.458984375 0.18359375
0 0.83984375 0.201171875 0.9453125 0.23828125 0.95703125 0.203125 0.8515625 0.16796875
0 0.8515625 0.16796875 0.716796875 0.12109375 0.69921875 0.169921875 0.833984375 0.21484375 0.83984375 0.201171875
0 0.82421875 0.255859375 0.919921875 0.29296875 0.9296875 0.267578125 0.833984375 0.232421875
0 0.798828125 0.322265625 0.890625 0.361328125 0.90234375 0.3359375 0.810546875 0.296875
0 0.919921875 0.341796875 1 0.37109375 1 0.2265625 0.966796875 0.21484375
0 0.6640625 1 0.806640625 1 0.865234375 0.84375 0.740234375 0.796875
0 0.76171875 0.681640625 0.8671875 0.708984375 0.87890625 0.666015625 0.7734375 0.638671875
0 0.919921875 0.642578125 0.892578125 0.716796875 0.916015625 0.724609375 0.943359375 0.65234375 0.921875 0.64453125
0 0.998046875 0.435546875 0.97265625 0.50390625 0.96484375 0.5 0.935546875 0.576171875 0.947265625 0.580078125 0.921875 0.64453125 0.958984375 0.658203125 1 0.548828125 1 0.435546875
0 0.740234375 0.111328125 0.779296875 0 0.435546875 0
0 0.919921875 0.146484375 0.998046875 0.17578125 1 0.169921875 1 0.115234375 0.939453125 0.09375
0 0.224609375 0.947265625 0.248046875 0.876953125 0.119140625 0.8359375 0.09765625 0.90625 0.224609375 0.947265625
0 0.712890625 0.326171875 0.73828125 0.22265625 0.525390625 0.16796875 0.5 0.2734375 0.712890625 0.326171875
0 0.361328125 0.990234375 0.375 0.94921875 0.232421875 0.90234375 0.21875 0.943359375 0.361328125 0.990234375
0 0.1484375 0.166015625 0.173828125 0.11328125 0.12109375 0.087890625 0.095703125 0.142578125 0.1484375 0.166015625
0 0.216796875 0.17578125 0.234375 0.125 0.18359375 0.10546875 0.1640625 0.15625 0.216796875 0.17578125
0 0.322265625 1 0.322265625 0.974609375 0.1171875 0.974609375 0.1171875 0.998046875 0.322265625 1
0 0.08203125 0.892578125 0.091796875 0.859375 0 0.8359375 0 0.8671875 0.08203125 0.892578125
0 0.064453125 1 0.064453125 0.947265625 0 0.9453125 0 1 0.064453125 1
0 0.08984375 0.138671875 0.095703125 0.095703125 0.048828125 0.087890625 0.04296875 0.1328125 0.08984375 0.138671875
0 0.10546875 0.0859375 0.119140625 0.03125 0.013671875 0.005859375 0 0.060546875 0.10546875 0.0859375
0 0.03515625 0.123046875 0.03515625 0.08203125 0 0.080078125 0 0.12109375 0.03515625 0.123046875