0 0.935546875 0.2890625 0.771484375 0.185546875 0.740234375 0.234375 0.904296875 0.337890625
0 0.904296875 0.337890625 1 0.396484375 1 0.328125 0.935546875 0.2890625
0 0.703125 0.234375 0.7421875 0.173828125 0.6875 0.138671875 0.6484375 0.19921875
0 0.474609375 0.021484375 0.443359375 0.06640625 0.6484375 0.19921875 0.6796875 0.15234375
0 0.5390625 0.00390625 0.541015625 0 0.53125 0
0 0.380859375 0.04296875 0.408203125 0 0.314453125 0
0 0.2890625 0.185546875 0.32421875 0.134765625 0.126953125 0 0.115234375 0 0.083984375 0.046875
0 0.037109375 0.015625 0.083984375 0.046875 0.115234375 0 0.046875 0
0 0.048828125 0.08203125 0.001953125 0.052734375 0 0.0546875 0 0.16015625 0.021484375 0.126953125
0 0.208984375 0.30859375 0.23828125 0.26171875 0.021484375 0.126953125 0 0.16015625 0 0.1796875
0 0 0.287109375 0 0.353515625 0.119140625 0.44140625 0.15234375 0.396484375 0.103515625 0.361328125
0 0.17578125 0.34765625 0.134765625 0.318359375 0.103515625 0.361328125 0.14453125 0.390625
0 0 0.49609375 0 0.572265625 0.029296875 0.595703125 0.064453125 0.546875 0.015625 0.509765625
0 0.09765625 0.490234375 0.0546875 0.458984375 0.015625 0.509765625 0.05859375 0.54296875
0 0.22265625 0.8828125 0.189453125 0.923828125 0.283203125 1 0.3671875 1
0 0.43359375 0.923828125 0.525390625 1 0.603515625 1 0.46484375 0.88671875
0 0.150390625 0.537109375 0.087890625 0.61328125 0.111328125 0.630859375 0.173828125 0.5546875
0 0.146484375 0.587890625 0.107421875 0.63671875 0.216796875 0.724609375 0.255859375 0.67578125
0 0.26171875 0.669921875 0.216796875 0.724609375 0.36328125 0.84375 0.408203125 0.7890625 0.330078125 0.724609375
0 0.349609375 0.69921875 0.173828125 0.5546875 0.15234375 0.58203125 0.330078125 0.724609375
0 0.1171875 0.83984375 0.146484375 0.8046875 0 0.68359375 0 0.7421875
0 0.068359375 0.970703125 0.11328125 0.9140625 0 0.822265625 0 0.916015625 0.044921875 0.953125
0 0.15234375 0.466796875 0.369140625 0.59765625 0.4140625 0.525390625 0.376953125 0.50390625 0.36328125 0.525390625 0.181640625 0.41796875
0 0.25390625 0.3125 0.599609375 0.525390625 0.626953125 0.48046875 0.28125 0.265625
0 0.421875 0.525390625 0.529296875 0.6015625 0.5625 0.5546875 0.455078125 0.478515625
0 0.607421875 0.5703125 0.56640625 0.63671875 0.880859375 0.830078125 0.921875 0.763671875
0 0.658203125 0.556640625 0.99609375 0.76171875 1 0.75390625 1 0.693359375 0.689453125 0.505859375
0 0.732421875 0.435546875 1 0.599609375 1 0.533203125 0.76171875 0.388671875
0 0.521484375 0.26953125 0.693359375 0.37890625 0.720703125 0.3359375 0.55078125 0.2265625
0 0.3359375 0.150390625 0.30859375 0.193359375 0.345703125 0.21875 0.375 0.17578125 0.3515625 0.162109375
0 0.55078125 0.2265625 0.380859375 0.1171875 0.3515625 0.162109375 0.521484375 0.26953125
0 0.255859375 0.455078125 0.3046875 0.380859375 0.251953125 0.34765625 0.203125 0.421875 0.255859375 0.455078125
0 0.998046875 0.943359375 0.998046875 0.837890625 0.947265625 0.837890625 0.947265625 0.943359375 0.998046875 0.943359375
0 0.224609375 1 0.224609375 0.96875 0.12109375 0.966796875 0.12109375 0.998046875 0.224609375 1
0 0.955078125 1 0.955078125 0.97265625 0.8828125 0.97265625 0.8828125 0.998046875 0.955078125 1