0 0.5234375 0.18359375 0.5234375 0.322265625 0.546875 0.322265625 0.546875 0.18359375
0 0.587890625 0.189453125 0.55859375 0.189453125 0.55859375 0.33203125 0.5859375 0.33203125 0.587890625 0.2578125
0 0.59375 0.173828125 0.591796875 0.2578125 0.625 0.2578125 0.626953125 0.173828125
0 0.59375 0.265625 0.59375 0.3359375 0.626953125 0.3359375 0.62890625 0.3046875 0.634765625 0.3046875 0.634765625 0.265625
0 0.45703125 0.375 0.5859375 0.375 0.5859375 0.349609375 0.45703125 0.349609375
0 0.45703125 0.384765625 0.455078125 0.416015625 0.6015625 0.416015625 0.6015625 0.38671875
0 0.62890625 0.390625 0.62890625 0.341796875 0.6015625 0.341796875 0.6015625 0.390625
0 0.587890625 0.435546875 0.587890625 0.4609375 0.56640625 0.4609375 0.56640625 0.490234375 0.61328125 0.490234375 0.615234375 0.435546875
0 1 0.048828125 1 0.033203125 0.9921875 0.041015625
0 0.001953125 0.02734375 0.013671875 0.025390625 0.01171875 0.00390625 0 0.005859375
0 0.44140625 0.943359375 0.458984375 0.9453125 0.4609375 0.923828125 0.44140625 0.921875
0 0.669921875 0.794921875 0.6953125 0.794921875 0.6953125 0.77734375 0.669921875 0.775390625
0 0.78125 0.931640625 0.794921875 0.93359375 0.796875 0.890625 0.783203125 0.888671875
0 0.65625 0.958984375 0.69140625 0.9609375 0.693359375 0.939453125 0.658203125 0.9375
0 0.91796875 0.44921875 0.91796875 0.345703125 0.677734375 0.345703125 0.677734375 0.44921875 0.91796875 0.44921875