0 0.87890625 0.240234375 0.875 0.189453125 0.763671875 0.197265625 0.765625 0.248046875 0.79296875 0.24609375 0.79296875 0.271484375 0.861328125 0.267578125 0.859375 0.2421875
0 0.927734375 0.13671875 0.931640625 0.1875 0.962890625 0.18359375 0.96484375 0.20703125 1 0.203125 1 0.130859375
0 0.375 0.173828125 0.671875 0.25 0.6875 0.193359375 0.388671875 0.1171875
0 0.0546875 0.3515625 0 0.337890625 0 0.412109375 0.0390625 0.421875 0.04296875 0.40625
0 0.08203125 0.24609375 0.09765625 0.18359375 0 0.158203125 0 0.224609375
0 0.140625 0.279296875 0.291015625 0.31640625 0.30078125 0.2734375 0.150390625 0.236328125
0 0.109375 0.421875 0.265625 0.453125 0.275390625 0.400390625 0.12109375 0.369140625
0 0.298828125 0.462890625 0.416015625 0.478515625 0.421875 0.435546875 0.3046875 0.41796875
0 0.330078125 0.337890625 0.48046875 0.365234375 0.490234375 0.31640625 0.33984375 0.2890625
0 0.521484375 0.322265625 0.517578125 0.345703125 0.5078125 0.34375 0.501953125 0.37109375 0.6328125 0.392578125 0.640625 0.34375
0 0.884765625 0.455078125 1 0.44921875 1 0.388671875 0.880859375 0.39453125
0 0.890625 0.654296875 1 0.6484375 1 0.5859375 0.888671875 0.591796875
0 0.630859375 0.72265625 0.857421875 0.720703125 0.857421875 0.662109375 0.630859375 0.6640625
0 0.849609375 0.54296875 0.849609375 0.484375 0.62890625 0.486328125 0.630859375 0.546875
0 0.435546875 0.61328125 0.58203125 0.611328125 0.58203125 0.556640625 0.435546875 0.55859375
0 0.431640625 0.787109375 0.580078125 0.78515625 0.580078125 0.728515625 0.431640625 0.728515625
0 0.91015625 0.830078125 0.91015625 0.841796875 0.86328125 0.841796875 0.86328125 0.87890625 0.978515625 0.876953125 0.978515625 0.841796875 0.93359375 0.841796875 0.93359375 0.830078125
0 0.798828125 0.82421875 0.798828125 0.84375 0.701171875 0.84375 0.701171875 0.828125 0.6796875 0.828125 0.6796875 0.84375 0.63671875 0.84375 0.638671875 0.880859375 0.86328125 0.87890625 0.86328125 0.841796875 0.814453125 0.84375 0.814453125 0.82421875
0 0.79296875 0.96484375 0.79296875 0.974609375 0.751953125 0.974609375 0.751953125 0.984375 0.701171875 0.984375 0.701171875 0.970703125 0.67578125 0.970703125 0.677734375 0.984375 0.62890625 0.986328125 0.62890625 1 0.9765625 1 0.9765625 0.970703125 0.921875 0.970703125 0.921875 0.966796875 0.90234375 0.966796875 0.90234375 0.970703125 0.861328125 0.970703125 0.861328125 0.984375 0.849609375 0.984375 0.84765625 0.974609375 0.810546875 0.974609375 0.810546875 0.96484375
0 0.43359375 0.966796875 0.494140625 0.96484375 0.494140625 0.8984375 0.43359375 0.900390625
0 0.53125 0.955078125 0.58984375 0.953125 0.58984375 0.896484375 0.529296875 0.896484375
0 0.2265625 0.6328125 0.09765625 0.875 0.197265625 0.92578125 0.220703125 0.880859375 0.203125 0.873046875 0.2890625 0.712890625 0.3046875 0.72265625 0.32421875 0.685546875 0.267578125 0.654296875
0 0.068359375 0.86328125 0.1171875 0.775390625 0 0.7109375 0 0.82421875
0 0.197265625 0.92578125 0.3046875 0.984375 0.326171875 0.9453125 0.32421875 0.916015625 0.2890625 0.896484375 0.283203125 0.91015625 0.22265625 0.876953125
0 0.0703125 0.53125 0.044921875 0.63671875 0.193359375 0.673828125 0.220703125 0.5703125
0 0.0234375 0.56640625 0.033203125 0.521484375 0.013671875 0.515625 0.017578125 0.505859375 0 0.5 0 0.560546875
0 0.056640625 0.044921875 0.056640625 0 0 0 0 0.044921875 0.056640625 0.044921875
0 0.865234375 0.068359375 0.86328125 0.029296875 0.751953125 0.037109375 0.755859375 0.076171875 0.865234375 0.068359375
0 0.587890625 0.998046875 0.587890625 0.974609375 0.4296875 0.974609375 0.4296875 1 0.587890625 0.998046875
0 0.357421875 0.0234375 0.357421875 0 0.23828125 0 0.23828125 0.0234375 0.357421875 0.0234375
0 0.28125 0.24609375 0.29296875 0.19921875 0.1875 0.171875 0.17578125 0.21875 0.28125 0.24609375