0 0.9765625 0.353515625 0.98828125 0.3203125 0.947265625 0.3046875 0.845703125 0.57421875 0.90234375 0.595703125 0.9921875 0.359375
0 0.611328125 0.44921875 0.658203125 0.466796875 0.681640625 0.400390625 0.634765625 0.3828125
0 0.87890625 0.87109375 0.84375 0.90234375 0.853515625 0.9140625 0.837890625 0.927734375 0.892578125 0.98828125 0.908203125 0.974609375 0.91796875 0.986328125 0.953125 0.955078125
0 0.75390625 0.83203125 0.759765625 0.818359375 0.716796875 0.794921875 0.708984375 0.806640625 0.671875 0.78515625 0.677734375 0.771484375 0.62890625 0.744140625 0.62109375 0.755859375 0.599609375 0.744140625 0.572265625 0.7890625 0.748046875 0.888671875 0.7734375 0.84375
0 0.435546875 0.638671875 0.3125 0.56640625 0.27734375 0.626953125 0.525390625 0.767578125 0.55859375 0.70703125 0.494140625 0.671875 0.48828125 0.681640625 0.4296875 0.6484375
0 0.013671875 0.44140625 0.0234375 0.447265625 0.013671875 0.4609375 0.0703125 0.4921875 0.080078125 0.478515625 0.095703125 0.48828125 0.087890625 0.501953125 0.15625 0.541015625 0.162109375 0.53125 0.1796875 0.541015625 0.173828125 0.55078125 0.232421875 0.583984375 0.240234375 0.568359375 0.251953125 0.576171875 0.279296875 0.525390625 0.041015625 0.390625
0 0.123046875 0.71875 0.306640625 0.822265625 0.33984375 0.767578125 0.15625 0.662109375
0 0.3359375 0.845703125 0.607421875 1 0.62109375 1 0.650390625 0.94921875 0.3671875 0.787109375
0 0.232421875 0.994140625 0.2421875 1 0.3828125 1 0.265625 0.93359375
0 0.7734375 0.84375 0.748046875 0.888671875 0.7421875 0.884765625 0.72265625 0.919921875 0.64453125 0.875 0.619140625 0.921875 0.724609375 0.982421875 0.775390625 0.890625 0.791015625 0.900390625 0.810546875 0.865234375
0 0.572265625 0.42578125 0.5859375 0.39453125 0.55859375 0.3828125 0.54296875 0.4140625 0.572265625 0.42578125