0 0.36328125 0.185546875 0.486328125 0.1484375 0.46484375 0.076171875 0.42578125 0.087890625 0.4296875 0.1015625 0.408203125 0.109375 0.38671875 0.115234375 0.3828125 0.1015625 0.341796875 0.11328125 0.359375 0.169921875
0 0.55078125 0.376953125 0.53515625 0.32421875 0.41796875 0.361328125 0.43359375 0.412109375 0.49609375 0.392578125
0 0.623046875 0.60546875 0.603515625 0.544921875 0.56640625 0.556640625 0.572265625 0.57421875 0.552734375 0.580078125 0.52734375 0.587890625 0.5234375 0.5703125 0.474609375 0.583984375 0.498046875 0.66015625 0.529296875 0.650390625 0.525390625 0.63671875 0.56640625 0.623046875
0 0.7734375 0.603515625 0.90234375 0.564453125 0.88671875 0.51171875 0.7578125 0.55078125
0 0.845703125 0.044921875 0.83203125 0 0.806640625 0 0.796875 0.00390625 0.798828125 0.01171875 0.7734375 0.01953125 0.787109375 0.0625 0.82421875 0.052734375
0 0.7578125 0.326171875 0.7421875 0.271484375 0.705078125 0.283203125 0.708984375 0.294921875 0.689453125 0.30078125 0.701171875 0.34375 0.72265625 0.337890625
0 0.751953125 0.41796875 0.75390625 0.427734375 0.720703125 0.4375 0.73828125 0.4921875 0.876953125 0.44921875 0.859375 0.39453125 0.830078125 0.404296875 0.828125 0.39453125
0 0.6875 0.09375 0.669921875 0.041015625 0.634765625 0.05078125 0.63671875 0.0625 0.6171875 0.068359375 0.630859375 0.111328125 0.650390625 0.10546875
0 0.67578125 0.234375 0.8046875 0.1953125 0.783203125 0.126953125 0.65625 0.166015625
0 0.91796875 0.27734375 0.90234375 0.224609375 0.869140625 0.236328125 0.87109375 0.244140625 0.845703125 0.251953125 0.859375 0.294921875 0.89453125 0.28515625
0 0.771484375 0.32421875 0.830078125 0.3046875 0.8125 0.248046875 0.75390625 0.265625
0 0.90234375 0.419921875 1 0.388671875 1 0.31640625 0.8828125 0.353515625
0 0.974609375 0.453125 0.939453125 0.462890625 0.94140625 0.474609375 0.916015625 0.482421875 0.9296875 0.5234375 0.990234375 0.505859375
0 0.701171875 0.091796875 0.7578125 0.07421875 0.7421875 0.015625 0.68359375 0.03515625
0 0.859375 0.041015625 0.962890625 0.009765625 0.958984375 0 0.845703125 0
0 0.353515625 0.171875 0.359375 0.169921875 0.341796875 0.11328125 0.3828125 0.1015625 0.38671875 0.115234375 0.408203125 0.109375 0.373046875 0 0.30078125 0
0 0.759765625 0.826171875 0.736328125 0.7421875 0.705078125 0.751953125 0.7109375 0.775390625 0.6640625 0.791015625 0.65625 0.765625 0.61328125 0.779296875 0.638671875 0.86328125
0 0.49609375 0.392578125 0.419921875 0.416015625 0.548828125 0.837890625 0.607421875 0.87109375 0.638671875 0.86328125 0.61328125 0.779296875 0.56640625 0.623046875 0.525390625 0.63671875 0.529296875 0.650390625 0.498046875 0.66015625 0.474609375 0.583984375 0.5234375 0.5703125 0.52734375 0.587890625 0.552734375 0.580078125
0 0.37109375 0.220703125 0.37890625 0.251953125 0.390625 0.248046875 0.404296875 0.2890625 0.392578125 0.29296875 0.40625 0.341796875 0.52734375 0.3046875 0.4921875 0.18359375
0 0.806640625 0.73046875 0.998046875 0.671875 0.970703125 0.58203125 0.779296875 0.640625
0 0 0.216796875 0 0.224609375 0.015625 0.27734375 0.107421875 0.248046875 0.08984375 0.19140625
0 0.060546875 0.142578125 0.05078125 0.11328125 0 0.12890625 0 0.16015625
0 0.138671875 0.083984375 0.126953125 0.046875 0 0.087890625 0 0.12890625 0.05078125 0.11328125
0 0.294921875 0.873046875 0.27734375 0.8125 0.16796875 0.845703125 0.185546875 0.90625 0.271484375 0.880859375
0 0.15234375 0.400390625 0.1328125 0.33984375 0.033203125 0.369140625 0.052734375 0.4296875 0.138671875 0.404296875
0 0.201171875 0.55078125 0.185546875 0.494140625 0.078125 0.525390625 0.095703125 0.58203125 0.18359375 0.556640625
0 0.25 0.7109375 0.232421875 0.654296875 0.123046875 0.685546875 0.140625 0.744140625 0.22265625 0.71875
0 0.08984375 0.19140625 0.107421875 0.248046875 0.091796875 0.25390625 0.119140625 0.34375 0.1328125 0.33984375 0.15234375 0.400390625 0.138671875 0.404296875 0.166015625 0.5 0.185546875 0.494140625 0.201171875 0.55078125 0.18359375 0.556640625 0.185546875 0.5625 0.23828125 0.546875 0.126953125 0.1796875
0 0.28515625 0.927734375 0.330078125 0.9140625 0.25 0.6484375 0.232421875 0.654296875 0.25 0.7109375 0.22265625 0.71875 0.251953125 0.8203125 0.27734375 0.8125 0.294921875 0.873046875 0.271484375 0.880859375
0 0.234375 0.62890625 0.263671875 0.62109375 0.248046875 0.56640625 0.21875 0.57421875
0 0.923828125 0.16796875 0.8984375 0.09375 0.796875 0.126953125 0.822265625 0.203125 0.923828125 0.16796875
0 1 0.14453125 0.990234375 0.078125 0.89453125 0.103515625 0.9140625 0.171875 1 0.14453125
0 0.34375 1 0.34375 0.953125 0.2109375 0.951171875 0.208984375 0.998046875 0.34375 1