0 0.92578125 0.197265625 1 0.19921875 1 0.142578125 0.92578125 0.140625
0 0.921875 0.0234375 1 0.025390625 1 0 0.921875 0
0 0.939453125 0.552734375 1 0.552734375 1 0.265625 0.947265625 0.265625
0 0.8828125 0.5703125 0.876953125 0.720703125 1 0.72265625 1 0.57421875
0 0.876953125 0.720703125 0.873046875 0.861328125 0.951171875 0.86328125 0.955078125 0.72265625
0 0.873046875 0.861328125 0.87109375 0.9375 1 0.94140625 1 0.86328125 0.951171875 0.86328125
0 0.951171875 0.9765625 0.875 0.974609375 0.873046875 1 0.94921875 1
0 0.17578125 0.150390625 0.181640625 0.03515625 0 0.0234375 0 0.138671875
0 0.00390625 0.24609375 0.166015625 0.255859375 0.16796875 0.20703125 0.0078125 0.197265625
0 0.47265625 0.626953125 0.68359375 0.638671875 0.685546875 0.587890625 0.474609375 0.576171875
0 0.51953125 0.890625 0.51171875 1 0.671875 1 0.677734375 0.900390625
0 0.44140625 0.869140625 0.216796875 0.85546875 0.212890625 0.916015625 0.4375 0.9296875 0.439453125 0.8984375
0 0.26953125 0.62109375 0.265625 0.67578125 0.45703125 0.6875 0.4609375 0.6328125
0 0.234375 0.619140625 0.220703125 0.837890625 0.427734375 0.849609375 0.43359375 0.759765625 0.2734375 0.751953125 0.27734375 0.693359375 0.265625 0.693359375 0.26953125 0.62109375
0 0 0.580078125 0 0.626953125 0.162109375 0.638671875 0.1640625 0.591796875
0 0.16015625 0.771484375 0.1640625 0.7109375 0 0.701171875 0 0.76171875
0 0.162109375 0.904296875 0.166015625 0.84765625 0 0.8359375 0 0.89453125
0 0.25 0.005859375 0.376953125 0.013671875 0.376953125 0 0.25 0
0 0.490234375 0.357421875 0.486328125 0.423828125 0.638671875 0.43359375 0.630859375 0.55859375 0.697265625 0.5625 0.708984375 0.369140625
0 0.474609375 0.732421875 0.46875 0.80078125 0.623046875 0.810546875 0.626953125 0.740234375
0 0.62890625 0.7109375 0.626953125 0.740234375 0.62109375 0.84765625 0.677734375 0.8515625 0.685546875 0.71484375
0 0.44921875 0.876953125 0.44140625 1 0.486328125 1 0.494140625 0.880859375
0 0.439453125 0.4296875 0.443359375 0.365234375 0.263671875 0.35546875 0.259765625 0.41796875 0.421875 0.427734375
0 0.259765625 0.41796875 0.25 0.57421875 0.4140625 0.583984375 0.421875 0.427734375
0 0.380859375 0.11328125 0.3828125 0.07421875 0.279296875 0.06640625 0.27734375 0.107421875 0.380859375 0.11328125