0 0.3828125 0.570518092105263 0.39453125 0.3986430921052631 0.47265625 0.4064555921052631 0.4609375 0.576377467105263
0 0.927734375 0.5933388157894737 1 0.5933388157894737 1 0.6499794407894737 0.927734375 0.6499794407894737
0 0.94140625 0.4601151315789474 1 0.4601151315789474 1 0.5167557565789475 0.94140625 0.5167557565789475
0 0.669921875 0.455078125 0.673828125 0.423828125 0.74609375 0.4296875 0.744140625 0.462890625
0 0.904296875 0.757092927631579 0.912109375 0.690686677631579 1 0.694592927631579 0.998046875 0.7580180921052632
0 0.94140625 0.23663651315789472 1 0.23663651315789472 1 0.28546463815789475 0.94140625 0.28546463815789475
0 0.904296875 0.9255756578947368 1 0.9255756578947368 1 0.9939350328947368 0.904296875 0.9939350328947368
0 0.6796875 0.33984375 0.75 0.33984375 0.75 0.375 0.6796875 0.375
0 0.37232730263157887 0.8988486842105263 0.39185855263157887 0.5941611842105263 0.47193667763157887 0.6000205592105263 0.45045230263157887 0.9047080592105263
0 0.37911184210526316 0.3765419407894737 0.39473684210526316 0.22810444078947367 0.48262746710526316 0.23396381578947367 0.46504934210526316 0.3843544407894737
0 0.94140625 0.1303453947368421 1 0.1303453947368421 1 0.1830797697368421 0.94140625 0.1830797697368421
0 0.669921875 0.8290501644736842 0.677734375 0.7665501644736842 0.896484375 0.7802220394736842 0.888671875 0.8427220394736842
0 0.6737253289473685 0.9862253289473684 0.67578125 0.9152960526315789 0.9134457236842105 0.9218750000000001 0.8997738486842105 1
0 0.7055921052631579 0.7076480263157894 0.7107319078947368 0.6356907894736842 0.90234375 0.63671875 0.89453125 0.712890625
0 0.693359375 0.568359375 0.697265625 0.51953125 0.90234375 0.529296875 0.8984375 0.576171875
0 0.765625 0.482421875 0.767578125 0.4375 0.91015625 0.4453125 0.90625 0.490234375
0 0.7672697368421053 0.2491776315789474 0.9060444078947368 0.2594572368421053 0.905016447368421 0.3046875 0.7559621710526316 0.30057565789473684
0 0.486328125 0.8203125 0.490234375 0.759765625 0.68359375 0.76953125 0.6796875 0.83203125
0 0.478515625 0.9609375 0.484375 0.8984375 0.6796875 0.9140625 0.673828125 0.9765625
0 0.485608552631579 0.6854440789473685 0.491467927631579 0.6209909539473685 0.708264802631579 0.6346628289473685 0.704358552631579 0.6991159539473685
0 0.8984375 0.8649259868421052 0.90625 0.7946134868421052 1 0.8043791118421052 1 0.8782894736842104
0 0.7700452302631579 0.4099506578947369 0.7798108552631579 0.3220600328947369 0.9028577302631579 0.3396381578947369 0.8911389802631579 0.4275287828947369
0 0.939453125 0.39340049342105265 0.9453125 0.35043174342105265 1 0.36019736842105265 0.998046875 0.40234375000000006
0 0.7374588815789473 0.1879111842105263 0.7433182565789473 0.1312705592105263 0.8878495065789473 0.1429893092105263 0.8819901315789473 0.1996299342105263
0 0.011718750000000028 0.5226151315789473 0 0.16796875000000003 0.06311677631578949 0.16591282894736845 0.18133223684210528 0.32010690789473684 0.1607730263157895 0.5256990131578947