0 1 0.66015625 1 0.611328125 0.927734375 0.58984375 0.9140625 0.634765625
0 0.86328125 0.8671875 1 0.91796875 1 0.861328125 0.880859375 0.818359375
0 0.8203125 0.65234375 0.751953125 0.833984375 0.802734375 0.853515625 0.853515625 0.71875 1 0.771484375 1 0.716796875 0.87109375 0.669921875
0 0.796875 0.908203125 0.74609375 0.890625 0.705078125 1 0.76171875 1
0 0.947265625 0.958984375 0.90234375 0.943359375 0.87890625 1 0.931640625 1
0 0.63671875 0.052734375 0.55078125 0.0234375 0.544921875 0.044921875 0.52734375 0.32421875 0.580078125 0.326171875 0.595703125 0.07421875 0.626953125 0.083984375 0.630859375 0.072265625
0 0.7734375 0.19140625 0.8125 0.203125 0.875 0.00390625 0.861328125 0 0.83203125 0
0 0.423828125 0.29296875 0.470703125 0.162109375 0.4296875 0.1484375 0.3828125 0.279296875
0 0.890625 0.806640625 1 0.84765625 1 0.794921875 0.908203125 0.76171875
0 0.369140625 0.31640625 0.30859375 0.494140625 0.349609375 0.5078125 0.41015625 0.33203125
0 0.302734375 0.64453125 0.349609375 0.5078125 0.30859375 0.494140625 0.26171875 0.62890625
0 0.060546875 0.08203125 0.080078125 0 0 0 0 0.06640625
0 0.892578125 0.65625 0.94921875 0.474609375 0.88671875 0.455078125 0.830078125 0.63671875 0.892578125 0.65625
0 0.998046875 1 0.998046875 0.974609375 0.953125 0.97265625 0.953125 0.998046875 0.998046875 1
0 1 0.318359375 1 0.251953125 0.97265625 0.251953125 0.97265625 0.318359375 1 0.318359375