0 0.833984375 0.810546875 0.859375 0.767578125 0.791015625 0.728515625 0.765625 0.771484375
0 0.982421875 0.833984375 0.875 0.7734375 0.849609375 0.818359375 0.982421875 0.89453125 1 0.86328125 1 0.802734375
0 0.890625 0.6328125 1 0.693359375 1 0.62890625 0.919921875 0.583984375
0 0.9140625 0.4140625 0.72265625 0.74609375 0.765625 0.771484375 0.95703125 0.439453125
0 0.931640625 0.48046875 0.994140625 0.517578125 1 0.505859375 1 0.462890625 0.95703125 0.439453125
0 0.578125 1 0.66796875 1 0.685546875 0.97265625 0.6171875 0.93359375
0 0.767578125 0.01171875 0.74609375 0 0.716796875 0 0.68359375 0.060546875 0.8125 0.1328125 0.853515625 0.060546875 0.814453125 0.037109375 0.8046875 0.052734375 0.759765625 0.025390625
0 0.62890625 0.236328125 0.5859375 0.212890625 0.54296875 0.28515625 0.671875 0.359375 0.712890625 0.28515625 0.673828125 0.263671875 0.666015625 0.27734375 0.619140625 0.251953125
0 0.33984375 0.15234375 0.296875 0.126953125 0.255859375 0.201171875 0.3828125 0.2734375 0.42578125 0.201171875 0.384765625 0.177734375 0.376953125 0.193359375 0.330078125 0.166015625
0 0.4921875 0.482421875 0.44921875 0.458984375 0.408203125 0.53125 0.537109375 0.60546875 0.578125 0.53125 0.5390625 0.509765625 0.53125 0.5234375 0.484375 0.498046875
0 0.212890625 0.38671875 0.169921875 0.361328125 0.12890625 0.435546875 0.2578125 0.5078125 0.298828125 0.435546875 0.259765625 0.412109375 0.25 0.427734375 0.205078125 0.400390625
0 0.0703125 0.62109375 0.02734375 0.595703125 0 0.642578125 0 0.67578125 0.115234375 0.7421875 0.15625 0.669921875 0.1171875 0.646484375 0.107421875 0.662109375 0.0625 0.634765625
0 0.95703125 0.267578125 0.966796875 0.271484375 0.9453125 0.310546875 0.9921875 0.3359375 1 0.3203125 1 0.185546875
0 0.693359375 0.755859375 0.615234375 0.89453125 0.748046875 0.970703125 0.78515625 0.90625 0.68359375 0.84765625 0.703125 0.81640625 0.802734375 0.873046875 0.826171875 0.83203125
0 0.783203125 0.962890625 0.84765625 1 0.96875 1 0.99609375 0.95703125 0.9453125 0.927734375 0.91796875 0.974609375 0.810546875 0.9140625
0 0.3515625 0.814453125 0.251953125 0.7578125 0.2265625 0.802734375 0.326171875 0.859375 0.34375 0.828125
0 0.22265625 0.80078125 0.169921875 0.890625 0.294921875 0.9609375 0.345703125 0.87109375
0 0.34375 0.828125 0.326171875 0.859375 0.345703125 0.87109375 0.28515625 0.978515625 0.322265625 1 0.341796875 1 0.416015625 0.869140625
0 0.427734375 0.6796875 0.365234375 0.787109375 0.4296875 0.822265625 0.490234375 0.71484375 0.45703125 0.697265625
0 0.361328125 0.591796875 0.3046875 0.689453125 0.392578125 0.73828125 0.427734375 0.6796875 0.45703125 0.697265625 0.478515625 0.658203125
0 0.974609375 0.787109375 1 0.732421875 0.86328125 0.65234375 0.83203125 0.708984375 0.974609375 0.787109375
0 0.046875 0.99609375 0.046875 0.884765625 0 0.884765625 0 0.99609375 0.046875 0.99609375
0 0.55078125 0.513671875 0.630859375 0.375 0.560546875 0.333984375 0.48046875 0.47265625 0.55078125 0.513671875