0 0.845703125 0.96875 0.806640625 0.966796875 0.8046875 0.974609375 0.80078125 0.974609375 0.796875 0.974609375 0.791015625 0.9765625 0.787109375 0.978515625 0.783203125 0.98046875 0.78125 0.984375 0.77734375 0.98828125 0.775390625 0.9921875 0.775390625 0.99609375 0.7734375 1 1 1 0.962890625 0.98828125 0.923828125 0.98046875 0.884765625 0.97265625
0 0.86328125 0.3984375 0.826171875 0.396484375 0.78125 0.345703125 0.7578125 0.333984375 0.748046875 0.333984375 0.767578125 0.330078125 0.7890625 0.326171875 0.7890625 0.29296875 0.767578125 0.291015625 0.748046875 0.2890625 0.7265625 0.2890625 0.70703125 0.29296875 0.685546875 0.296875 0.66796875 0.3046875 0.6484375 0.314453125 0.630859375 0.326171875 0.615234375 0.337890625 0.599609375 0.353515625 0.587890625 0.369140625 0.576171875 0.38671875 0.5859375 0.41015625 0.607421875 0.39453125 0.6171875 0.388671875 0.619140625 0.392578125 0.61328125 0.3984375 0.6015625 0.4140625 0.591796875 0.43359375 0.583984375 0.451171875 0.578125 0.470703125 0.576171875 0.4921875 0.57421875 0.51171875 0.576171875 0.533203125 0.580078125 0.552734375 0.587890625 0.572265625 0.595703125 0.58984375 0.607421875 0.607421875 0.619140625 0.623046875 0.681640625 0.599609375 0.640625 0.46484375 0.6484375 0.451171875 0.658203125 0.4375 0.669921875 0.427734375 0.68359375 0.41796875 0.697265625 0.412109375 0.712890625 0.40625 0.73046875 0.404296875 0.74609375 0.40625 0.826171875 0.458984375 0.89453125 0.46484375 0.904296875 0.458984375 0.953125 0.4375 0.986328125 0.408203125 1 0.361328125 1 0.3046875 0.955078125 0.28515625 0.908203125 0.30078125 0.8984375 0.34765625 0.89453125 0.36328125 0.892578125 0.357421875 0.892578125 0.3515625 0.888671875 0.34765625 0.88671875 0.341796875 0.8828125 0.337890625 0.876953125 0.3359375 0.873046875 0.33203125 0.8671875 0.33203125 0.861328125 0.330078125 0.85546875 0.33203125 0.849609375 0.33203125 0.845703125 0.3359375 0.841796875 0.337890625 0.837890625 0.341796875 0.833984375 0.34765625 0.83203125 0.3515625 0.830078125 0.357421875 0.830078125 0.36328125 0.830078125 0.369140625 0.83203125 0.373046875 0.833984375 0.37890625 0.837890625 0.3828125 0.841796875 0.38671875 0.845703125 0.390625 0.849609375 0.392578125 0.85546875 0.39453125 0.861328125 0.39453125 0.865234375 0.39453125
0 0.3046875 0.404296875 0.291015625 0.37109375 0.068359375 0.466796875 0.08203125 0.498046875
0 0.3828125 0.609375 0.302734375 0.5703125 0.27734375 0.513671875 0.193359375 0.548828125 0.21484375 0.59765625 0.185546875 0.693359375 0.24609375 0.66796875
0 0.53125 0.56640625 0.45703125 0.5390625 0.44140625 0.583984375 0.1171875 0.72265625 0.08984375 0.69921875 0.05078125 0.74609375 0.072265625 0.78125 0.119140625 0.8203125 0.5 0.66015625
0 0.375 0.373046875 0 0.53125 0 0.537109375 0.033203125 0.6171875 0.169921875 0.55859375 0.15234375 0.513671875 0.263671875 0.46484375 0.283203125 0.509765625 0.41015625 0.45703125
0 0.263671875 0.46484375 0.15234375 0.513671875 0.169921875 0.55859375 0.283203125 0.509765625
0 0.68359375 1 0.685546875 0.947265625 0.49609375 0.947265625 0.49609375 0.998046875 0.68359375 1
0 0.0859375 1 0.087890625 0.833984375 0 0.833984375 0 1 0.0859375 1
0 0.03515625 0.8359375 0.03515625 0.740234375 0 0.740234375 0 0.8359375 0.03515625 0.8359375
0 0.111328125 0.041015625 0.11328125 0 0 0 0 0.0390625 0.111328125 0.041015625