0 0.7890625 0.953125 0.779296875 1 0.810546875 1 0.818359375 0.95703125 0.79296875 0.953125
0 0 0.123046875 0 0.158203125 0.02734375 0.162109375 0.029296875 0.142578125
0 0.181640625 0.083984375 0.091796875 0 0 0 0 0.029296875 0.12109375 0.146484375 0.13671875 0.130859375
0 0.158203125 0.171875 0.201171875 0.212890625 0.240234375 0.169921875 0.19921875 0.130859375 0.169921875 0.162109375
0 0.166015625 0.099609375 0.13671875 0.130859375 0.169921875 0.162109375 0.19921875 0.130859375
0 0.31640625 0.310546875 0.369140625 0.255859375 0.2734375 0.1640625 0.220703125 0.21875
0 0.07421875 0.478515625 0.041015625 0.734375 0.224609375 0.759765625 0.2578125 0.501953125 0.205078125 0.49609375
0 0.177734375 0.341796875 0.185546875 0.2734375 0.015625 0.251953125 0.0078125 0.318359375
0 0.0078125 0.318359375 0 0.375 0 0.7109375 0.04296875 0.716796875 0.07421875 0.478515625 0.205078125 0.49609375 0.224609375 0.34765625
0 0.361328125 0.37890625 0.4140625 0.431640625 0.4375 0.408203125 0.384765625 0.35546875
0 0.6875 0.658203125 0.734375 0.603515625 0.568359375 0.453125 0.51953125 0.5078125
0 0.396484375 0.63671875 0.51953125 0.65234375 0.529296875 0.576171875 0.40625 0.560546875
0 0.1328125 0.88671875 0.1171875 1 0.255859375 1 0.26953125 0.904296875 0.23828125 0.900390625
0 0 0.794921875 0 0.8671875 0.23828125 0.900390625 0.248046875 0.828125
0 0 0.8671875 0 1 0.08203125 1 0.087890625 0.96484375 0.12109375 0.96875 0.1328125 0.88671875
0 0.361328125 0.84375 0.34765625 0.94140625 0.541015625 0.966796875 0.5546875 0.869140625
0 0.740234375 0.884765625 0.5546875 0.859375 0.541015625 0.966796875 0.7265625 0.990234375 0.732421875 0.947265625
0 0.400390625 0.73046875 0.404296875 0.7109375 0.36328125 0.705078125 0.353515625 0.76953125 0.50390625 0.7890625 0.509765625 0.744140625
0 0.330078125 0.9375 0.3203125 1 0.724609375 1 0.7265625 0.990234375
0 0.29296875 0.498046875 0.306640625 0.416015625 0.2578125 0.408203125 0.244140625 0.490234375 0.29296875 0.498046875
0 0.34375 0.701171875 0.3515625 0.60546875 0.30859375 0.6015625 0.298828125 0.697265625 0.34375 0.701171875
0 0.369140625 0.615234375 0.3828125 0.509765625 0.322265625 0.501953125 0.310546875 0.607421875 0.369140625 0.615234375
0 0.99609375 0.984375 1 0.958984375 0.939453125 0.935546875 0.9296875 0.9609375 0.99609375 0.984375
0 0.087890625 0.240234375 0.1171875 0.16015625 0.0390625 0.130859375 0.009765625 0.2109375 0.087890625 0.240234375
0 0.92578125 0.953125 0.9375 0.92578125 0.84765625 0.888671875 0.8359375 0.9140625 0.92578125 0.953125
0 0.89453125 1 0.8984375 0.958984375 0.8359375 0.953125 0.83203125 0.99609375 0.89453125 1