0 0.23828125 0.1640625 0.154296875 0.1796875 0.17578125 0.283203125 0.2578125 0.267578125
0 0.263671875 0.37890625 0.287109375 0.373046875 0.265625 0.265625 0.205078125 0.27734375 0.228515625 0.400390625 0.267578125 0.392578125
0 0.15625 0.140625 0.2265625 0.126953125 0.220703125 0.095703125 0.20703125 0.09765625 0.1875 0 0.126953125 0
0 0.177734375 0.720703125 0.365234375 0.681640625 0.314453125 0.427734375 0.126953125 0.46484375
0 0.90625 0.01171875 0.91796875 0.068359375 0.986328125 0.056640625 0.978515625 0.0234375 1 0.017578125 1 0 0.96484375 0
0 0.9140625 0.115234375 1 0.09765625 1 0.060546875 0.908203125 0.080078125
0 0.935546875 0.20703125 1 0.193359375 1 0.140625 0.923828125 0.15625
0 0.9765625 0.333984375 1 0.328125 1 0.275390625 0.966796875 0.283203125
0 0.923828125 0.8203125 0.73828125 0.8515625 0.748046875 0.908203125 0.888671875 0.8828125 0.896484375 0.92578125 0.94140625 0.91796875 0.93359375 0.876953125
0 0.751953125 0.99609375 0.810546875 0.986328125 0.798828125 0.916015625 0.740234375 0.92578125
0 0.357421875 0.953125 0.3515625 0.921875 0.27734375 0.935546875 0.28125 0.966796875
0 0.48828125 0.888671875 0.408203125 0.90234375 0.4140625 0.935546875 0.46875 0.927734375 0.48046875 1 0.505859375 0.994140625 0.494140625 0.923828125
0 0.521484375 0.017578125 0.517578125 0 0.302734375 0 0.2734375 0.005859375 0.275390625 0.013671875 0.26953125 0.015625 0.279296875 0.064453125 0.294921875 0.0625 0.296875 0.07421875 0.32421875 0.0703125 0.3203125 0.056640625 0.365234375 0.048828125 0.3671875 0.060546875 0.396484375 0.0546875 0.392578125 0.04296875
0 0.60546875 0.46875 0.576171875 0.474609375 0.57421875 0.458984375 0.48046875 0.4765625 0.490234375 0.51953125 0.478515625 0.521484375 0.482421875 0.544921875 0.470703125 0.548828125 0.4765625 0.576171875 0.51171875 0.5703125 0.505859375 0.546875 0.529296875 0.54296875 0.525390625 0.5234375 0.61328125 0.505859375 0.607421875 0.48046875
0 0.61328125 0.5078125 0.6953125 0.4921875 0.689453125 0.46484375 0.6640625 0.46875 0.658203125 0.447265625 0.634765625 0.451171875 0.638671875 0.474609375 0.607421875 0.48046875 0.61328125 0.505859375
0 0.1953125 0.95703125 0.197265625 0.966796875 0.173828125 0.970703125 0.171875 0.9609375 0.091796875 0.978515625 0.09375 0.986328125 0.072265625 0.990234375 0.0703125 0.982421875 0.048828125 0.986328125 0.05078125 1 0.26953125 1 0.2578125 0.943359375
0 0.59765625 0.90234375 0.50390625 0.91796875 0.51171875 0.9609375 0.603515625 0.943359375
0 0.7265625 0.923828125 0.71875 0.869140625 0.658203125 0.87890625 0.66015625 0.890625 0.59765625 0.900390625 0.603515625 0.943359375 0.640625 0.9375
0 0.61328125 0.951171875 0.595703125 0.955078125 0.599609375 0.9765625 0.515625 0.990234375 0.515625 1 0.609375 1 0.62109375 0.998046875
0 0.431640625 0.521484375 0.419921875 0.478515625 0.380859375 0.490234375 0.392578125 0.533203125 0.431640625 0.521484375
0 0.84765625 0.544921875 0.837890625 0.509765625 0.798828125 0.51953125 0.80859375 0.5546875 0.84765625 0.544921875