0 0.96484375 0.125 1 0.126953125 1 0.078125 0.96875 0.078125
0 0.697265625 0.3125 0.802734375 0.3203125 0.810546875 0.185546875 0.705078125 0.177734375
0 0.53515625 0.5 0.787109375 0.515625 0.791015625 0.44921875 0.5390625 0.43359375
0 0.552734375 0.029296875 0.728515625 0.041015625 0.73046875 0 0.552734375 0
0 0.173828125 0.41015625 0.169921875 0.4765625 0.423828125 0.490234375 0.427734375 0.423828125
0 0 0.412109375 0 0.46484375 0.0234375 0.466796875 0.02734375 0.4140625
0 0.02734375 0.4140625 0.0234375 0.466796875 0.169921875 0.4765625 0.173828125 0.41015625 0.427734375 0.423828125 0.423828125 0.490234375 0.53515625 0.5 0.5390625 0.43359375 0.791015625 0.44921875 0.787109375 0.515625 0.802734375 0.3203125 0.697265625 0.3125 0.705078125 0.177734375 0 0.142578125 0 0.412109375
0 0.013671875 0.69140625 0.01171875 0.720703125 0 0.71875 0 0.7734375 0.0078125 0.775390625 0.0078125 0.791015625 0.189453125 0.80078125 0.19140625 0.78515625 0.25 0.7890625 0.25390625 0.734375 0.193359375 0.73046875 0.1953125 0.703125
0 0.53515625 0.69921875 0.53125 0.775390625 0.626953125 0.78125 0.615234375 0.98046875 0.6875 0.984375 0.703125 0.708984375
0 0.95703125 0.75 0.927734375 0.771484375 0.921875 0.861328125 0.94921875 0.880859375 1 0.8828125 1 0.751953125
0 0.94921875 0.880859375 0.921875 0.861328125 0.912109375 1 1 1 1 0.8828125
0 0.919921875 0.484375 0.91796875 0.52734375 1 0.533203125 1 0.48828125
0 0.056640625 0.017578125 0.056640625 0 0 0 0 0.013671875
0 0.119140625 0.044921875 0.201171875 0.05078125 0.203125 0 0.12109375 0 0.12109375 0.021484375
0 0.056640625 0.017578125 0.12109375 0.021484375 0.12109375 0 0.056640625 0
0 0 0.599609375 0 0.62890625 0.244140625 0.64453125 0.244140625 0.666015625 0.30078125 0.669921875 0.3046875 0.619140625
0 0.744140625 0.6953125 0.826171875 0.69921875 0.828125 0.64453125 0.748046875 0.640625 0.744140625 0.6875
0 0.521484375 0.626953125 0.517578125 0.673828125 0.744140625 0.6875 0.748046875 0.640625
0 0.701171875 0.7421875 0.697265625 0.818359375 0.765625 0.822265625 0.75390625 1 0.798828125 1 0.814453125 0.748046875
0 0.923828125 0.23046875 0.921875 0.283203125 1 0.287109375 1 0.234375
0 0.9296875 0.32421875 0.919921875 0.484375 0.962890625 0.486328125 0.97265625 0.326171875
0 0.384765625 0.7109375 0.388671875 0.6640625 0.42578125 0.666015625 0.427734375 0.62109375 0.322265625 0.615234375 0.3125 0.78515625 0.337890625 0.78515625 0.3359375 0.814453125 0.47265625 0.822265625 0.474609375 0.79296875 0.51171875 0.796875 0.521484375 0.626953125 0.4296875 0.62109375 0.427734375 0.666015625 0.46484375 0.66796875 0.4609375 0.71484375 0.423828125 0.712890625