0 0.43359375 0.0234375 0.453125 0 0.427734375 0 0.41796875 0.01171875
0 0.3984375 0.10546875 0.390625 0.09765625 0.376953125 0.11328125 0.38671875 0.12109375
0 0.375 0.111328125 0.361328125 0.126953125 0.373046875 0.13671875 0.38671875 0.12109375
0 0.40625 0.09765625 0.373046875 0.13671875 0.388671875 0.15234375 0.423828125 0.11328125
0 0.578125 0.53125 0.58984375 0.513671875 0.576171875 0.50390625 0.564453125 0.51953125
0 0.775390625 0.337890625 0.779296875 0.330078125 0.76171875 0.31640625 0.7578125 0.326171875
0 0.767578125 0.232421875 0.78125 0.21484375 0.591796875 0.060546875 0.578125 0.076171875
0 0.859375 0.203125 0.921875 0.126953125 0.900390625 0.111328125 0.837890625 0.1875
0 0.767578125 0 0.763671875 0 0.736328125 0.03515625 0.798828125 0.083984375 0.828125 0.046875
0 0.828125 0.046875 0.80859375 0.0703125 0.837890625 0.091796875 0.85546875 0.068359375
0 0.9140625 0.201171875 0.92578125 0.201171875 0.927734375 0.18359375 0.916015625 0.18359375
0 0.3828125 0.85546875 0.435546875 0.783203125 0.353515625 0.72265625 0.30078125 0.796875 0.3828125 0.85546875
0 0.962890625 0.22265625 0.96875 0.17578125 0.935546875 0.171875 0.9296875 0.21875 0.962890625 0.22265625