0 0.337890625 0.37890625 0.23828125 0.1484375 0.15234375 0.185546875 0.251953125 0.416015625 0.2578125 0.4140625
0 0.400390625 0.330078125 0.353515625 0.21875 0.28125 0.25 0.330078125 0.361328125
0 0.83203125 0.162109375 0.76171875 0 0.74609375 0 0.677734375 0.029296875 0.751953125 0.197265625
0 0.759765625 0.21484375 0.724609375 0.134765625 0.60546875 0.1875 0.638671875 0.267578125 0.646484375 0.263671875
0 0.451171875 0.029296875 0.396484375 0.052734375 0.486328125 0.259765625 0.541015625 0.236328125
0 0.923828125 0.10546875 0.84375 0.140625 0.87109375 0.203125 0.951171875 0.16796875
0 0.94140625 0.146484375 1 0.12109375 1 0.072265625 0.923828125 0.10546875
0 0.669921875 0.49609375 0.63671875 0.421875 0.435546875 0.509765625 0.447265625 0.53515625 0.419921875 0.546875 0.435546875 0.5859375 0.412109375 0.595703125 0.431640625 0.640625 0.447265625 0.6328125 0.517578125 0.79296875 0.78125 0.677734375 0.791015625 0.69921875 0.900390625 0.65234375 0.890625 0.630859375 0.947265625 0.60546875 0.9296875 0.568359375 0.94921875 0.55859375 0.873046875 0.37890625 0.857421875 0.38671875 0.8359375 0.3359375 0.638671875 0.421875
0 0.099609375 0.099609375 0.099609375 0 0 0 0 0.09765625 0.099609375 0.099609375
0 0.322265625 0.619140625 0.298828125 0.556640625 0.26171875 0.572265625 0.28515625 0.6328125 0.322265625 0.619140625
0 0.6953125 0.294921875 0.681640625 0.2578125 0.623046875 0.279296875 0.638671875 0.31640625 0.6953125 0.294921875