0 0.404296875 0.056640625 0.474609375 0.05859375 0.474609375 0 0.404296875 0
0 0.533203125 0.03515625 0.7890625 0.04296875 0.814453125 0.068359375 0.83984375 0.04296875 0.93359375 0.046875 0.93359375 0 0.533203125 0
0 0.970703125 0.19140625 0.9765625 0.18359375 0.98046875 0.173828125 0.994140625 0.173828125 0.998046875 0 0.947265625 0 0.9453125 0.177734375 0.853515625 0.17578125 0.8515625 0.208984375 0.943359375 0.212890625 0.943359375 0.205078125 0.962890625 0.205078125 0.962890625 0.19140625
0 0.62109375 0.158203125 0.62109375 0.1640625 0.505859375 0.16015625 0.505859375 0.197265625 0.716796875 0.203125 0.716796875 0.16015625
0 0.369140625 0.052734375 0.369140625 0 0.314453125 0 0.314453125 0.05078125
0 0.078125 0.064453125 0.3125 0.072265625 0.314453125 0.00390625 0.19140625 0 0.078125 0
0 0.322265625 0.6171875 0.322265625 0.634765625 0.287109375 0.634765625 0.28515625 0.69140625 0.427734375 0.6953125 0.4296875 0.638671875 0.40234375 0.63671875 0.40234375 0.619140625 0.3828125 0.6171875 0.3828125 0.63671875 0.341796875 0.63671875 0.341796875 0.6171875
0 0.08984375 0.59375 0.08984375 0.611328125 0.05078125 0.611328125 0.048828125 0.66796875 0.1953125 0.673828125 0.197265625 0.615234375 0.169921875 0.61328125 0.169921875 0.595703125 0.150390625 0.595703125 0.150390625 0.61328125 0.109375 0.61328125 0.109375 0.59375
0 0.212890625 0.392578125 0.212890625 0.380859375 0.0625 0.375 0.060546875 0.427734375 0.2421875 0.43359375 0.2421875 0.392578125
0 0.365234375 0.845703125 0.365234375 0.869140625 0.3125 0.8671875 0.310546875 0.923828125 0.45703125 0.927734375 0.458984375 0.87109375 0.416015625 0.869140625 0.416015625 0.84765625
0 0.099609375 0.837890625 0.09765625 0.857421875 0.044921875 0.857421875 0.04296875 0.91015625 0.189453125 0.916015625 0.189453125 0.861328125 0.154296875 0.859375 0.15625 0.83984375 0.1328125 0.837890625
0 0.3125 0.845703125 0.19140625 0.841796875 0.189453125 0.919921875 0.310546875 0.923828125 0.3125 0.86328125
0 0.05078125 0.66796875 0.044921875 0.857421875 0.09765625 0.857421875 0.099609375 0.837890625 0.1328125 0.837890625 0.138671875 0.671875
0 0.056640625 0.427734375 0.052734375 0.611328125 0.08984375 0.611328125 0.08984375 0.59375 0.109375 0.59375 0.109375 0.61328125 0.140625 0.61328125 0.14453125 0.431640625
0 0.3046875 0.384765625 0.3046875 0.39453125 0.265625 0.392578125 0.263671875 0.439453125 0.4453125 0.4453125 0.447265625 0.388671875
0 0.51953125 0.3671875 0.517578125 0.431640625 0.744140625 0.439453125 0.74609375 0.375
0 0.48046875 0.3671875 0.46875 0.783203125 0.5078125 0.78515625 0.51953125 0.3671875
0 0.515625 0.84765625 0.474609375 0.845703125 0.470703125 0.986328125 0.51171875 0.98828125 0.51171875 0.947265625
0 0.513671875 0.56640625 0.728515625 0.572265625 0.73046875 0.51171875 0.515625 0.505859375
0 0.509765625 0.671875 0.728515625 0.677734375 0.73046875 0.6171875 0.51171875 0.611328125
0 0.73046875 0.77734375 0.732421875 0.701171875 0.509765625 0.6953125 0.5078125 0.771484375
0 0.51171875 0.947265625 0.58984375 0.94921875 0.591796875 0.849609375 0.515625 0.84765625
0 0.6171875 0.8203125 0.615234375 0.853515625 0.693359375 0.85546875 0.6953125 0.822265625 0.638671875 0.822265625
0 0.46875 0.783203125 0.466796875 0.828125 0.6171875 0.833984375 0.6171875 0.8203125 0.638671875 0.822265625 0.640625 0.7890625 0.5078125 0.78515625
0 0.662109375 0.916015625 0.66015625 0.9765625 0.705078125 0.978515625 0.705078125 0.91796875
0 0.6640625 0.85546875 0.615234375 0.853515625 0.61328125 0.96875 0.66015625 0.970703125 0.662109375 0.916015625
0 0.708984375 0.81640625 0.705078125 0.978515625 0.7578125 0.978515625 0.763671875 0.81640625
0 0.77734375 0.97265625 0.837890625 0.974609375 0.841796875 0.82421875 0.78125 0.822265625
0 0.8515625 0.990234375 0.90625 0.9921875 0.91015625 0.822265625 0.85546875 0.8203125
0 0.74609375 0.5234375 0.7421875 0.640625 0.80078125 0.642578125 0.8046875 0.525390625
0 0.876953125 0.78125 0.884765625 0.533203125 0.8203125 0.53125 0.814453125 0.779296875
0 0.771484375 0.642578125 0.76953125 0.77734375 0.814453125 0.779296875 0.818359375 0.642578125 0.80078125 0.642578125
0 0.89453125 0.53125 0.890625 0.703125 0.947265625 0.705078125 0.951171875 0.53125 0.927734375 0.53125
0 0.857421875 0.34375 0.85546875 0.3828125 0.798828125 0.3828125 0.796875 0.44140625 0.869140625 0.443359375 0.8671875 0.529296875 0.927734375 0.53125 0.9296875 0.466796875 0.9453125 0.466796875 0.947265625 0.40625 0.9296875 0.38671875 0.931640625 0.345703125
0 0.076171875 0.02734375 0.076171875 0 0.01953125 0 0.01953125 0.02734375 0.076171875 0.02734375