0 0.119140625 0.693359375 0.119140625 0.849609375 0.158203125 0.849609375 0.158203125 0.787109375 0.15625 0.787109375 0.15625 0.74609375 0.263671875 0.74609375 0.263671875 0.75 0.296875 0.75 0.296875 0.75390625 0.326171875 0.75390625 0.326171875 0.693359375
0 0.328125 0.82421875 0.236328125 0.82421875 0.236328125 0.849609375 0.203125 0.849609375 0.203125 0.9140625 0.328125 0.9140625
0 0.46484375 0.6640625 0.462890625 0.708984375 0.708984375 0.71875 0.708984375 0.705078125 0.7421875 0.70703125 0.744140625 0.673828125
0 0.708984375 0.705078125 0.705078125 0.87109375 0.73828125 0.87109375 0.7421875 0.70703125
0 0.228515625 0.65234375 0.17578125 0.65234375 0.17578125 0.693359375 0.228515625 0.693359375
0 0.349609375 0.900390625 0.380859375 0.900390625 0.380859375 0.8203125 0.349609375 0.8203125
0 0.951171875 0.048828125 1 0.048828125 1 0 0.953125 0
0 0.951171875 0.22265625 1 0.22265625 1 0.16796875 0.951171875 0.16796875
0 0.947265625 0.1171875 1 0.1171875 1 0.05859375 0.94921875 0.05859375
0 0.125 0.12109375 0.451171875 0.1171875 0.451171875 0.05078125 0.125 0.056640625
0 0.595703125 0.166015625 0.59375 0.228515625 0.78515625 0.23046875 0.78515625 0.271484375 0.810546875 0.271484375 0.810546875 0.16796875
0 0.91015625 0.138671875 0.83984375 0.13671875 0.83984375 0.20703125 0.91015625 0.20703125 0.91015625 0.16796875
0 0.41796875 0.57421875 0.416015625 0.640625 0.498046875 0.642578125 0.5 0.576171875
0 0.423828125 0.5078125 0.38671875 0.5078125 0.384765625 0.57421875 0.423828125 0.57421875
0 0.384765625 0.57421875 0.384765625 0.630859375 0.416015625 0.6328125 0.41796875 0.57421875
0 0.5703125 0.080078125 0.568359375 0 0.501953125 0 0.50390625 0.08203125 0.5703125 0.080078125
0 0.041015625 0.076171875 0.0390625 0 0 0 0 0.076171875 0.041015625 0.076171875
0 0.99609375 0.99609375 1 0.740234375 0.974609375 0.740234375 0.970703125 0.994140625 0.99609375 0.99609375
0 0.564453125 0.232421875 0.552734375 0.095703125 0.509765625 0.099609375 0.521484375 0.236328125 0.564453125 0.232421875
0 0.58203125 1 0.58203125 0.962890625 0.478515625 0.9609375 0.4765625 1 0.58203125 1
0 0.669921875 0.30078125 0.671875 0.265625 0.6015625 0.263671875 0.6015625 0.298828125 0.669921875 0.30078125