0 0.23046875 0.615234375 0.205078125 0.728515625 0.279296875 0.74609375 0.306640625 0.630859375
0 0.177734375 0.66015625 0.17578125 0.671875 0.12890625 0.66015625 0.1171875 0.708984375 0.205078125 0.728515625 0.21875 0.669921875
0 0.13671875 0.630859375 0.09375 0.62109375 0.076171875 0.69921875 0.1171875 0.708984375 0.12890625 0.66015625
0 0.21484375 0.7421875 0.142578125 0.724609375 0.134765625 0.7578125 0.208984375 0.775390625 0.21484375 0.748046875
0 0.21484375 0.748046875 0.18359375 0.880859375 0.24609375 0.896484375 0.27734375 0.763671875
0 0.076171875 0.84765625 0.052734375 0.955078125 0.15234375 0.978515625 0.177734375 0.87109375 0.107421875 0.853515625
0 0.119140625 0.970703125 0.111328125 1 0.173828125 1 0.177734375 0.984375 0.15234375 0.978515625
0 0.17578125 0.87890625 0.15234375 0.978515625 0.177734375 0.984375 0.173828125 0.994140625 0.201171875 1 0.23828125 1 0.263671875 0.900390625 0.18359375 0.880859375
0 0.048828125 0.953125 0.041015625 0.994140625 0.06640625 1 0.111328125 1 0.119140625 0.970703125 0.052734375 0.955078125
0 0.1640625 0.8671875 0.169921875 0.837890625 0.11328125 0.826171875 0.107421875 0.853515625
0 0.044921875 0.830078125 0.087890625 0.71484375 0.056640625 0.703125 0.013671875 0.818359375 0.0234375 0.822265625
0 0 0.94140625 0 0.978515625 0.041015625 0.98828125 0.048828125 0.953125
0 0 0.984375 0 1 0.03515625 1 0.037109375 0.998046875
0 0.9921875 0.19140625 0.943359375 0.2734375 1 0.3046875 1 0.1953125 0.994140625 0.193359375
0 0.25 0.2109375 0.359375 0.251953125 0.396484375 0.1484375 0.287109375 0.107421875
0 0.4140625 0.306640625 0.275390625 0.251953125 0.26171875 0.28515625 0.400390625 0.33984375
0 0.310546875 0.3046875 0.287109375 0.361328125 0.390625 0.40234375 0.4140625 0.345703125 0.400390625 0.33984375
0 0.21484375 0.267578125 0.1875 0.337890625 0.283203125 0.375 0.310546875 0.3046875 0.26171875 0.28515625
0 0.208984375 0.388671875 0.216796875 0.365234375 0.185546875 0.353515625 0.158203125 0.43359375 0.193359375 0.4453125 0.19921875 0.43359375 0.25390625 0.451171875 0.267578125 0.408203125
0 0.263671875 0.466796875 0.32421875 0.486328125 0.341796875 0.431640625 0.28125 0.412109375
0 0.14453125 0.5 0.21484375 0.513671875 0.22265625 0.4765625 0.15234375 0.462890625
0 0.22265625 0.53515625 0.13671875 0.515625 0.123046875 0.576171875 0.208984375 0.595703125 0.220703125 0.54296875
0 0.220703125 0.54296875 0.205078125 0.609375 0.306640625 0.630859375 0.3125 0.6328125 0.328125 0.568359375
0 0.013671875 0.818359375 0.015625 0.814453125 0.001953125 0.80859375 0 0.8125 0 0.876953125 0.0234375 0.822265625
0 0.068359375 0.09765625 0.078125 0.052734375 0 0.033203125 0 0.080078125
0 0.123046875 0.052734375 0.1484375 0.06640625 0.16796875 0.025390625 0.140625 0.013671875
0 0.005859375 0.4140625 0.021484375 0.36328125 0 0.35546875 0 0.412109375
0 0.021484375 0.36328125 0 0.435546875 0 0.443359375 0.0234375 0.451171875 0.048828125 0.373046875
0 0.033203125 0.31640625 0.046875 0.26953125 0.005859375 0.2578125 0 0.27734375 0 0.306640625
0 0.021484375 0.107421875 0 0.19140625 0 0.240234375 0.091796875 0.263671875 0.123046875 0.134765625
0 0.158203125 0.830078125 0.169921875 0.791015625 0.078125 0.763671875 0.06640625 0.802734375 0.158203125 0.830078125
0 0.109375 0.5703125 0.126953125 0.515625 0.091796875 0.50390625 0.072265625 0.556640625 0.109375 0.5703125
0 0.458984375 0.0859375 0.47265625 0.04296875 0.380859375 0.013671875 0.3671875 0.056640625 0.458984375 0.0859375
0 0.078125 0.654296875 0.10546875 0.564453125 0.06640625 0.552734375 0.0390625 0.642578125 0.078125 0.654296875