0 0.916015625 0.951171875 0.810546875 0.998046875 0.810546875 1 0.9375 1
0 0.66015625 0.927734375 0.6875 1 0.78515625 1 0.85546875 0.970703125 0.8125 0.86328125
0 0.841796875 0.71484375 0.783203125 0.52734375 0.716796875 0.5546875 0.779296875 0.73046875
0 0.734375 0.599609375 0.67578125 0.62109375 0.72265625 0.75390625 0.78125 0.734375 0.779296875 0.73046875
0 0.681640625 0.453125 0.673828125 0.45703125 0.63671875 0.5078125 0.638671875 0.513671875 0.55859375 0.5625 0.548828125 0.546875 0.515625 0.56640625 0.509765625 0.556640625 0.470703125 0.580078125 0.52734375 0.671875 0.734375 0.599609375 0.716796875 0.5546875
0 0.8203125 0.388671875 0.681640625 0.453125 0.716796875 0.5546875 0.8828125 0.48828125 0.82421875 0.39453125
0 0.0234375 0.361328125 0.099609375 0.30078125 0 0.234375 0 0.3515625
0 0.552734375 0.970703125 0.568359375 1 0.587890625 1 0.568359375 0.9609375
0 0.61328125 0.939453125 0.568359375 0.9609375 0.587890625 1 0.64453125 1
0 0.919921875 0.68359375 0.99609375 0.65625 0.935546875 0.47265625 0.8828125 0.48828125 0.857421875 0.498046875
0 0.896484375 0.314453125 0.837890625 0.3671875 0.841796875 0.375 0.82421875 0.39453125 0.828125 0.3984375 0.919921875 0.361328125 0.93359375 0.359375
0 1 0.447265625 1 0.427734375 0.97265625 0.353515625 0.919921875 0.361328125 0.828125 0.3984375 0.8828125 0.48828125 0.935546875 0.47265625
0 0.53125 0.8359375 0.556640625 0.818359375 0.53515625 0.791015625 0.509765625 0.810546875
0 0.53125 0.95703125 0.48828125 0.9765625 0.494140625 0.99609375 0.5390625 0.9765625
0 0.3125 0.84765625 0.30859375 0.818359375 0.2265625 0.833984375 0.232421875 0.861328125
0 0.345703125 0.841796875 0.16796875 0.873046875 0.173828125 0.90625 0.3515625 0.875
0 0.54296875 0.7578125 0.533203125 0.673828125 0.484375 0.6796875 0.49609375 0.763671875 0.54296875 0.7578125
0 0.4609375 0.998046875 0.4609375 0.9609375 0.2578125 0.9609375 0.2578125 1 0.4609375 0.998046875
0 0.591796875 0.447265625 0.560546875 0.373046875 0.525390625 0.388671875 0.556640625 0.4609375 0.591796875 0.447265625
0 0.0234375 0.47265625 0.0234375 0.404296875 0 0.404296875 0 0.47265625 0.0234375 0.47265625