0 0.119140625 0.765625 0.123046875 0.798828125 0.08203125 0.802734375 0.0859375 0.841796875 0.26953125 0.8203125 0.265625 0.78125 0.2265625 0.787109375 0.22265625 0.75390625
0 0.0546875 0.4609375 0.05859375 0.5 0.021484375 0.50390625 0.02734375 0.55078125 0.216796875 0.529296875 0.2109375 0.466796875 0.1796875 0.470703125 0.177734375 0.447265625
0 0.146484375 0.201171875 0.138671875 0.126953125 0 0.142578125 0 0.216796875 0.109375 0.205078125
0 0.900390625 0.15234375 0.86328125 0.15625 0.865234375 0.18359375 0.822265625 0.185546875 0.822265625 0.158203125 0.775390625 0.162109375 0.77734375 0.18359375 0.755859375 0.18359375 0.759765625 0.25 0.83203125 0.244140625 0.83203125 0.232421875 0.85546875 0.23046875 0.857421875 0.2421875 0.921875 0.23828125 0.91796875 0.173828125 0.90234375 0.173828125 0.90234375 0.166015625
0 0.974609375 0.140625 0.9765625 0.162109375 0.955078125 0.1640625 0.958984375 0.228515625 1 0.224609375 1 0.13671875
0 0.802734375 0.642578125 0.8515625 0.626953125 0.845703125 0.60546875 0.96484375 0.568359375 0.935546875 0.470703125 0.673828125 0.55078125 0.724609375 0.716796875 0.81640625 0.6875
0 0.935546875 0.66796875 0.947265625 0.701171875 0.970703125 0.693359375 0.998046875 0.78125 0.9609375 0.79296875 0.900390625 0.810546875 0.890625 0.775390625 0.85546875 0.78515625 0.8359375 0.724609375 0.7265625 0.759765625 0.775390625 0.9140625 1 0.84375 1 0.646484375
0 0.6640625 0.412109375 0.65234375 0.375 0.583984375 0.396484375 0.587890625 0.408203125 0.544921875 0.419921875 0.560546875 0.474609375 0.607421875 0.4609375 0.611328125 0.4765625 0.7578125 0.43359375 0.7421875 0.384765625
0 0.7578125 0.380859375 0.66015625 0.095703125 0.56640625 0.126953125 0.6640625 0.412109375 0.7421875 0.384765625
0 0.64453125 0 0.498046875 0 0.53125 0.095703125 0.662109375 0.05078125
0 0.296875 0.81640625 0.296875 0.853515625 0.26171875 0.853515625 0.263671875 0.916015625 0.298828125 0.916015625 0.30078125 0.9765625 0.349609375 0.974609375 0.345703125 0.814453125