0 0.677734375 0.982421875 0.693359375 1 0.751953125 1 0.70703125 0.953125
0 0.724609375 0.923828125 0.759765625 1 0.921875 1 1 0.98046875 1 0.859375
0 0.462890625 1 0.521484375 1 0.5078125 0.962890625 0.45703125 0.984375
0 0.619140625 0.947265625 0.59375 0.974609375 0.619140625 1 0.65625 1 0.666015625 0.990234375
0 0.5546875 0.9140625 0.63671875 0.87890625 0.611328125 0.822265625 0.529296875 0.857421875
0 0.677734375 0.822265625 0.640625 0.83984375 0.66015625 0.884765625 0.69921875 0.8671875 0.6796875 0.822265625
0 0.677734375 0.8125 0.6796875 0.822265625 0.69921875 0.8671875 0.689453125 0.87109375 0.703125 0.927734375 1 0.859375 1 0.73828125
0 0.751953125 0.279296875 0.796875 0.28125 0.798828125 0.244140625 0.751953125 0.244140625
0 0.771484375 0.3046875 0.794921875 0.3046875 0.794921875 0.291015625 0.771484375 0.29296875
0 0.806640625 0.224609375 0.80859375 0.17578125 0.7578125 0.17578125 0.755859375 0.224609375
0 0.818359375 0.16015625 0.818359375 0.123046875 0.751953125 0.123046875 0.751953125 0.16015625
0 0.830078125 0.10546875 0.83203125 0.056640625 0.7578125 0.052734375 0.755859375 0.103515625
0 0.748046875 0.318359375 0.748046875 0.271484375 0.671875 0.26953125 0.677734375 0.271484375 0.67578125 0.318359375
0 0.66796875 0.05078125 0.666015625 0.26953125 0.671875 0.26953125 0.740234375 0.271484375 0.7421875 0.05078125
0 0.638671875 0.26953125 0.63671875 0.31640625 0.67578125 0.318359375 0.677734375 0.271484375 0.666015625 0.26953125
0 0.587890625 0.26953125 0.587890625 0.31640625 0.63671875 0.31640625 0.63671875 0.26953125
0 0.58984375 0.05078125 0.587890625 0.26953125 0.666015625 0.26953125 0.66796875 0.05078125
0 0.59765625 0.05078125 0.833984375 0.05078125 0.833984375 0 0.59765625 0
0 0.36328125 0.1953125 0.38671875 0.1953125 0.388671875 0.333984375 0.42578125 0.33203125 0.42578125 0.30859375 0.587890625 0.30859375 0.587890625 0.02734375 0.59765625 0.02734375 0.59765625 0.001953125 0.482421875 0.001953125 0.482421875 0 0.361328125 0
0 0.068359375 0.33203125 0.068359375 0.34765625 0.033203125 0.349609375 0.033203125 0.404296875 0.263671875 0.388671875 0.26171875 0.353515625 0.224609375 0.353515625 0.22265625 0.33984375 0.21875 0.328125 0.197265625 0.328125 0.1796875 0.333984375 0.181640625 0.3515625 0.107421875 0.357421875 0.10546875 0.328125
0 0.146484375 0.08984375 0.150390625 0.146484375 0.13671875 0.146484375 0.13671875 0.166015625 0.2265625 0.169921875 0.248046875 0.166015625 0.236328125 0.12109375 0.2265625 0.123046875 0.21875 0.078125
0 0.501953125 0.822265625 0.51953125 0.861328125 0.560546875 0.84375 0.54296875 0.802734375
0 0.697265625 0.783203125 0.671875 0.724609375 0.533203125 0.783203125 0.560546875 0.84375 0.611328125 0.822265625
0 0.509765625 0.693359375 0.572265625 0.67578125 0.5546875 0.611328125 0.4921875 0.62890625
0 0.41796875 0.5390625 0.44921875 0.53515625 0.443359375 0.501953125 0.4140625 0.505859375
0 0.521484375 0.490234375 0.466796875 0.501953125 0.470703125 0.52734375 0.52734375 0.515625
0 0.52734375 0.515625 0.474609375 0.52734375 0.423828125 0.54296875 0.44140625 0.60546875 0.544921875 0.576171875
0 0.29296875 0.60546875 0.248046875 0.630859375 0.279296875 0.6875 0.32421875 0.662109375 0.322265625 0.65625
0 0.3359375 0.572265625 0.2890625 0.59765625 0.322265625 0.65625 0.3671875 0.630859375
0 0.28125 0.595703125 0.341796875 0.55859375 0.330078125 0.541015625 0.26953125 0.576171875
0 0.46875 0.419921875 0.390625 0.419921875 0.390625 0.447265625 0.46875 0.447265625 0.46875 0.42578125
0 0.55859375 0.451171875 0.556640625 0.41796875 0.486328125 0.419921875 0.486328125 0.451171875
0 0.486328125 0.42578125 0.46875 0.42578125 0.46875 0.451171875 0.486328125 0.451171875
0 0.404296875 0.412109375 0.44140625 0.412109375 0.44140625 0.39453125 0.404296875 0.39453125
0 0.609375 0.373046875 0.609375 0.41015625 0.576171875 0.408203125 0.57421875 0.447265625 0.609375 0.44921875 0.63671875 0.44921875 0.638671875 0.373046875
0 0.75 0.419921875 0.751953125 0.35546875 0.69140625 0.353515625 0.689453125 0.419921875
0 0.880859375 0.09375 0.8359375 0.11328125 0.818359375 0.21875 0.84375 0.22265625 0.841796875 0.232421875 0.8671875 0.236328125 0.8515625 0.33203125 0.94921875 0.34765625 0.98828125 0.111328125
0 0.97265625 0.068359375 0.939453125 0.068359375 0.939453125 0.087890625 0.97265625 0.0859375
0 0.916015625 0.056640625 0.9140625 0.01171875 0.873046875 0.015625 0.876953125 0.06640625 0.916015625 0.064453125
0 0.970703125 0.095703125 1 0.095703125 1 0 0.974609375 0
0 0.296875 0.541015625 0.26953125 0.46875 0.19921875 0.494140625 0.224609375 0.56640625 0.279296875 0.546875
0 0.392578125 0.970703125 0.37109375 0.921875 0.337890625 0.935546875 0.359375 0.986328125 0.392578125 0.970703125
0 0.505859375 0.943359375 0.48828125 0.91015625 0.43359375 0.9375 0.451171875 0.970703125 0.505859375 0.943359375