0 0.869140625 0.361328125 0.744140625 0.33984375 0.673828125 0.345703125 0.525390625 0.421875 0.51953125 0.396484375 0.51171875 0.38671875 0.4765625 0.3828125 0.427734375 0.390625 0.412109375 0.4140625 0.408203125 0.46875 0.416015625 0.5 0.427734375 0.5078125 0.44921875 0.51171875 0.423828125 0.5546875 0.41015625 0.591796875 0.48828125 0.662109375 0.52734375 0.626953125 0.568359375 0.61328125 0.60546875 0.61328125 0.689453125 0.615234375 0.732421875 0.63671875 0.849609375 0.68359375 0.9375 0.55859375 0.904296875 0.5390625 0.95703125 0.43359375 0.9296875 0.421875 0.943359375 0.39453125
0 0.8125 0.828125 0.791015625 0.8203125 0.765625 0.83203125 0.76953125 0.8515625 0.73046875 0.87890625 0.65234375 0.90234375 0.64453125 0.876953125 0.576171875 0.884765625 0.54296875 0.873046875 0.517578125 0.857421875 0.494140625 0.845703125 0.501953125 0.876953125 0.4609375 0.904296875 0.41796875 0.896484375 0.41796875 0.953125 0.431640625 1 0.76953125 1
0 1 0.81640625 1 0.783203125 0.99609375 0.779296875 0.96484375 0.759765625 0.939453125 0.744140625 0.91015625 0.73828125 0.892578125 0.73828125 0.87109375 0.744140625 0.85546875 0.76171875 0.84375 0.76953125 0.84375 0.783203125 0.84765625 0.83203125
0 0.732421875 0.63671875 0.689453125 0.615234375 0.60546875 0.61328125 0.568359375 0.61328125 0.52734375 0.626953125 0.48828125 0.662109375 0.466796875 0.748046875 0.466796875 0.783203125 0.494140625 0.845703125 0.517578125 0.857421875 0.54296875 0.873046875 0.576171875 0.884765625 0.64453125 0.876953125 0.65234375 0.90234375 0.73046875 0.87890625 0.751953125 0.826171875 0.759765625 0.783203125 0.83203125 0.77734375 0.849609375 0.68359375
0 0.59375 0 0.421875 0 0.423828125 0.021484375 0.595703125 0.015625
0 0.958984375 0.921875 0.958984375 0.91015625 0.92578125 0.912109375 0.927734375 0.921875 0.908203125 0.923828125 0.90234375 0.91796875 0.87890625 0.939453125 0.8828125 0.943359375 0.880859375 0.951171875 0.873046875 0.953125 0.86328125 0.97265625 0.873046875 0.998046875 0.859375 0.998046875 0.859375 1 0.9140625 1 0.919921875 0.9765625 1 0.97265625 1 0.91796875
0 0.08984375 0.68359375 0.0859375 0.58984375 0 0.59375 0 0.689453125 0.08984375 0.68359375
0 0.0234375 0.54296875 0.0234375 0.41796875 0 0.41796875 0 0.54296875 0.0234375 0.54296875
0 0.025390625 0.10546875 0.025390625 0 0 0 0 0.10546875 0.025390625 0.10546875
0 1 0.0390625 1 0 0.8515625 0 0.8515625 0.0390625 1 0.0390625
0 0.04296875 0.361328125 0.04296875 0.318359375 0 0.318359375 0 0.36328125 0.04296875 0.361328125
0 0.099609375 0.404296875 0.095703125 0.32421875 0.0546875 0.32421875 0.056640625 0.404296875 0.099609375 0.404296875
0 0.03125 0.818359375 0.029296875 0.75 0 0.75 0 0.818359375 0.03125 0.818359375