0 0.03515625 0.40625 0.03515625 0.337890625 0 0.337890625 0 0.40625
0 0.041015625 0.0234375 0.041015625 0 0 0 0 0.0234375
0 0 0.1484375 0 0.216796875 0.048828125 0.216796875 0.048828125 0.1640625 0.0078125 0.1640625 0.0078125 0.1484375
0 0.2265625 0.486328125 0.330078125 0.486328125 0.330078125 0.419921875 0.2265625 0.419921875
0 0.07421875 0.5 0.171875 0.5 0.171875 0.439453125 0.07421875 0.439453125
0 0.40234375 0.35546875 0.5 0.35546875 0.5 0.296875 0.40234375 0.296875
0 0.408203125 0.064453125 0.408203125 0.0859375 0.357421875 0.0859375 0.357421875 0.13671875 0.48046875 0.13671875 0.48046875 0.0859375 0.431640625 0.0859375 0.431640625 0.064453125
0 0.515625 0.25 0.611328125 0.25 0.611328125 0.18359375 0.515625 0.18359375
0 0.66796875 0.181640625 0.7734375 0.181640625 0.7734375 0.115234375 0.66796875 0.115234375
0 0.265625 0.234375 0.265625 0.244140625 0.228515625 0.244140625 0.228515625 0.255859375 0.193359375 0.255859375 0.193359375 0.24609375 0.162109375 0.24609375 0.162109375 0.234375 0.142578125 0.234375 0.142578125 0.24609375 0.12109375 0.24609375 0.12109375 0.255859375 0.087890625 0.255859375 0.087890625 0.298828125 0.337890625 0.298828125 0.337890625 0.255859375 0.302734375 0.255859375 0.302734375 0.244140625 0.2890625 0.244140625 0.2890625 0.234375
0 0.556640625 0.88671875 0.5703125 0.904296875 0.525390625 0.9375 0.51171875 0.91796875 0.48046875 0.939453125 0.4921875 0.958984375 0.4453125 0.9921875 0.431640625 0.97265625 0.404296875 0.9921875 0.408203125 1 0.515625 1 0.646484375 0.908203125 0.62109375 0.869140625 0.603515625 0.880859375 0.58984375 0.86328125