0 0.462890625 0.4140625 0.486328125 0.369140625 0.23828125 0.232421875 0.109375 0.46875 0.357421875 0.60546875 0.3828125 0.556640625 0.416015625 0.57421875 0.494140625 0.431640625
0 0.779296875 0.59375 0.7890625 0.55078125 0.66015625 0.474609375 0.619140625 0.53515625 0.63671875 0.61328125
0 0.572265625 0.654296875 0.556640625 0.603515625 0.384765625 0.65625 0.3984375 0.70703125
0 0.001953125 0.7578125 0.13671875 0.712890625 0.125 0.677734375 0 0.71875 0 0.771484375 0.005859375 0.76953125
0 0.150390625 0.70703125 0.001953125 0.7578125 0.01953125 0.8046875 0.16796875 0.755859375
0 0.33203125 0.66796875 0.314453125 0.61328125 0.125 0.677734375 0.13671875 0.712890625 0.150390625 0.70703125 0.158203125 0.7265625 0.31640625 0.673828125
0 0.642578125 0.927734375 0.599609375 1 0.66796875 1 0.693359375 0.95703125
0 0.818359375 0.931640625 0.791015625 0.978515625 0.826171875 1 0.93359375 1
0 0.958984375 0.673828125 0.828125 0.8984375 0.873046875 0.92578125 0.98046875 0.7421875 1 0.751953125 1 0.697265625
0 0.291015625 0.09375 0.263671875 0.140625 0.330078125 0.1796875 0.357421875 0.1328125
0 0.93359375 0.4375 0.978515625 0.46484375 1 0.427734375 1 0.322265625
0 0.5390625 0.26171875 0.56640625 0.21484375 0.39453125 0.115234375 0.3671875 0.162109375
0 0.830078125 0.376953125 0.80859375 0.416015625 0.92578125 0.484375 0.94921875 0.447265625
0 0.77734375 0.396484375 0.810546875 0.3359375 0.62109375 0.2265625 0.587890625 0.28515625
0 0.37109375 0 0.3125 0 0.267578125 0.080078125 0.310546875 0.10546875
0 0.517578125 0 0.458984375 0 0.451171875 0.015625 0.71484375 0.169921875 0.73828125 0.12890625
0 0.92578125 0.291015625 0.951171875 0.248046875 0.7890625 0.15234375 0.763671875 0.1953125
0 0.41796875 0.08984375 0.552734375 0.16796875 0.57421875 0.130859375 0.439453125 0.052734375
0 0.87890625 0.111328125 1 0.1796875 1 0 0.943359375 0
0 0.92578125 0 0.873046875 0 0.822265625 0.087890625 0.861328125 0.11328125
0 0.064453125 0.943359375 0.0703125 0.958984375 0.033203125 0.96875 0.041015625 1 0.12890625 1 0.12890625 0.99609375 0.15234375 0.98828125 0.13671875 0.939453125 0.09765625 0.951171875 0.091796875 0.935546875
0 0.453125 0.87109375 0.1953125 0.9453125 0.208984375 0.9921875 0.466796875 0.91796875
0 0.841796875 0.78515625 0.8203125 0.716796875 0.5390625 0.80078125 0.55859375 0.869140625 0.83203125 0.787109375
0 0.09765625 0.13671875 0.09765625 0 0 0 0 0.138671875 0.09765625 0.13671875
0 0.99609375 0.982421875 0.998046875 0.87109375 0.94140625 0.869140625 0.94140625 0.98046875 0.99609375 0.982421875
0 0.830078125 0.337890625 0.857421875 0.2890625 0.6484375 0.16796875 0.62109375 0.216796875 0.830078125 0.337890625