0 0.134765625 0.08203125 0.134765625 0.02734375 0 0.025390625 0 0.08203125
0 0.162109375 0.181640625 0.162109375 0.14453125 0 0.14453125 0 0.181640625
0 0 0.751953125 0 0.798828125 0.03515625 0.798828125 0.037109375 0.75390625 0.015625 0.75390625
0 0.015625 0.7421875 0.015625 0.75390625 0.033203125 0.75390625 0.033203125 0.7421875
0 0.041015625 0.740234375 0.041015625 0.701171875 0 0.69921875 0 0.740234375
0 0 0.65625 0 0.69921875 0.041015625 0.701171875 0.04296875 0.65625
0 0.0390625 0.8203125 0.1328125 0.822265625 0.13671875 0.650390625 0.04296875 0.6484375 0.041015625 0.740234375
0 0.0078125 0.31640625 0 0.31640625 0 0.4921875 0.005859375 0.4921875 0.0078125 0.3359375
0 0.01953125 0.3515625 0.025390625 0.56640625 0.146484375 0.5625 0.140625 0.34765625
0 0.43359375 0.505859375 0.470703125 0.505859375 0.470703125 0.484375 0.43359375 0.484375
0 0.447265625 0.45703125 0.447265625 0.416015625 0.2578125 0.41796875 0.2578125 0.458984375 0.26953125 0.458984375 0.271484375 0.515625 0.2578125 0.515625 0.2578125 0.5546875 0.44921875 0.552734375 0.447265625 0.515625 0.2890625 0.515625 0.287109375 0.458984375
0 0.236328125 0.287109375 0.236328125 0.33984375 0.173828125 0.33984375 0.173828125 0.37890625 0.4140625 0.37890625 0.4140625 0.33984375 0.40625 0.33984375 0.40625 0.326171875 0.380859375 0.326171875 0.380859375 0.33984375 0.251953125 0.33984375 0.251953125 0.287109375
0 0.41796875 0.287109375 0.41796875 0.244140625 0.171875 0.244140625 0.171875 0.287109375 0.251953125 0.287109375
0 0.419921875 0.32421875 0.419921875 0.3046875 0.39453125 0.3046875 0.39453125 0.32421875
0 0.419921875 0.32421875 0.458984375 0.32421875 0.458984375 0.3046875 0.419921875 0.3046875
0 0.36328125 0.234375 0.43359375 0.234375 0.43359375 0.208984375 0.36328125 0.208984375
0 0.205078125 0.23046875 0.314453125 0.23046875 0.314453125 0.20703125 0.205078125 0.20703125
0 0.330078125 0.23046875 0.330078125 0.20703125 0.314453125 0.20703125 0.314453125 0.23046875
0 0.216796875 0.158203125 0.416015625 0.15625 0.416015625 0.068359375 0.216796875 0.068359375
0 0.8671875 0.087890625 0.833984375 0.08984375 0.8359375 0.158203125 1 0.150390625 1 0.029296875 0.91015625 0.033203125 0.912109375 0.072265625 0.865234375 0.07421875
0 0.912109375 0.072265625 0.912109375 0.0390625 0.896484375 0.0390625 0.890625 0.048828125 0.888671875 0.056640625 0.880859375 0.060546875 0.8671875 0.068359375 0.865234375 0.07421875
0 0.900390625 0.17578125 0.89453125 0.177734375 0.888671875 0.181640625 0.8828125 0.185546875 0.87890625 0.189453125 0.875 0.1953125 0.87109375 0.201171875 0.87109375 0.20703125 0.869140625 0.212890625 0.87109375 0.220703125 0.87109375 0.2265625 0.875 0.232421875 0.87890625 0.23828125 0.8828125 0.2421875 0.888671875 0.24609375 0.89453125 0.25 0.900390625 0.251953125 0.908203125 0.251953125 0.9140625 0.251953125 0.919921875 0.25 0.92578125 0.24609375 0.931640625 0.2421875 0.9375 0.23828125 0.939453125 0.232421875 0.943359375 0.2265625 0.9453125 0.220703125 0.9453125 0.212890625 0.9453125 0.20703125 0.943359375 0.201171875 0.939453125 0.1953125 0.9375 0.189453125 0.931640625 0.185546875 0.92578125 0.181640625 0.919921875 0.177734375 0.9140625 0.17578125 0.908203125 0.17578125
0 0.9921875 0.9609375 0.9921875 0.923828125 0.740234375 0.923828125 0.740234375 0.9609375 0.78125 0.9609375 0.78125 0.9921875 0.767578125 0.9921875 0.767578125 0.984375 0.751953125 0.984375 0.751953125 1 0.841796875 1 0.841796875 0.982421875 0.830078125 0.982421875 0.830078125 0.9609375 0.92578125 0.9609375 0.92578125 0.994140625 0.90625 0.994140625 0.90625 0.982421875 0.896484375 0.982421875 0.896484375 1 0.970703125 1 0.970703125 0.9609375
0 0.623046875 0.93359375 0.625 0.90625 0.5546875 0.904296875 0.5546875 0.931640625
0 0.21484375 0.916015625 0.21484375 1 0.45703125 1 0.45703125 0.916015625
0 0.5234375 0.96875 0.521484375 1 0.66796875 1 0.669921875 0.96875
0 0.5234375 0.931640625 0.5234375 0.96875 0.689453125 0.96875 0.689453125 0.93359375 0.5546875 0.931640625
0 0.203125 0.671875 0.203125 0.76171875 0.28515625 0.8359375 0.421875 0.833984375 0.421875 0.779296875 0.29296875 0.78125 0.294921875 0.77734375 0.294921875 0.775390625 0.29296875 0.771484375 0.29296875 0.76953125 0.291015625 0.765625 0.2890625 0.763671875 0.287109375 0.76171875 0.28515625 0.759765625 0.283203125 0.759765625 0.279296875 0.759765625 0.27734375 0.7578125 0.275390625 0.7578125 0.271484375 0.759765625 0.26953125 0.759765625 0.259765625 0.76171875 0.259765625 0.671875
0 0.2734375 0.62109375 0.271484375 0.689453125 0.31640625 0.689453125 0.31640625 0.623046875
0 0.158203125 0.90234375 0 0.90234375 0 1 0.158203125 1
0 0.162109375 0.2890625 0.162109375 0.228515625 0 0.232421875 0 0.29296875 0.162109375 0.2890625