0 0.15625 0.95703125 0.15625 0.880859375 0 0.880859375 0 0.955078125
0 0.3359375 0.62890625 0.330078125 0.62109375 0.306640625 0.630859375 0.310546875 0.640625 0.236328125 0.673828125 0.232421875 0.666015625 0.20703125 0.677734375 0.212890625 0.6875 0.17578125 0.705078125 0.169921875 0.6953125 0.15234375 0.703125 0.15625 0.7109375 0.126953125 0.724609375 0.146484375 0.767578125 0.37890625 0.66015625 0.359375 0.6171875
0 0.828125 0.65234375 0.82421875 0.6484375 0.806640625 0.65625 0.810546875 0.6640625 0.763671875 0.685546875 0.759765625 0.6796875 0.73828125 0.69140625 0.744140625 0.705078125 0.732421875 0.708984375 0.7265625 0.712890625 0.720703125 0.69921875 0.705078125 0.70703125 0.728515625 0.755859375 0.869140625 0.685546875 0.84765625 0.642578125
0 0.599609375 0.189453125 0.59375 0.177734375 0.576171875 0.1875 0.580078125 0.19921875 0.537109375 0.21875 0.53125 0.20703125 0.513671875 0.21484375 0.51953125 0.2265625 0.482421875 0.244140625 0.501953125 0.2890625 0.646484375 0.22265625 0.625 0.17578125
0 0.466796875 0.39453125 0.462890625 0.38671875 0.447265625 0.39453125 0.451171875 0.40234375 0.369140625 0.443359375 0.365234375 0.43359375 0.345703125 0.4453125 0.349609375 0.453125 0.330078125 0.462890625 0.3515625 0.505859375 0.513671875 0.42578125 0.4921875 0.3828125
0 0.619140625 0.658203125 0.59765625 0.669921875 0.59375 0.662109375 0.57421875 0.671875 0.578125 0.677734375 0.529296875 0.701171875 0.52734375 0.693359375 0.486328125 0.712890625 0.509765625 0.76171875 0.638671875 0.701171875 0.619140625 0.66015625
0 0.017578125 0.125 0.017578125 0.109375 0.02734375 0.109375 0.029296875 0.05859375 0 0.056640625 0 0.123046875
0 0.044921875 0.005859375 0.064453125 0.005859375 0.064453125 0.0234375 0.10546875 0.0234375 0.10546875 0.00390625 0.1328125 0.00390625 0.1328125 0.021484375 0.169921875 0.021484375 0.169921875 0.001953125 0.18359375 0.001953125 0.181640625 0 0.04296875 0
0 0.98046875 0.83984375 1 0.83984375 1 0.8125 0.98046875 0.8125
0 0.724609375 0.544921875 0.673828125 0.427734375 0.62109375 0.451171875 0.669921875 0.568359375 0.724609375 0.544921875
0 0.82421875 0.634765625 0.79296875 0.5625 0.685546875 0.609375 0.716796875 0.681640625 0.82421875 0.634765625
0 0.8125 0.509765625 0.7890625 0.4609375 0.734375 0.486328125 0.755859375 0.53515625 0.8125 0.509765625