0 0.095703125 0.9140625 0 0.91796875 0.001953125 0.974609375 0.09765625 0.96875
0 0.48828125 0.47265625 0.58984375 0.482421875 0.59375 0.423828125 0.494140625 0.416015625
0 0.732421875 0.494140625 0.837890625 0.498046875 0.83984375 0.4453125 0.736328125 0.439453125
0 0.978515625 0.515625 1 0.515625 1 0.462890625 0.982421875 0.462890625
0 0.1953125 0.44921875 0.43359375 0.466796875 0.4375 0.412109375 0.19921875 0.392578125
0 0.51171875 0.189453125 0.505859375 0.228515625 0.525390625 0.232421875 0.5234375 0.2421875 0.568359375 0.251953125 0.5703125 0.240234375 0.609375 0.248046875 0.607421875 0.2578125 0.654296875 0.267578125 0.65625 0.255859375 0.69140625 0.263671875 0.689453125 0.2734375 0.73828125 0.28125 0.740234375 0.271484375 0.75390625 0.2734375 0.759765625 0.234375
0 0.177734375 0.125 0.169921875 0.1640625 0.19140625 0.16796875 0.189453125 0.177734375 0.234375 0.1875 0.236328125 0.17578125 0.275390625 0.18359375 0.2734375 0.193359375 0.3203125 0.203125 0.322265625 0.19140625 0.357421875 0.19921875 0.35546875 0.208984375 0.404296875 0.216796875 0.40625 0.20703125 0.41796875 0.208984375 0.42578125 0.169921875
0 0.865234375 0.318359375 1 0.3203125 1 0.26953125 0.865234375 0.267578125
0 0.97265625 0.8359375 0.97265625 0.826171875 0.927734375 0.828125 0.927734375 0.83984375 0.890625 0.841796875 0.890625 0.830078125 0.83203125 0.833984375 0.833984375 0.845703125 0.818359375 0.845703125 0.8203125 0.88671875 1 0.875 1 0.833984375
0 0.806640625 0.65625 0.806640625 0.666015625 0.794921875 0.666015625 0.794921875 0.70703125 1 0.712890625 1 0.671875 0.96484375 0.671875 0.96484375 0.662109375 0.908203125 0.66015625 0.90625 0.669921875 0.86328125 0.66796875 0.86328125 0.658203125
0 0.50390625 0.7265625 0.751953125 0.70703125 0.748046875 0.654296875 0.5 0.673828125
0 0.603515625 0.84375 0.529296875 0.84765625 0.533203125 0.91796875 0.607421875 0.9140625
0 0.763671875 0.833984375 0.697265625 0.837890625 0.701171875 0.91015625 0.767578125 0.90625
0 0.697265625 0.837890625 0.603515625 0.84375 0.607421875 0.9140625 0.701171875 0.91015625
0 0.392578125 0.857421875 0.39453125 0.869140625 0.36328125 0.87109375 0.36328125 0.859375 0.318359375 0.861328125 0.318359375 0.873046875 0.291015625 0.875 0.291015625 0.86328125 0.23046875 0.8671875 0.23046875 0.87890625 0.21875 0.880859375 0.220703125 0.919921875 0.46875 0.904296875 0.466796875 0.865234375 0.451171875 0.865234375 0.44921875 0.853515625
0 0.40625 0.71875 0.408203125 0.73046875 0.3828125 0.734375 0.380859375 0.72265625 0.3203125 0.732421875 0.322265625 0.744140625 0.291015625 0.748046875 0.2890625 0.73828125 0.2421875 0.744140625 0.244140625 0.755859375 0.2265625 0.7578125 0.232421875 0.8046875 0.478515625 0.767578125 0.470703125 0.720703125 0.451171875 0.72265625 0.44921875 0.712890625
0 0.0546875 0.07421875 0.0546875 0.001953125 0 0.001953125 0 0.07421875 0.0546875 0.07421875
0 0.259765625 0.36328125 0.255859375 0.23046875 0.18359375 0.232421875 0.1875 0.365234375 0.259765625 0.36328125