0 0.4296875 0.11328125 0.4921875 0.166015625 0.517578125 0.138671875 0.455078125 0.083984375
0 0.15625 0.078125 0.208984375 0.125 0.3203125 0 0.224609375 0
0 0.2265625 0.123046875 0.35546875 0.259765625 0.3828125 0.234375 0.25390625 0.09765625
0 0.349609375 0.2890625 0.400390625 0.337890625 0.41796875 0.3203125 0.369140625 0.26953125
0 0.404296875 0.349609375 0.427734375 0.3671875 0.4765625 0.302734375 0.453125 0.28515625
0 0.482421875 0.25390625 0.501953125 0.267578125 0.537109375 0.216796875 0.515625 0.203125
0 0.95703125 0.0703125 1 0.11328125 1 0.048828125 0.98828125 0.037109375
0 0.873046875 0.029296875 0.8359375 0.07421875 0.775390625 0.1640625 0.794921875 0.1796875 0.90234375 0.056640625
0 0.916015625 0.31640625 0.861328125 0.37890625 0.892578125 0.40625 0.947265625 0.34375 0.927734375 0.326171875
0 1 0.251953125 1 0.162109375 0.8828125 0.283203125 0.916015625 0.31640625 0.927734375 0.326171875
0 0.8828125 0.283203125 0.896484375 0.267578125 0.78515625 0.171875 0.72265625 0.244140625 0.869140625 0.37109375 0.916015625 0.31640625
0 0.970703125 0.51171875 1 0.537109375 1 0.4765625
0 0.921875 0.375 0.875 0.427734375 0.970703125 0.51171875 1 0.478515625 1 0.443359375
0 0.828125 0.802734375 0.78125 0.80859375 0.791015625 0.931640625 0.83984375 0.927734375 0.833984375 0.859375
0 0.833984375 0.859375 0.91796875 0.8515625 0.912109375 0.796875 0.828125 0.802734375
0 0.96484375 1 1 1 1 0.865234375 0.99609375 0.81640625 0.94921875 0.8203125
0 0.81640625 0.7265625 0.931640625 0.72265625 0.9296875 0.671875 0.814453125 0.673828125
0 0.970703125 0.72265625 0.96875 0.626953125 0.927734375 0.626953125 0.931640625 0.72265625
0 1 0.611328125 1 0.560546875 0.9609375 0.51171875 0.9375 0.529296875
0 0.568359375 0.50390625 0.66015625 0.5 0.658203125 0.4609375 0.56640625 0.466796875
0 0.6796875 0.60546875 0.556640625 0.607421875 0.55859375 0.728515625 0.6796875 0.7265625 0.6796875 0.638671875
0 0.8046875 0.63671875 0.8046875 0.595703125 0.765625 0.595703125 0.765625 0.638671875 0.78125 0.638671875
0 0.71484375 0.7265625 0.71484375 0.67578125 0.763671875 0.67578125 0.763671875 0.7265625 0.78125 0.724609375 0.78125 0.638671875 0.6796875 0.638671875 0.6796875 0.7265625
0 0.748046875 0.494140625 0.681640625 0.494140625 0.68359375 0.53125 0.748046875 0.53125
0 0.73046875 0.583984375 0.76953125 0.58203125 0.767578125 0.53125 0.73046875 0.53125
0 0.79296875 0.580078125 0.822265625 0.580078125 0.822265625 0.53125 0.79296875 0.53125
0 0.69921875 0.271484375 0.787109375 0.349609375 0.810546875 0.322265625 0.72265625 0.244140625
0 0.6015625 0.40234375 0.626953125 0.421875 0.654296875 0.38671875 0.626953125 0.3671875
0 0.390625 0.6171875 0.419921875 0.58203125 0.373046875 0.54296875 0.34375 0.578125 0.390625 0.6171875
0 0.427734375 0.6953125 0.4296875 0.64453125 0.39453125 0.642578125 0.390625 0.693359375 0.427734375 0.6953125
0 0.6796875 0.365234375 0.71875 0.30859375 0.681640625 0.28125 0.640625 0.337890625 0.6796875 0.365234375
0 0.66015625 0.548828125 0.66015625 0.513671875 0.56640625 0.513671875 0.568359375 0.548828125 0.66015625 0.548828125
0 0.376953125 0.654296875 0.408203125 0.62109375 0.38671875 0.6015625 0.35546875 0.634765625 0.376953125 0.654296875
0 0.392578125 0.9375 0.404296875 0.845703125 0.361328125 0.83984375 0.349609375 0.931640625 0.392578125 0.9375
0 0.36328125 0.37109375 0.333984375 0.337890625 0.310546875 0.357421875 0.33984375 0.390625 0.36328125 0.37109375