0 0.87890625 0.890625 1 0.89453125 1 0.822265625 0.880859375 0.818359375
0 0.501953125 0.876953125 0.5 0.896484375 0.478515625 0.89453125 0.478515625 0.900390625 0.42578125 0.8984375 0.421875 0.955078125 0.583984375 0.962890625 0.587890625 0.8984375 0.533203125 0.896484375 0.53515625 0.87890625
0 0.40234375 0.12890625 0.392578125 0.236328125 0.6171875 0.255859375 0.626953125 0.1484375
0 0.833984375 0.06640625 0.76953125 0.0625 0.759765625 0.16015625 0.826171875 0.1640625
0 0.732421875 0.15625 0.740234375 0.072265625 0.646484375 0.064453125 0.640625 0.1484375
0 0.626953125 0.1484375 0.6171875 0.255859375 0.81640625 0.2734375 0.826171875 0.1640625
0 0.234375 0.1640625 0.369140625 0.169921875 0.37109375 0.107421875 0.236328125 0.1015625
0 0 0.345703125 0 0.4296875 0.1015625 0.412109375 0.087890625 0.33203125
0 0.041015625 0.302734375 0.0234375 0.201171875 0 0.205078125 0 0.30859375
0 0.099609375 0.1796875 0.099609375 0.12109375 0 0.12109375 0 0.1796875
0 0.16796875 0.208984375 0.1640625 0.251953125 0.294921875 0.265625 0.298828125 0.22265625
0 0.298828125 0.22265625 0.294921875 0.265625 0.275390625 0.263671875 0.26953125 0.31640625 0.33984375 0.32421875 0.3515625 0.228515625
0 0.419921875 0.7578125 0.412109375 0.8984375 0.478515625 0.900390625 0.486328125 0.76171875 0.474609375 0.76171875
0 0.828125 0.783203125 0.83203125 0.708984375 0.78515625 0.70703125 0.787109375 0.689453125 0.51953125 0.673828125 0.51953125 0.689453125 0.478515625 0.685546875 0.474609375 0.76171875 0.486328125 0.76171875
0 0.4140625 0.43359375 0.404296875 0.59375 0.41015625 0.60546875 0.421875 0.599609375 0.431640625 0.6171875 0.541015625 0.625 0.55078125 0.443359375 0.4609375 0.4375
0 0.47265625 0.248046875 0.375 0.2421875 0.3671875 0.3671875 0.46484375 0.373046875 0.470703125 0.28515625
0 0.35546875 0.3671875 0.345703125 0.525390625 0.408203125 0.529296875 0.4140625 0.43359375 0.4609375 0.4375 0.46484375 0.373046875 0.3671875 0.3671875
0 0.560546875 0.443359375 0.568359375 0.291015625 0.470703125 0.28515625 0.4609375 0.4375 0.55078125 0.443359375
0 0.1875 0.25390625 0.181640625 0.3203125 0.267578125 0.330078125 0.275390625 0.263671875
0 0.279296875 0.619140625 0.255859375 0.46484375 0 0.505859375 0 0.56640625 0.015625 0.66015625
0 0.306640625 0.904296875 0 0.95703125 0 1 0.322265625 1
0 0.353515625 0.83984375 0.388671875 0.833984375 0.373046875 0.748046875 0.28125 0.765625 0.302734375 0.88671875 0.359375 0.876953125
0 0.875 0.98046875 1 0.984375 1 0.89453125 0.87890625 0.890625
0 0.1796875 0.041015625 0.1796875 0 0 0 0 0.037109375
0 0.24609375 0.017578125 0.5546875 0.025390625 0.5546875 0 0.24609375 0
0 1 0.02734375 1 0 0.751953125 0 0.751953125 0.0234375
0 0.58984375 0.0234375 0.751953125 0.02734375 0.751953125 0 0.58984375 0
0 0.154296875 0.1796875 0.197265625 0.181640625 0.19921875 0.119140625 0.15625 0.1171875
0 1 0.189453125 1 0.1015625 0.9296875 0.1015625 0.927734375 0.1875 1 0.189453125
0 1 0.658203125 1 0.58203125 0.880859375 0.580078125 0.87890625 0.65625 1 0.658203125
0 0.09375 0.08984375 0.09375 0.05078125 0 0.05078125 0 0.08984375 0.09375 0.08984375