0 0.216796875 0.201171875 0.21875 0.212890625 0.208984375 0.212890625 0.2109375 0.236328125 0.33984375 0.23046875 0.337890625 0.20703125 0.33203125 0.20703125 0.330078125 0.1953125
0 0.41796875 0.1953125 0.41796875 0.203125 0.40234375 0.203125 0.40234375 0.1953125 0.369140625 0.197265625 0.37109375 0.216796875 0.392578125 0.216796875 0.39453125 0.244140625 0.4375 0.2421875 0.435546875 0.212890625 0.451171875 0.212890625 0.44921875 0.193359375
0 0.18359375 0.05078125 0.18359375 0.060546875 0.173828125 0.060546875 0.17578125 0.095703125 0.265625 0.091796875 0.265625 0.056640625 0.255859375 0.05859375 0.255859375 0.048828125
0 0.310546875 0.041015625 0.310546875 0.060546875 0.3046875 0.060546875 0.3046875 0.08984375 0.4453125 0.083984375 0.443359375 0.056640625 0.435546875 0.056640625 0.43359375 0.037109375
0 0.736328125 0.154296875 0.712890625 0.154296875 0.712890625 0.138671875 0.6796875 0.138671875 0.6796875 0.154296875 0.650390625 0.15625 0.650390625 0.138671875 0.62109375 0.140625 0.623046875 0.15625 0.580078125 0.15625 0.580078125 0.197265625 0.609375 0.197265625 0.609375 0.21484375 0.6484375 0.21484375 0.6484375 0.205078125 0.6796875 0.205078125 0.6796875 0.21484375 0.7109375 0.21484375 0.7109375 0.1953125 0.736328125 0.1953125 0.736328125 0.16015625
0 0.9453125 0.158203125 0.921875 0.158203125 0.921875 0.142578125 0.888671875 0.142578125 0.890625 0.158203125 0.859375 0.158203125 0.859375 0.142578125 0.83203125 0.142578125 0.83203125 0.158203125 0.7890625 0.16015625 0.7890625 0.201171875 0.818359375 0.201171875 0.8203125 0.21875 0.857421875 0.21875 0.857421875 0.208984375 0.888671875 0.208984375 0.888671875 0.21875 0.919921875 0.21875 0.919921875 0.19921875 0.9453125 0.19921875
0 0 0.50390625 0 0.59765625 0.0234375 0.59765625 0.0234375 0.529296875 0.28515625 0.525390625 0.28515625 0.59375 0.306640625 0.59375 0.306640625 0.564453125 0.31640625 0.564453125 0.31640625 0.552734375 0.306640625 0.552734375 0.3046875 0.5078125 0.08203125 0.509765625 0.080078125 0.50390625
0 0.48046875 0.62109375 0.56640625 0.623046875 0.568359375 0.48046875 0.482421875 0.478515625
0 0.94140625 0.482421875 0.94140625 0.521484375 0.955078125 0.521484375 0.955078125 0.5078125 0.966796875 0.5078125 0.966796875 0.482421875
0 0.6796875 0.80859375 0.615234375 0.80859375 0.615234375 0.984375 0.650390625 0.984375 0.650390625 0.841796875 0.6796875 0.841796875
0 0.650390625 0.861328125 0.650390625 0.984375 1 0.984375 1 0.908203125 0.826171875 0.908203125 0.826171875 0.884765625 0.6796875 0.884765625 0.6796875 0.861328125
0 0.826171875 0.75390625 0.6796875 0.75390625 0.6796875 0.884765625 0.826171875 0.884765625
0 0.591796875 0.689453125 0.521484375 0.69140625 0.52734375 0.9296875 0.59765625 0.9296875
0 0.521484375 0.6796875 0.482421875 0.6796875 0.486328125 0.802734375 0.5234375 0.80078125
0 0.1484375 0.685546875 0.1484375 0.736328125 0.318359375 0.734375 0.318359375 0.68359375
0 0.484375 0.755859375 0.482421875 0.6796875 0.318359375 0.68359375 0.318359375 0.7578125 0.4375 0.755859375
0 0.318359375 0.734375 0.1484375 0.736328125 0.15234375 0.953125 0.177734375 0.951171875 0.1796875 0.9921875 0.27734375 0.990234375 0.27734375 0.96875 0.291015625 0.96875 0.291015625 0.923828125 0.322265625 0.923828125 0.318359375 0.7578125
0 0.4375 0.755859375 0.318359375 0.7578125 0.322265625 0.90625 0.439453125 0.904296875
0 0.015625 0.912109375 0.015625 0.99609375 0.11328125 0.998046875 0.11328125 0.9140625
0 0.015625 1 0.015625 0.912109375 0 0.912109375 0 1
0 0 0.6953125 0 0.912109375 0.12890625 0.9140625 0.12890625 0.6953125
0 0.28515625 0.59375 0.28515625 0.525390625 0.0234375 0.529296875 0.0234375 0.59765625
0 0.1640625 0.466796875 0.080078125 0.46875 0.08203125 0.509765625 0.1640625 0.509765625
0 0.919921875 0.19921875 0.919921875 0.21875 0.888671875 0.21875 0.888671875 0.208984375 0.857421875 0.208984375 0.857421875 0.21875 0.8203125 0.21875 0.818359375 0.201171875 0.7890625 0.201171875 0.7890625 0.16015625 0.736328125 0.16015625 0.736328125 0.1953125 0.7109375 0.1953125 0.7109375 0.21484375 0.6796875 0.21484375 0.6796875 0.205078125 0.6484375 0.205078125 0.6484375 0.21484375 0.609375 0.21484375 0.609375 0.197265625 0.580078125 0.197265625 0.58203125 0.234375 0.947265625 0.232421875 0.9453125 0.19921875
0 0.322265625 0.99609375 0.419921875 0.994140625 0.41796875 0.9453125 0.439453125 0.9453125 0.439453125 0.904296875 0.322265625 0.90625
0 0.474609375 0.904296875 0.4765625 0.982421875 0.59765625 0.98046875 0.59765625 0.9296875 0.52734375 0.9296875 0.525390625 0.90234375
0 0.60546875 0.548828125 0.607421875 0.697265625 0.65625 0.697265625 0.654296875 0.548828125
0 0.890625 0.40625 0.84765625 0.40625 0.845703125 0.552734375 0.888671875 0.552734375
0 0.83984375 0.552734375 0.837890625 0.708984375 0.88671875 0.708984375 0.888671875 0.552734375
0 0.5546875 0.67578125 0.521484375 0.67578125 0.521484375 0.69140625 0.5546875 0.69140625
0 0.630859375 0.537109375 0.66796875 0.537109375 0.669921875 0.5234375 0.6328125 0.5234375
0 0.70703125 0.443359375 0.77734375 0.447265625 0.779296875 0.4140625 0.708984375 0.41015625
0 0.708984375 0.41015625 0.681640625 0.408203125 0.6796875 0.455078125 0.705078125 0.45703125 0.70703125 0.443359375
0 0.017578125 0.189453125 0 0.189453125 0 0.232421875 0.056640625 0.232421875 0.056640625 0.212890625 0.140625 0.212890625 0.140625 0.103515625 0.1171875 0.103515625 0.1171875 0.07421875 0.015625 0.07421875 0.017578125 0.1484375
0 1 0.896484375 1 0.78515625 0.92578125 0.78515625 0.92578125 0.896484375 1 0.896484375