0 0.041015625 0.892578125 0 0.912109375 0 0.98046875 0.068359375 0.94921875
0 0.60546875 0.69921875 0.58203125 0.65234375 0.337890625 0.765625 0.359375 0.814453125 0.541015625 0.73046875
0 0.123046875 0.451171875 0 0.5078125 0 0.5703125 0.1484375 0.50390625
0 0.201171875 0.619140625 0.015625 0.70703125 0.041015625 0.759765625 0.2265625 0.673828125
0 0.294921875 0.78515625 0.095703125 0.87890625 0.1171875 0.92578125 0.31640625 0.833984375
0 0.12890625 0.322265625 0.10546875 0.275390625 0 0.326171875 0 0.384765625
0 0.52734375 0.533203125 0.501953125 0.48046875 0.306640625 0.5703125 0.33203125 0.623046875 0.4609375 0.564453125
0 0.44921875 0.36328125 0.423828125 0.310546875 0.1953125 0.41796875 0.21875 0.470703125 0.39453125 0.388671875
0 0.384765625 0.193359375 0.376953125 0.197265625 0.38671875 0.216796875 0.365234375 0.228515625 0.369140625 0.23828125 0.3515625 0.248046875 0.388671875 0.328125 0.423828125 0.310546875 0.44921875 0.36328125 0.412109375 0.380859375 0.4375 0.435546875 0.486328125 0.412109375 0.4296875 0.291015625
0 0.38671875 0.216796875 0.359375 0.158203125 0.166015625 0.251953125 0.1953125 0.310546875 0.365234375 0.228515625
0 0.42578125 0.44140625 0.453125 0.501953125 0.501953125 0.48046875 0.52734375 0.533203125 0.478515625 0.556640625 0.515625 0.634765625 0.578125 0.607421875 0.486328125 0.412109375
0 0.98046875 0.369140625 0.958984375 0.37890625 1 0.4609375 1 0.408203125
0 0.869140625 0.548828125 0.875 0.560546875 0.92578125 0.580078125 1 0.54296875 1 0.482421875
0 0.791015625 0.11328125 0.798828125 0.12890625 0.7734375 0.142578125 0.779296875 0.15234375 0.7578125 0.162109375 0.75390625 0.15234375 0.744140625 0.158203125 0.736328125 0.140625 0.71484375 0.15234375 0.724609375 0.16796875 0.693359375 0.18359375 0.72265625 0.2421875 0.859375 0.173828125 0.830078125 0.115234375 0.818359375 0.12109375 0.80859375 0.10546875
0 0.904296875 0.369140625 0.912109375 0.384765625 0.88671875 0.396484375 0.890625 0.40625 0.869140625 0.41796875 0.865234375 0.408203125 0.857421875 0.412109375 0.84765625 0.396484375 0.828125 0.40625 0.8359375 0.421875 0.8046875 0.4375 0.833984375 0.498046875 0.970703125 0.427734375 0.94140625 0.369140625 0.9296875 0.375 0.921875 0.359375
0 0.806640625 0.392578125 0.86328125 0.365234375 0.818359375 0.27734375 0.763671875 0.306640625
0 0.677734375 0.12890625 0.724609375 0.10546875 0.685546875 0.02734375 0.638671875 0.05078125
0 0.90234375 0.125 0.9296875 0.177734375 1 0.142578125 1 0.07421875
0 0.859375 0.029296875 0.91796875 0 0.84375 0