0 0.81640625 0.982421875 0.81640625 1 0.958984375 1 0.958984375 0.982421875
0 0.587890625 0.9453125 0.73828125 0.9453125 0.73828125 0.90625 0.587890625 0.90625
0 0.412109375 0.70703125 0.412109375 0.677734375 0.404296875 0.677734375 0.404296875 0.64453125 0.322265625 0.64453125 0.322265625 0.677734375 0.3125 0.677734375 0.3125 0.70703125 0.34375 0.70703125 0.34375 0.712890625 0.380859375 0.712890625 0.380859375 0.70703125 0.392578125 0.70703125
0 0.5234375 0.498046875 0.701171875 0.498046875 0.701171875 0.419921875 0.5234375 0.419921875
0 0.416015625 0.44140625 0.416015625 0.380859375 0.31640625 0.380859375 0.31640625 0.44140625 0.3359375 0.44140625 0.3359375 0.451171875 0.400390625 0.451171875 0.400390625 0.44140625
0 0.396484375 0.201171875 0.396484375 0.15625 0.3828125 0.15625 0.3828125 0.134765625 0.298828125 0.134765625 0.298828125 0.15625 0.287109375 0.15625 0.287109375 0.201171875 0.380859375 0.201171875
0 0.322265625 0.85546875 0.322265625 0.935546875 0.466796875 0.935546875 0.466796875 0.85546875
0 0.5625 0.087890625 0.5625 0.099609375 0.5390625 0.099609375 0.5390625 0.14453125 0.646484375 0.14453125 0.646484375 0.099609375 0.625 0.099609375 0.625 0.087890625
0 0.71484375 0.1015625 0.71484375 0.111328125 0.69140625 0.111328125 0.69140625 0.166015625 0.798828125 0.166015625 0.798828125 0.111328125 0.7734375 0.111328125 0.7734375 0.1015625
0 0.568359375 0.853515625 0.744140625 0.853515625 0.744140625 0.779296875 0.568359375 0.779296875
0 0.380859375 0.70703125 0.380859375 0.712890625 0.34375 0.712890625 0.34375 0.70703125 0.326171875 0.70703125 0.326171875 0.8359375 0.50390625 0.8359375 0.50390625 0.763671875 0.4609375 0.763671875 0.4609375 0.716796875 0.392578125 0.716796875 0.392578125 0.70703125
0 0.296875 0.408203125 0.296875 0.451171875 0.326171875 0.451171875 0.326171875 0.64453125 0.392578125 0.64453125 0.392578125 0.451171875 0.3359375 0.451171875 0.3359375 0.44140625 0.31640625 0.44140625 0.31640625 0.408203125
0 0.384765625 0.337890625 0.318359375 0.337890625 0.318359375 0.380859375 0.384765625 0.380859375
0 0.380859375 0.111328125 0.306640625 0.111328125 0.306640625 0.134765625 0.380859375 0.134765625
0 0.380859375 0.201171875 0.306640625 0.201171875 0.306640625 0.265625 0.380859375 0.265625
0 0.037109375 0.7109375 0.037109375 0.63671875 0 0.63671875 0 0.7109375 0.037109375 0.7109375
0 0.025390625 0.140625 0.02734375 0.0703125 0 0.068359375 0 0.140625 0.025390625 0.140625
0 0.029296875 0.40234375 0.03125 0.3203125 0 0.3203125 0 0.40234375 0.029296875 0.40234375
0 0.3828125 0.060546875 0.37890625 0 0.3046875 0 0.306640625 0.0625 0.3828125 0.060546875