0 0.24609375 0.1015625 0.4375 0.1015625 0.435546875 0 0.24609375 0
0 0.46875 0.310546875 0.46875 0.283203125 0.357421875 0.28125 0.35546875 0.3984375 0.46875 0.3984375 0.490234375 0.3984375 0.490234375 0.310546875
0 0.224609375 0.498046875 0.27734375 0.5 0.279296875 0.435546875 0.2265625 0.43359375
0 0.29296875 0.296875 0.29296875 0.30078125 0.1953125 0.296875 0.1953125 0.30859375 0.1640625 0.30859375 0.162109375 0.51171875 0.17578125 0.51171875 0.189453125 0.51171875 0.1875 0.533203125 0.224609375 0.533203125 0.228515625 0.333984375 0.291015625 0.3359375 0.291015625 0.396484375 0.3203125 0.396484375 0.3203125 0.4375 0.318359375 0.494140625 0.3515625 0.49609375 0.3515625 0.47265625 0.353515625 0.47265625 0.35546875 0.3984375 0.35546875 0.390625 0.357421875 0.298828125
0 0.369140625 0.3984375 0.369140625 0.47265625 0.3515625 0.47265625 0.3515625 0.49609375 0.4765625 0.49609375 0.4765625 0.48828125 0.494140625 0.48828125 0.494140625 0.3984375
0 0.166015625 0.5859375 0.1640625 0.783203125 0.42578125 0.78515625 0.42578125 0.73828125 0.205078125 0.736328125 0.20703125 0.623046875 0.427734375 0.625 0.427734375 0.587890625
0 0.333984375 0.708984375 0.4296875 0.70703125 0.4296875 0.654296875 0.333984375 0.65625
0 0.00390625 0.64453125 0.00390625 0.6171875 0 0.6171875 0 0.64453125
0 0.580078125 0.5625 0.58203125 0.587890625 0.564453125 0.587890625 0.564453125 0.673828125 0.576171875 0.673828125 0.576171875 0.71484375 0.759765625 0.712890625 0.7578125 0.560546875
0 0.92578125 0.78515625 1 0.78515625 1 0.759765625 0.92578125 0.759765625
0 0.974609375 0.955078125 1 0.955078125 1 0.93359375 0.9765625 0.931640625
0 0.826171875 0.91015625 0.826171875 0.865234375 0.556640625 0.861328125 0.556640625 0.900390625 0.568359375 0.900390625 0.568359375 0.91015625 0.57421875 0.91015625 0.57421875 0.91796875 0.609375 0.91796875 0.609375 0.912109375 0.794921875 0.912109375 0.794921875 0.94140625 0.77734375 0.94140625 0.77734375 0.97265625 0.79296875 0.97265625 0.79296875 1 0.814453125 1 0.83203125 1 0.833984375 0.91015625
0 0.609375 0.99609375 0.650390625 0.99609375 0.650390625 0.9765625 0.66796875 0.9765625 0.66796875 0.9375 0.650390625 0.9375 0.650390625 0.927734375 0.6484375 0.927734375 0.6484375 0.912109375 0.609375 0.912109375 0.609375 0.91796875
0 0.935546875 0.86328125 0.935546875 0.904296875 0.916015625 0.904296875 0.916015625 0.86328125 0.88671875 0.86328125 0.88671875 1 0.916015625 1 0.916015625 0.98828125 0.935546875 0.98828125 0.935546875 1 0.96875 1 0.96875 0.86328125
0 0.767578125 0.40234375 0.767578125 0.38671875 0.76171875 0.341796875 0.765625 0.33984375 0.76171875 0.333984375 0.73828125 0.302734375 0.765625 0.302734375 0.765625 0.267578125 0.537109375 0.267578125 0.53515625 0.44140625 0.55078125 0.44140625 0.55078125 0.486328125 0.794921875 0.48828125 0.794921875 0.453125 0.796875 0.453125 0.796875 0.4296875 0.7421875 0.4296875 0.7421875 0.404296875
0 0.96875 0.484375 1 0.484375 1 0.365234375 0.994140625 0.365234375 0.99609375 0.314453125 0.98046875 0.314453125 0.982421875 0.283203125 0.900390625 0.279296875 0.900390625 0.310546875 0.859375 0.30859375 0.859375 0.349609375 0.919921875 0.3515625 0.919921875 0.322265625 0.966796875 0.322265625 0.966796875 0.384765625 0.94140625 0.384765625 0.859375 0.380859375 0.859375 0.427734375 0.970703125 0.431640625
0 0.185546875 1 0.4296875 1 0.4296875 0.98046875 0.38671875 0.98046875 0.38671875 0.923828125 0.427734375 0.921875 0.427734375 0.8515625 0.18359375 0.85546875 0.185546875 0.916015625
0 1 0.70703125 0.99609375 0.5546875 0.810546875 0.560546875 0.814453125 0.7109375 1 0.70703125
0 0.02734375 0.48046875 0.02734375 0.373046875 0 0.373046875 0 0.48046875 0.02734375 0.48046875