0 0.380859375 0.03125 0.5 0.095703125 0.533203125 0.03125 0.474609375 0 0.3984375 0
0 0.189453125 0.251953125 0.314453125 0.306640625 0.345703125 0.23828125 0.220703125 0.181640625
0 0 0.404296875 0 0.44921875 0.09765625 0.4921875 0.130859375 0.4140625 0.015625 0.3671875
0 0.205078125 0.05078125 0.224609375 0.005859375 0.2109375 0 0.08984375 0
0 0.115234375 0.2109375 0.13671875 0.166015625 0 0.103515625 0 0.158203125
0 0.732421875 0.87109375 0.673828125 1 1 1 1 0.98828125
0 0.806640625 0.806640625 0.87890625 0.662109375 0.8359375 0.640625 0.763671875 0.787109375
0 0.859375 0.85546875 0.94140625 0.68359375 0.88671875 0.658203125 0.8046875 0.830078125
0 0.994140625 0.912109375 1 0.8984375 1 0.703125 0.96875 0.689453125 0.888671875 0.861328125
0 0.99609375 0.51953125 0.935546875 0.650390625 1 0.6796875 1 0.51953125
0 0.4375 0.880859375 0.484375 0.837890625 0.458984375 0.80859375 0.412109375 0.853515625
0 0.490234375 0.83203125 0.4375 0.880859375 0.51953125 0.96875 0.572265625 0.919921875 0.55078125 0.896484375
0 0.638671875 0.572265625 0.609375 0.609375 0.630859375 0.626953125 0.662109375 0.58984375
0 0.6875 0.654296875 0.712890625 0.62109375 0.666015625 0.583984375 0.640625 0.6171875
0 0.55078125 0.896484375 0.572265625 0.919921875 0.59765625 0.89453125 0.578125 0.873046875
0 0.50390625 0.79296875 0.478515625 0.818359375 0.55078125 0.896484375 0.578125 0.873046875
0 0.890625 0.65625 0.912109375 0.61328125 0.87109375 0.591796875 0.84765625 0.634765625 0.890625 0.65625
0 0.314453125 0.998046875 0.341796875 0.966796875 0.296875 0.927734375 0.26953125 0.9609375 0.314453125 0.998046875
0 0.23828125 1 0.23828125 0.966796875 0.177734375 0.96484375 0.17578125 0.998046875 0.23828125 1