0 0.271484375 0.193359375 0.26953125 0.205078125 0.251953125 0.203125 0.248046875 0.240234375 0.33984375 0.251953125 0.345703125 0.212890625 0.314453125 0.208984375 0.31640625 0.19921875
0 0.00390625 0.30078125 0.00390625 0.310546875 0 0.310546875 0 0.359375 0.04296875 0.359375 0.041015625 0.30078125
0 0.06640625 0.51953125 0.06640625 0.458984375 0.029296875 0.458984375 0.029296875 0.46875 0 0.46875 0 0.517578125
0 0.07421875 0.6875 0.07421875 0.626953125 0.037109375 0.626953125 0.037109375 0.63671875 0 0.63671875 0 0.685546875
0 0.0859375 0.869140625 0.08203125 0.80859375 0 0.814453125 0 0.875
0 0.703125 0.185546875 0.703125 0.142578125 0.462890625 0.142578125 0.462890625 0.185546875 0.521484375 0.185546875 0.521484375 0.203125 0.576171875 0.203125 0.576171875 0.185546875 0.603515625 0.185546875 0.603515625 0.203125 0.654296875 0.203125 0.654296875 0.185546875
0 0.703125 0.142578125 0.703125 0.185546875 0.654296875 0.185546875 0.654296875 0.203125 0.603515625 0.203125 0.603515625 0.185546875 0.576171875 0.185546875 0.576171875 0.203125 0.521484375 0.203125 0.521484375 0.185546875 0.462890625 0.185546875 0.462890625 0.208984375 1 0.208984375 1 0.201171875 0.953125 0.201171875 0.953125 0.185546875 0.89453125 0.185546875 0.89453125 0.142578125
0 0.89453125 0.142578125 0.89453125 0.185546875 0.953125 0.185546875 0.953125 0.201171875 1 0.201171875 1 0.142578125
0 0.82421875 0.458984375 0.82421875 0.412109375 0.666015625 0.412109375 0.666015625 0.458984375 0.70703125 0.458984375 0.70703125 0.47265625 0.779296875 0.47265625 0.779296875 0.458984375
0 0.560546875 0.4609375 0.560546875 0.4140625 0.404296875 0.4140625 0.404296875 0.4609375 0.4453125 0.4609375 0.4453125 0.47265625 0.515625 0.47265625 0.515625 0.4609375
0 0.921875 0.404296875 0.921875 0.453125 0.97265625 0.453125 0.97265625 0.466796875 1 0.466796875 1 0.404296875
0 0.40234375 0.681640625 0.40234375 0.69140625 0.380859375 0.69140625 0.380859375 0.681640625 0.310546875 0.681640625 0.310546875 0.75 0.357421875 0.75 0.357421875 0.759765625 0.41796875 0.759765625 0.41796875 0.75 0.462890625 0.75 0.462890625 0.681640625
0 0.61328125 0.744140625 0.61328125 0.7578125 0.568359375 0.7578125 0.568359375 0.80859375 0.775390625 0.80859375 0.775390625 0.7578125 0.728515625 0.7578125 0.728515625 0.744140625
0 0.96484375 0.66796875 0.96484375 0.677734375 0.943359375 0.677734375 0.943359375 0.66796875 0.873046875 0.66796875 0.873046875 0.736328125 0.919921875 0.736328125 0.919921875 0.74609375 0.982421875 0.74609375 0.982421875 0.736328125 1 0.736328125 1 0.66796875
0 0.380859375 0.97265625 0.380859375 0.982421875 0.359375 0.982421875 0.359375 0.97265625 0.2890625 0.97265625 0.2890625 1 0.443359375 1 0.443359375 0.97265625
0 0.919921875 0.96484375 0.919921875 0.974609375 0.8984375 0.974609375 0.8984375 0.96484375 0.828125 0.96484375 0.828125 1 0.98046875 1 0.98046875 0.96484375
0 0.087890625 1 0.087890625 0.96484375 0 0.966796875 0 1 0.087890625 1
0 0.44140625 0.21484375 0.4453125 0.158203125 0.375 0.154296875 0.373046875 0.2109375 0.44140625 0.21484375
0 0.048828125 0.0390625 0.048828125 0 0 0 0 0.0390625 0.048828125 0.0390625
0 0.0390625 0.236328125 0.037109375 0.16796875 0 0.169921875 0 0.23828125 0.0390625 0.236328125