0 0.56640625 0.82421875 0.5625 0.80859375 0.541015625 0.814453125 0.546875 0.830078125
0 0.5703125 0.822265625 0.515625 0.83984375 0.5234375 0.8671875 0.580078125 0.849609375
0 0.697265625 0.97265625 0.6796875 0.9296875 0.66015625 0.9375 0.677734375 0.98046875
0 0.36328125 1 0.421875 0.998046875 0.419921875 0.943359375 0.361328125 0.9453125
0 0.482421875 0.611328125 0.462890625 0.619140625 0.482421875 0.666015625 0.501953125 0.658203125
0 0.310546875 0.630859375 0.33203125 0.685546875 0.39453125 0.662109375 0.373046875 0.607421875
0 0.33203125 0.46875 0.357421875 0.525390625 0.412109375 0.5 0.384765625 0.443359375
0 0.162109375 0.912109375 0.2890625 0.89453125 0.283203125 0.845703125 0.15625 0.86328125
0 0.048828125 0.568359375 0 0.576171875 0 0.625 0.056640625 0.615234375
0 0.193359375 0.712890625 0.208984375 0.771484375 0.271484375 0.755859375 0.255859375 0.697265625
0 0.259765625 0.50390625 0.283203125 0.556640625 0.341796875 0.529296875 0.318359375 0.478515625
0 0.03125 0.71875 0 0.71875 0 0.771484375 0.03125 0.771484375
0 0.4140625 0.75390625 0.333984375 0.765625 0.34375 0.82421875 0.421875 0.810546875
0 0.015625 0.916015625 0.12890625 0.916015625 0.12890625 0.861328125 0.015625 0.861328125
0 0 0.396484375 0 0.427734375 0.04296875 0.4296875 0.044921875 0.3984375
0 0.181640625 0.232421875 0.05078125 0.25 0.0546875 0.291015625 0.1875 0.2734375
0 0.4921875 0.80078125 0.482421875 0.7421875 0.4140625 0.75390625 0.421875 0.810546875
0 0.076171875 0.39453125 0.08203125 0.42578125 0.236328125 0.3984375 0.23046875 0.3671875
0 0.173828125 0.716796875 0.048828125 0.724609375 0.05078125 0.76953125 0.17578125 0.76171875
0 0.3828125 0.60546875 0.404296875 0.66015625 0.46484375 0.638671875 0.443359375 0.58203125
0 0 0.255859375 0 0.291015625 0.03125 0.291015625 0.03125 0.255859375
0 0.20703125 0.5625 0.080078125 0.560546875 0.080078125 0.609375 0.205078125 0.611328125
0 0.2421875 0.287109375 0.26171875 0.326171875 0.337890625 0.2890625 0.318359375 0.25
0 0.140625 0.052734375 0.158203125 0.08984375 0.234375 0.0546875 0.21875 0.017578125
0 0.263671875 0.12890625 0.19140625 0.16796875 0.208984375 0.205078125 0.28125 0.166015625
0 0 0.078125 0 0.115234375 0.09765625 0.103515625 0.091796875 0.068359375
0 0.42578125 0.580078125 0.4140625 0.541015625 0.296875 0.580078125 0.310546875 0.619140625 0.42578125 0.580078125
0 0.251953125 0.1171875 0.23046875 0.076171875 0.19921875 0.09375 0.220703125 0.134765625 0.251953125 0.1171875
0 0.314453125 0.24609375 0.28515625 0.185546875 0.240234375 0.20703125 0.271484375 0.267578125 0.314453125 0.24609375