0 0.970703125 0.720703125 0.970703125 0.767578125 1 0.767578125 1 0.720703125
0 0.96875 0.814453125 0.966796875 0.845703125 1 0.845703125 1 0.814453125
0 0.970703125 0.767578125 0.96875 0.814453125 1 0.814453125 1 0.767578125
0 0.9296875 0.654296875 0.927734375 0.71875 0.953125 0.71875 0.95703125 0.65625
0 0.95703125 0.630859375 0.955078125 0.6796875 1 0.681640625 1 0.630859375
0 0.927734375 0.71875 0.923828125 0.859375 0.966796875 0.861328125 0.970703125 0.720703125 0.953125 0.71875
0 0.955078125 0.6796875 0.953125 0.71875 1 0.71875 1 0.681640625
0 0.400390625 0.41796875 0.484375 0.44921875 0.513671875 0.373046875 0.4296875 0.341796875
0 0.484375 0.44921875 0.53125 0.46875 0.560546875 0.392578125 0.513671875 0.373046875
0 0.388671875 0.4453125 0.359375 0.51953125 0.416015625 0.54296875 0.447265625 0.46875
0 0.259765625 0.39453125 0.23046875 0.46875 0.291015625 0.494140625 0.322265625 0.41796875
0 0.322265625 0.41796875 0.291015625 0.494140625 0.359375 0.51953125 0.388671875 0.4453125
0 0.349609375 0.337890625 0.33203125 0.376953125 0.38671875 0.404296875 0.40625 0.365234375
0 0.310546875 0.294921875 0.251953125 0.267578125 0.22265625 0.328125 0.283203125 0.35546875
0 0.310546875 0.294921875 0.283203125 0.35546875 0.33203125 0.376953125 0.359375 0.31640625
0 0.109375 0.3203125 0.052734375 0.294921875 0.01953125 0.3671875 0.078125 0.392578125
0 0.109375 0.3203125 0.078125 0.392578125 0.134765625 0.41796875 0.166015625 0.345703125
0 0.08203125 0.2109375 0.060546875 0.26171875 0.12109375 0.2890625 0.14453125 0.23828125
0 0.037109375 0.189453125 0 0.173828125 0 0.234375 0.013671875 0.2421875
0 0.037109375 0.189453125 0.013671875 0.2421875 0.060546875 0.26171875 0.08203125 0.2109375
0 0.240234375 0.74609375 0.298828125 0.7734375 0.3046875 0.759765625 0.244140625 0.732421875
0 0.236328125 0.728515625 0.224609375 0.75390625 0.232421875 0.7578125 0.244140625 0.732421875
0 0.236328125 0.728515625 0.22265625 0.720703125 0.2109375 0.7421875 0.2265625 0.75
0 0.33984375 0.7890625 0.34375 0.775390625 0.3046875 0.759765625 0.298828125 0.7734375
0 0.24609375 0.697265625 0.259765625 0.705078125 0.26953125 0.685546875 0.25390625 0.6796875
0 0.259765625 0.705078125 0.296875 0.720703125 0.3046875 0.703125 0.26953125 0.685546875
0 0.666015625 0.5859375 0.68359375 0.546875 0.55859375 0.49609375 0.54296875 0.53515625 0.666015625 0.5859375
0 0.650390625 0.6328125 0.666015625 0.59375 0.5390625 0.541015625 0.5234375 0.580078125 0.650390625 0.6328125
0 1 0.98828125 1 0.953125 0.91015625 0.951171875 0.91015625 0.986328125 1 0.98828125
0 0.6796875 0.546875 0.6953125 0.513671875 0.578125 0.46484375 0.564453125 0.498046875 0.6796875 0.546875
0 0.841796875 0.93359375 0.853515625 0.89453125 0.82421875 0.884765625 0.8125 0.923828125 0.841796875 0.93359375