0 0.013671875 0.541015625 0.017578125 0.5546875 0 0.55859375 0 0.623046875 0.080078125 0.6015625 0.0625 0.541015625 0.046875 0.546875 0.04296875 0.533203125
0 0.041015625 0.736328125 0.08203125 0.724609375 0.072265625 0.6875 0 0.70703125 0 0.765625 0.044921875 0.75390625
0 0.755859375 0.03125 0.75390625 0.017578125 0.67578125 0.041015625 0.6796875 0.052734375 0.638671875 0.06640625 0.65234375 0.109375 0.693359375 0.095703125 0.6953125 0.10546875 0.7734375 0.083984375 0.76953125 0.072265625 0.810546875 0.060546875 0.796875 0.017578125 0.78515625 0.021484375
0 0.634765625 0.44921875 0.513671875 0.486328125 0.5078125 0.46484375 0.466796875 0.4765625 0.490234375 0.55078125 0.65234375 0.501953125 0.646484375 0.484375
0 0.90234375 0.431640625 0.900390625 0.423828125 0.859375 0.435546875 0.86328125 0.4453125 0.787109375 0.46875 0.783203125 0.458984375 0.7421875 0.470703125 0.73828125 0.45703125 0.646484375 0.484375 0.65234375 0.501953125 0.490234375 0.55078125 0.501953125 0.59375 0.8671875 0.484375 0.86328125 0.47265625 0.87890625 0.466796875
0 0.45703125 0.193359375 0.390625 0.212890625 0.470703125 0.4765625 0.5078125 0.46484375 0.513671875 0.486328125 0.54296875 0.4765625 0.4765625 0.2578125
0 0.84765625 0.392578125 0.84375 0.380859375 0.767578125 0.404296875 0.76953125 0.416015625 0.728515625 0.427734375 0.7421875 0.470703125 0.783203125 0.458984375 0.787109375 0.46875 0.86328125 0.4453125 0.859375 0.435546875 0.900390625 0.423828125 0.88671875 0.380859375
0 0.8203125 0.158203125 0.77734375 0.171875 0.83984375 0.380859375 0.84375 0.380859375 0.84765625 0.392578125 0.88671875 0.380859375 0.841796875 0.228515625
0 0.416015625 0.146484375 0.41015625 0.126953125 0.3671875 0.138671875 0.390625 0.212890625 0.5078125 0.177734375 0.50390625 0.166015625 0.548828125 0.15234375 0.537109375 0.109375
0 0.77734375 0 0.669921875 0 0.384765625 0.0859375 0.3671875 0.138671875 0.41015625 0.126953125 0.416015625 0.146484375 0.630859375 0.08203125 0.642578125 0.123046875 0.6953125 0.10546875 0.693359375 0.095703125 0.65234375 0.109375 0.638671875 0.06640625 0.6796875 0.052734375 0.67578125 0.041015625 0.75390625 0.017578125 0.755859375 0.03125 0.78515625 0.021484375
0 0.998046875 0.03515625 0.998046875 0 0.92578125 0 0.92578125 0.03515625 0.998046875 0.03515625
0 1 0.2265625 0.998046875 0.111328125 0.962890625 0.11328125 0.962890625 0.2265625 1 0.2265625