0 0.375 0.681640625 0.373046875 0.7734375 0.654296875 0.78125 0.65625 0.69140625 0.52734375 0.6875
0 0.716796875 0.763671875 0.919921875 0.658203125 0.8828125 0.5859375 0.6796875 0.69140625
0 0.80859375 0.59765625 0.7890625 0.607421875 0.80078125 0.62890625 0.818359375 0.619140625
0 0.55078125 0.6875 0.552734375 0.642578125 0.52734375 0.642578125 0.52734375 0.6875
0 0.84765625 0.796875 0.9140625 0.7578125 0.880859375 0.6953125 0.873046875 0.6875 0.712890625 0.775390625 0.69140625 0.794921875 0.6484375 0.849609375 0.6484375 0.841796875 0.53125 0.841796875 0.53125 0.91015625 0.51953125 0.91015625 0.51953125 1 0.716796875 1 0.716796875 0.935546875 0.724609375 0.89453125 0.75 0.8515625 0.7890625 0.828125
0 0.341796875 0.478515625 0.341796875 0.51171875 0.458984375 0.51171875 0.458984375 0.478515625
0 0.34375 0.51171875 0.34375 0.54296875 0.458984375 0.54296875 0.458984375 0.51171875
0 0.47265625 0.478515625 0.47265625 0.51171875 0.599609375 0.51171875 0.599609375 0.48046875
0 0.47265625 0.51171875 0.47265625 0.55078125 0.59765625 0.55078125 0.599609375 0.51171875
0 0.494140625 0.55078125 0.494140625 0.580078125 0.62890625 0.58203125 0.62890625 0.55078125 0.59765625 0.55078125
0 0.330078125 0.470703125 0.302734375 0.470703125 0.302734375 0.552734375 0.33203125 0.552734375
0 0.47265625 0.55078125 0.326171875 0.552734375 0.326171875 0.578125 0.47265625 0.576171875
0 0.302734375 0.4921875 0.275390625 0.4921875 0.275390625 0.556640625 0.302734375 0.556640625 0.302734375 0.552734375
0 0.251953125 0.603515625 0.291015625 0.6015625 0.291015625 0.58203125 0.251953125 0.583984375
0 0 0.96484375 0 1 0.0546875 1 0.0546875 0.96484375
0 0 0.759765625 0 0.810546875 0.029296875 0.810546875 0.029296875 0.76171875
0 0.341796875 0.033203125 0.40234375 0.005859375 0.3984375 0 0.33203125 0 0.328125 0.001953125
0 0.259765625 0.029296875 0.25 0.05078125 0.314453125 0.078125 0.32421875 0.05859375 0.30078125 0.046875
0 0.30078125 0.046875 0.306640625 0.03515625 0.265625 0.015625 0.259765625 0.029296875
0 0.00390625 0.091796875 0.0546875 0.037109375 0.037109375 0.0234375 0 0.0625 0 0.087890625
0 0.2109375 0.05859375 0.236328125 0.021484375 0.193359375 0 0.16796875 0.029296875 0.2109375 0.05859375
0 0.69921875 0.16796875 0.6953125 0.130859375 0.59765625 0.14453125 0.6015625 0.1796875 0.69921875 0.16796875
0 0.50390625 1 0.50390625 0.82421875 0.37890625 0.82421875 0.37890625 1 0.50390625 1