0 0.94140625 0.11328125 0.912109375 0.1640625 1 0.212890625 1 0.146484375
0 0.802734375 0 0.783203125 0 0.759765625 0.04296875 0.7890625 0.060546875 0.783203125 0.072265625 0.796875 0.078125 0.791015625 0.087890625 0.814453125 0.1015625 0.8203125 0.091796875 0.841796875 0.103515625 0.84765625 0.09375 0.873046875 0.107421875 0.90234375 0.0546875
0 0.90234375 0.0546875 0.865234375 0.12109375 0.919921875 0.15234375 0.95703125 0.0859375
0 0.95703125 0.0859375 0.94140625 0.11328125 1 0.146484375 1 0.109375
0 0.802734375 0.515625 1 0.625 1 0.55859375 0.83203125 0.46484375
0 0.72265625 0.654296875 0.951171875 0.78515625 0.982421875 0.728515625 0.75390625 0.599609375
0 0.65234375 0.802734375 0.931640625 0.9609375 0.962890625 0.904296875 0.68359375 0.748046875
0 0.869140625 0.369140625 1 0.443359375 1 0.37109375 0.8984375 0.314453125
0 0.44921875 0.587890625 0.439453125 0.58203125 0.4140625 0.626953125 0.55078125 0.703125 0.576171875 0.66015625 0.55078125 0.64453125 0.58203125 0.58984375 0.48046875 0.53125
0 0.4453125 0.109375 0.41796875 0.09375 0.384765625 0.154296875 0.498046875 0.21875 0.533203125 0.16015625 0.509765625 0.146484375 0.517578125 0.134765625 0.451171875 0.09765625
0 0.3359375 0.076171875 0.201171875 0 0.080078125 0 0.080078125 0.001953125 0.306640625 0.12890625 0.314453125 0.115234375
0 0.3359375 0.076171875 0.314453125 0.115234375 0.384765625 0.154296875 0.41796875 0.09375 0.4453125 0.109375 0.451171875 0.09765625 0.275390625 0 0.201171875 0
0 0.341796875 0.36328125 0.419921875 0.408203125 0.4765625 0.3046875 0.3984375 0.259765625
0 0.2265625 0.396484375 0.1796875 0.37109375 0.138671875 0.443359375 0.30859375 0.5390625 0.349609375 0.466796875 0.30859375 0.443359375 0.29296875 0.470703125 0.265625 0.455078125 0.28125 0.427734375 0.25390625 0.412109375 0.23828125 0.4375 0.212890625 0.421875
0 0.076171875 0.443359375 0.109375 0.38671875 0.091796875 0.376953125 0.1015625 0.361328125 0.072265625 0.34375 0.05859375 0.37109375 0.033203125 0.35546875 0.046875 0.330078125 0.0234375 0.31640625 0.0078125 0.34375 0 0.337890625 0 0.400390625
0 0.05859375 0.962890625 0 0.927734375 0 1 0.03515625 1
0 0.017578125 0.705078125 0.16796875 0.7890625 0.203125 0.7265625 0.052734375 0.640625
0 0.330078125 0.7890625 0.298828125 0.845703125 0.3515625 0.875 0.34765625 0.880859375 0.375 0.896484375 0.37890625 0.890625 0.416015625 0.912109375 0.447265625 0.85546875
0 0.34765625 0.880859375 0.3515625 0.875 0.298828125 0.845703125 0.2109375 1 0.298828125 1 0.361328125 0.888671875
0 0 0.830078125 0 0.857421875 0.03125 0.875 0.068359375 0.810546875 0.025390625 0.787109375
0 0.458984375 0.908203125 0.619140625 1 0.71484375 1 0.482421875 0.8671875
0 0.7265625 0.24609375 0.67578125 0.333984375 0.6328125 0.310546875 0.533203125 0.486328125 0.61328125 0.53125 0.58984375 0.572265625 0.658203125 0.611328125 0.84375 0.28515625 0.80859375 0.265625 0.66796875 0.513671875 0.634765625 0.494140625 0.763671875 0.267578125
0 0.67578125 0.333984375 0.7265625 0.24609375 0.68359375 0.22265625 0.6328125 0.310546875