0 0.26171875 0.5859375 0.26171875 0.412109375 0 0.412109375 0 0.5859375
0 0.1640625 0.37109375 0.1640625 0.322265625 0 0.322265625 0 0.37109375
0 0 0.19921875 0 0.275390625 0.048828125 0.275390625 0.048828125 0.23828125 0.009765625 0.23828125 0.009765625 0.19921875
0 0.341796875 0.509765625 0.341796875 0.888671875 0.39453125 0.888671875 0.39453125 0.509765625
0 0 0.708984375 0 0.873046875 0.263671875 0.873046875 0.263671875 0.708984375
0 0.435546875 0.8984375 0.861328125 0.8984375 0.861328125 0.8359375 0.435546875 0.8359375
0 0.791015625 0.8359375 0.791015625 0.806640625 0.435546875 0.806640625 0.435546875 0.8359375
0 0.896484375 0.927734375 0.9296875 0.91015625 0.9296875 0.8828125 0.87109375 0.8828125 0.87109375 0.927734375
0 0.484375 0.5546875 0.623046875 0.65625 0.646484375 0.625 0.5078125 0.5234375
0 0.623046875 0.65625 0.662109375 0.68359375 0.658203125 0.68359375 0.654296875 0.724609375 0.732421875 0.732421875 0.736328125 0.69140625 0.646484375 0.625
0 0.79296875 0.318359375 0.921875 0.318359375 0.921875 0.0078125 0.79296875 0.0078125
0 0.61328125 0.080078125 0.70703125 0.080078125 0.70703125 0.029296875 0.61328125 0.029296875
0 0.634765625 0.125 0.634765625 0.2109375 0.712890625 0.2109375 0.712890625 0.125
0 0.8046875 0.44140625 0.89453125 0.443359375 0.896484375 0.396484375 0.806640625 0.396484375
0 0.287109375 0.396484375 0.3046875 0.373046875 0.22265625 0.3125 0.205078125 0.3359375 0.287109375 0.396484375
0 0.98828125 0.8828125 0.96484375 0.859375 0.931640625 0.890625 0.955078125 0.9140625 0.98828125 0.8828125
0 0.095703125 0.998046875 0.095703125 0.97265625 0.0390625 0.97265625 0.0390625 1 0.095703125 0.998046875
0 0.21484375 0.998046875 0.21484375 0.974609375 0.15625 0.974609375 0.15625 1 0.21484375 0.998046875
0 0.466796875 0.53125 0.48046875 0.49609375 0.423828125 0.47265625 0.408203125 0.505859375 0.466796875 0.53125