0 0.30859375 0.884765625 0.271484375 1 0.322265625 1 0.35546875 0.900390625 0.310546875 0.884765625
0 0.455078125 0.595703125 0.41015625 0.580078125 0.310546875 0.884765625 0.35546875 0.900390625 0.453125 0.60546875
0 1 0.40234375 1 0.337890625 0.9453125 0.3203125 0.92578125 0.37890625
0 0.095703125 0.490234375 0 0.45703125 0 0.599609375 0.0546875 0.619140625
0 0.35546875 0 0.28125 0 0.201171875 0.251953125 0.265625 0.2734375
0 0.859375 0.310546875 0.880859375 0.248046875 0.73046875 0.197265625 0.708984375 0.26171875
0 0.53515625 0.130859375 0.498046875 0.119140625 0.482421875 0.1640625 0.51171875 0.173828125 0.5078125 0.1875 0.546875 0.19921875 0.55078125 0.1875 0.591796875 0.19921875 0.587890625 0.212890625 0.62109375 0.224609375 0.625 0.2109375 0.65625 0.220703125 0.671875 0.17578125 0.63671875 0.1640625 0.6328125 0.173828125 0.53125 0.140625
0 0.599609375 0.60546875 0.470703125 0.556640625 0.33203125 1 0.484375 1
0 0.998046875 0.841796875 0.6875 0.736328125 0.59375 1 0.74609375 1 0.998046875 0.998046875
0 0.130859375 0.62109375 0.171875 0.521484375 0.140625 0.509765625 0.1015625 0.609375
0 0.220703125 0.142578125 0.2421875 0.0859375 0.1796875 0.0625 0.158203125 0.119140625
0 0.111328125 0.45703125 0.126953125 0.427734375 0.091796875 0.412109375 0.078125 0.44140625
0 0.185546875 0.486328125 0.19921875 0.455078125 0.162109375 0.439453125 0.1484375 0.47265625
0 0.677734375 0.693359375 0.697265625 0.6328125 0.669921875 0.625 0.650390625 0.68359375
0 0.16796875 0.517578125 0.177734375 0.486328125 0.140625 0.474609375 0.12890625 0.50390625
0 0.041015625 0.419921875 0.056640625 0.388671875 0.0234375 0.37109375 0.0078125 0.40234375
0 0.3671875 0.521484375 0.423828125 0.353515625 0.37890625 0.33984375 0.32421875 0.5078125
0 0.15555353682170545 0.6654100048449613 0.03518653100775196 0.6283157703488372 0 0.7479257509689923 0 0.998046875 0.044921875 0.9999999999999999 0.14257812499999997 0.705078125