0 0.544921875 0.724609375 0.587890625 0.734375 0.62109375 0.595703125 0.578125 0.583984375
0 0.748046875 0.232421875 0.591796875 0.1953125 0.5859375 0.21875 0.7421875 0.255859375
0 0.6328125 0 0.576171875 0 0.546875 0.0390625 0.58203125 0.06640625 0.603515625 0.0390625
0 0.603515625 0.0390625 0.58203125 0.06640625 0.748046875 0.197265625 0.767578125 0.171875
0 0.615234375 0.244140625 0.578125 0.3984375 0.609375 0.40625 0.646484375 0.25
0 0.66015625 0.25390625 0.625 0.41015625 0.65625 0.41796875 0.693359375 0.26171875
0 0.708984375 0.265625 0.671875 0.421875 0.70703125 0.4296875 0.7421875 0.2734375
0 0.615234375 0.4296875 0.58203125 0.56640625 0.619140625 0.576171875 0.650390625 0.439453125
0 0.666015625 0.443359375 0.634765625 0.580078125 0.66796875 0.587890625 0.701171875 0.451171875
0 0.6640625 0.60546875 0.62890625 0.59765625 0.599609375 0.728515625 0.6328125 0.736328125 0.638671875 0.71875
0 0.3671875 0.5625 0.36328125 0.583984375 0.33203125 0.576171875 0.322265625 0.615234375 0.494140625 0.65625 0.50390625 0.6171875 0.48046875 0.611328125 0.486328125 0.587890625 0.462890625 0.583984375 0.45703125 0.60546875 0.38671875 0.58984375 0.392578125 0.568359375
0 0.130859375 0.501953125 0.125 0.529296875 0.091796875 0.521484375 0.08203125 0.564453125 0.2578125 0.60546875 0.26953125 0.564453125 0.25 0.55859375 0.255859375 0.529296875 0.228515625 0.5234375 0.22265625 0.552734375 0.150390625 0.53515625 0.158203125 0.5078125
0 0.30078125 0.87109375 0.296875 0.892578125 0.265625 0.884765625 0.255859375 0.923828125 0.427734375 0.96484375 0.4375 0.92578125 0.4140625 0.919921875 0.419921875 0.8984375 0.396484375 0.892578125 0.390625 0.916015625 0.3203125 0.8984375 0.326171875 0.876953125
0 0.064453125 0.810546875 0.05859375 0.837890625 0.025390625 0.830078125 0.015625 0.873046875 0.19140625 0.9140625 0.203125 0.873046875 0.18359375 0.869140625 0.189453125 0.837890625 0.162109375 0.83203125 0.15625 0.861328125 0.083984375 0.845703125 0.091796875 0.81640625
0 0.03125 0.517578125 0.044921875 0.470703125 0.015625 0.46484375 0.01953125 0.455078125 0 0.44921875 0 0.5078125
0 0.841796875 0.49609375 0.796875 0.673828125 0.833984375 0.68359375 0.87890625 0.505859375
0 0.884765625 0.333984375 0.841796875 0.49609375 0.87890625 0.505859375 0.921875 0.34375
0 0.87109375 0.884765625 0.86328125 0.8828125 0.85546875 0.9140625 0.869140625 0.916015625 0.865234375 0.931640625 0.9453125 0.951171875 0.94921875 0.935546875 0.970703125 0.94140625 0.966796875 0.95703125 1 0.962890625 1 0.89453125 0.875 0.8671875
0 0.55078125 0.564453125 0.5625 0.51953125 0.134765625 0.41796875 0.123046875 0.462890625
0 0.591796875 0.328125 0.59765625 0.2890625 0.564453125 0.283203125 0.55859375 0.322265625