0 0.521484375 0.1015625 0.9609375 0.126953125 0.966796875 0.029296875 0.52734375 0.00390625
0 0.50390625 0.19140625 0.71875 0.205078125 0.72265625 0.130859375 0.5078125 0.1171875
0 0.080078125 0.04296875 0.42578125 0.0625 0.427734375 0 0.08203125 0
0 0.48828125 0.31640625 0.951171875 0.34375 0.955078125 0.27734375 0.4921875 0.25
0 0.056640625 0.291015625 0.427734375 0.310546875 0.431640625 0.23828125 0.060546875 0.216796875
0 0.427734375 0.466796875 0.78515625 0.48828125 0.7890625 0.423828125 0.431640625 0.404296875
0 0.029296875 0.458984375 0.384765625 0.478515625 0.38671875 0.419921875 0.03125 0.3984375
0 0.84375 0.669921875 1 0.677734375 1 0.61328125 0.84765625 0.60546875
0 0.80859375 0.69921875 0.755859375 0.697265625 0.75 0.8125 0.669921875 0.80859375 0.66796875 0.861328125 0.80078125 0.869140625 0.8046875 0.796875
0 0.671875 0.779296875 0.41796875 0.765625 0.416015625 0.8203125 0.669921875 0.8359375 0.669921875 0.80859375
0 0.41796875 0.6484375 0.810546875 0.669921875 0.814453125 0.609375 0.419921875 0.587890625
0 0.37109375 0.779296875 0.267578125 0.7734375 0.265625 0.82421875 0.294921875 0.826171875 0.294921875 0.837890625 0.3359375 0.83984375 0.337890625 0.828125 0.369140625 0.830078125 0.37109375 0.78515625
0 0.158203125 0.75 0.046875 0.744140625 0.044921875 0.798828125 0.076171875 0.80078125 0.07421875 0.810546875 0.125 0.8125 0.126953125 0.802734375 0.154296875 0.8046875 0.158203125 0.759765625
0 0.158203125 0.759765625 0.154296875 0.81640625 0.1875 0.818359375 0.1875 0.826171875 0.234375 0.830078125 0.236328125 0.8203125 0.265625 0.822265625 0.26953125 0.765625
0 0.041015625 0.583984375 0.037109375 0.64453125 0.357421875 0.6640625 0.359375 0.603515625
0 0.998046875 0.478515625 1 0.4140625 0.82421875 0.412109375 0.82421875 0.478515625 0.998046875 0.478515625
0 1 0.923828125 1 0.8515625 0.830078125 0.8515625 0.830078125 0.923828125 1 0.923828125
0 0.998046875 0.802734375 1 0.73828125 0.833984375 0.734375 0.83203125 0.798828125 0.998046875 0.802734375
0 0.029296875 0.791015625 0.03125 0.72265625 0 0.720703125 0 0.791015625 0.029296875 0.791015625
0 0.025390625 0.28125 0.025390625 0.21484375 0 0.21484375 0 0.28125 0.025390625 0.28125
0 0.025390625 0.63671875 0.025390625 0.560546875 0 0.560546875 0 0.63671875 0.025390625 0.63671875
0 0.7890625 0.22265625 0.791015625 0.1484375 0.744140625 0.146484375 0.7421875 0.220703125 0.7890625 0.22265625