0 0.66015625 0.060546875 0.703125 0.072265625 0.712890625 0.037109375 0.669921875 0.025390625
0 0.4921875 0.052734375 0.537109375 0.005859375 0.53125 0 0.4921875 0 0.466796875 0.02734375
0 0.52734375 0.12890625 0.51953125 0.150390625 0.552734375 0.16015625 0.55078125 0.16796875 0.59375 0.181640625 0.6015625 0.150390625
0 0.556640625 0.12890625 0.560546875 0.111328125 0.505859375 0.095703125 0.5 0.11328125
0 0.556640625 0.12890625 0.6015625 0.142578125 0.607421875 0.125 0.560546875 0.111328125
0 0.3984375 0.08203125 0.376953125 0.1328125 0.380859375 0.134765625 0.376953125 0.1484375 0.412109375 0.162109375 0.439453125 0.09765625
0 0.41796875 0.02734375 0.40234375 0.04296875 0.46484375 0.10546875 0.48046875 0.08984375 0.46875 0.078125
0 0.390625 0 0.3671875 0 0.3671875 0.001953125 0.40625 0.041015625 0.41796875 0.02734375 0.408203125 0.017578125
0 0.4296875 0 0.42578125 0 0.408203125 0.017578125 0.46875 0.078125 0.48828125 0.05859375
0 0.48828125 0.05859375 0.46875 0.078125 0.48046875 0.08984375 0.478515625 0.08984375 0.484375 0.095703125 0.505859375 0.076171875
0 0.4609375 0.158203125 0.47265625 0.162109375 0.478515625 0.142578125 0.466796875 0.138671875
0 0.2421875 0.00390625 0.291015625 0.017578125 0.294921875 0.001953125 0.33984375 0.015625 0.34375 0 0.2421875 0
0 0.083984375 0.03125 0.126953125 0.05859375 0.14453125 0.03125 0.1015625 0.00390625
0 0.341796875 0.376953125 0.365234375 0.37890625 0.3671875 0.36328125 0.34375 0.361328125
0 0.3671875 0.36328125 0.365234375 0.37890625 0.38671875 0.3828125 0.388671875 0.365234375
0 0.34765625 0.416015625 0.373046875 0.421875 0.376953125 0.40625 0.3515625 0.400390625
0 0.22265625 0.681640625 0.244140625 0.68359375 0.248046875 0.6484375 0.2265625 0.646484375
0 0.09765625 0 0.060546875 0 0.052734375 0.01171875 0.078125 0.029296875
0 0.064453125 0.01953125 0.05078125 0.0390625 0.064453125 0.048828125 0.078125 0.029296875
0 0.486328125 0.447265625 0.50390625 0.40234375 0.41015625 0.369140625 0.39453125 0.4140625 0.486328125 0.447265625
0 0.51953125 0.35546875 0.53125 0.31640625 0.4765625 0.30078125 0.46484375 0.337890625 0.51953125 0.35546875
0 0.578125 0.365234375 0.5859375 0.328125 0.525390625 0.31640625 0.51953125 0.353515625 0.578125 0.365234375
0 0.234375 0.05859375 0.2421875 0.0234375 0.20703125 0.013671875 0.19921875 0.048828125 0.234375 0.05859375