0 0.0390625 0.736328125 0.001953125 0.76953125 0.076171875 0.8515625 0.111328125 0.8203125 0.099609375 0.806640625
0 0.029296875 0.7265625 0.099609375 0.806640625 0.21875 0.701171875 0.197265625 0.67578125 0.1796875 0.69140625 0.130859375 0.63671875
0 0.169921875 0.587890625 0.142578125 0.61328125 0.32421875 0.818359375 0.3125 0.828125 0.345703125 0.8671875 0.38671875 0.83203125
0 0.162109375 0.921875 0.279296875 0.81640625 0.240234375 0.771484375 0.12109375 0.876953125
0 0.4609375 0.91015625 0.421875 0.865234375 0.267578125 1 0.357421875 1
0 0.091796875 0.9765625 0.056640625 0.9375 0 0.986328125 0 1 0.064453125 1
0 0.03125 0.642578125 0.0546875 0.62109375 0 0.55859375 0 0.607421875
0 0.642578125 0.142578125 0.697265625 0.20703125 0.94140625 0 0.810546875 0
0 0.580078125 0.240234375 0.6640625 0.16796875 0.642578125 0.142578125 0.66015625 0.12890625 0.634765625 0.09765625 0.48828125 0.220703125 0.51171875 0.25 0.49609375 0.263671875 0.578125 0.359375 0.638671875 0.310546875
0 0.283203125 0.326171875 0.23828125 0.275390625 0 0.484375 0 0.55859375 0.0546875 0.62109375 0.109375 0.57421875 0.0625 0.51953125 0.220703125 0.380859375 0.265625 0.431640625 0.314453125 0.38671875 0.26953125 0.3359375
0 0.373046875 0.4921875 0.330078125 0.529296875 0.337890625 0.537109375 0.27734375 0.591796875 0.3125 0.6328125 0.30078125 0.642578125 0.421875 0.779296875 0.537109375 0.677734375
0 0.337890625 0.451171875 0.294921875 0.48828125 0.330078125 0.529296875 0.373046875 0.4921875
0 0.57421875 0.7734375 0.556640625 0.751953125 0.486328125 0.814453125 0.650390625 1 0.71484375 1 0.783203125 0.94140625 0.609375 0.7421875
0 0.330078125 0.1171875 0.298828125 0.078125 0.244140625 0.123046875 0.275390625 0.162109375 0.330078125 0.1171875
0 0.27734375 0.154296875 0.248046875 0.119140625 0.1953125 0.166015625 0.224609375 0.201171875 0.27734375 0.154296875