0 0.13671875 0.07421875 0.13671875 0.033203125 0.11328125 0.033203125 0.11328125 0.07421875
0 0.1171875 0.185546875 0.150390625 0.185546875 0.150390625 0.1328125 0.1171875 0.1328125
0 0.154296875 0.267578125 0 0.267578125 0 0.3046875 0.10546875 0.3046875 0.10546875 0.333984375 0.154296875 0.333984375 0.154296875 0.3046875
0 0.033203125 0.935546875 0.033203125 0.94140625 0.0234375 0.94140625 0.0234375 0.95703125 0 0.95703125 0 1 0.109375 1 0.109375 0.95703125 0.091796875 0.95703125 0.091796875 0.939453125 0.083984375 0.939453125 0.083984375 0.935546875 0.068359375 0.935546875 0.068359375 0.95703125 0.05078125 0.95703125 0.05078125 0.935546875
0 0.078125 0.900390625 0.130859375 0.900390625 0.130859375 0.787109375 0.078125 0.787109375
0 0.03515625 0.6875 0.03515625 0.6953125 0.025390625 0.6953125 0.025390625 0.7109375 0 0.7109375 0 0.771484375 0.111328125 0.771484375 0.111328125 0.7109375 0.091796875 0.7109375 0.091796875 0.693359375 0.083984375 0.693359375 0.083984375 0.689453125 0.068359375 0.689453125 0.068359375 0.7109375 0.05078125 0.7109375 0.05078125 0.6875
0 0.515625 0.2890625 0.515625 0.314453125 0.486328125 0.314453125 0.486328125 0.33203125 0.45703125 0.33203125 0.45703125 0.400390625 0.728515625 0.400390625 0.728515625 0.33203125 0.69921875 0.33203125 0.69921875 0.314453125 0.677734375 0.314453125 0.677734375 0.29296875 0.63671875 0.29296875 0.63671875 0.314453125 0.6171875 0.314453125 0.6171875 0.33203125 0.578125 0.33203125 0.578125 0.314453125 0.564453125 0.314453125 0.564453125 0.2890625
0 0.935546875 0.29296875 0.935546875 0.30859375 0.912109375 0.30859375 0.912109375 0.330078125 0.875 0.330078125 0.875 0.40234375 1 0.40234375 1 0.33203125 0.998046875 0.33203125 0.998046875 0.30859375 0.98046875 0.30859375 0.98046875 0.29296875
0 0.583984375 0.62890625 0.583984375 0.642578125 0.56640625 0.642578125 0.56640625 0.658203125 0.5390625 0.658203125 0.5390625 0.73046875 0.669921875 0.73046875 0.669921875 0.658203125 0.6484375 0.658203125 0.6484375 0.642578125 0.62890625 0.642578125 0.62890625 0.62890625
0 0.822265625 0.6328125 0.822265625 0.65625 0.79296875 0.65625 0.79296875 0.734375 0.8203125 0.734375 0.8203125 0.744140625 0.916015625 0.744140625 0.916015625 0.734375 0.94921875 0.734375 0.94921875 0.65625 0.916015625 0.65625 0.916015625 0.634765625
0 0.482421875 1 0.576171875 1 0.576171875 0.8203125 0.484375 0.8203125
0 0.14453125 0.12109375 0.14453125 0.078125 0 0.076171875 0 0.119140625 0.14453125 0.12109375