0 0.423828125 0.27734375 0.48046875 0.337890625 0.544921875 0.279296875 0.490234375 0.21875
0 0.513671875 0.236328125 0.552734375 0.240234375 0.552734375 0.220703125 0.513671875 0.21875
0 0.294921875 0.439453125 0.291015625 0.48046875 0.2578125 0.48046875 0.25390625 0.640625 0.306640625 0.640625 0.30859375 0.513671875 0.48046875 0.521484375 0.482421875 0.484375 0.4453125 0.482421875 0.447265625 0.447265625
0 0.57421875 0.35546875 0.677734375 0.359375 0.6796875 0.30078125 0.576171875 0.296875
0 0.8671875 0.3125 1 0.31640625 1 0.25390625 0.869140625 0.25 0.8671875 0.28515625
0 0.87109375 0.21484375 0.71484375 0.208984375 0.712890625 0.279296875 0.8671875 0.28515625 0.869140625 0.25
0 0.728515625 0.12109375 1 0.12890625 1 0.07421875 0.73046875 0.064453125
0 0.697265625 0.119140625 0.69921875 0.064453125 0.447265625 0.0546875 0.4453125 0.109375
0 0.392578125 0.072265625 0.388671875 0.201171875 0.44140625 0.203125 0.447265625 0.07421875
0 0.013671875 0.51953125 0.052734375 0.396484375 0 0.37890625 0 0.513671875
0 0.095703125 0.5546875 0.169921875 0.5546875 0.16796875 0.42578125 0.09375 0.42578125
0 0.09375 0.669921875 0.205078125 0.677734375 0.2109375 0.59765625 0.09765625 0.591796875
0 0.0078125 0.0859375 0.0078125 0.02734375 0 0.025390625 0 0.0859375
0 0.583984375 0.8046875 0.767578125 0.80859375 0.779296875 0.447265625 0.59375 0.443359375
0 0.80078125 0.591796875 0.841796875 0.63671875 0.96484375 0.525390625 0.98828125 0.525390625 1 0.537109375 1 0.46875 0.978515625 0.490234375 0.970703125 0.490234375 0.9453125 0.462890625
0 0.9921875 0.6796875 0.9609375 0.681640625 0.943359375 0.6640625 0.810546875 0.78515625 0.849609375 0.826171875 0.970703125 0.71484375 0.9765625 0.712890625 1 0.73828125 1 0.671875
0 0.09765625 0.755859375 0.09375 0.80859375 0.205078125 0.814453125 0.20703125 0.76171875
0 0.443359375 0.794921875 0.4453125 0.755859375 0.46875 0.7578125 0.48046875 0.521484375 0.42578125 0.51953125 0.4140625 0.740234375 0.208984375 0.728515625 0.20703125 0.78125
0 0.021484375 0.76953125 0.05859375 0.73828125 0 0.669921875 0 0.744140625
0 0.416015625 1 0.64453125 1 0.6484375 0.96875 0.41796875 0.95703125
0 0.16796875 0.181640625 0.166015625 0.236328125 0.203125 0.236328125 0.201171875 0.267578125 0.240234375 0.26953125 0.2421875 0.240234375 0.265625 0.240234375 0.267578125 0.20703125 0.294921875 0.208984375 0.298828125 0.0859375 0.0390625 0.07421875 0.037109375 0.14453125 0.0625 0.14453125 0.05859375 0.232421875 0.091796875 0.234375 0.08984375 0.263671875 0.1484375 0.265625 0.1484375 0.234375 0.1640625 0.236328125
0 0.830078125 0.384765625 0.833984375 0.3203125 0.71484375 0.31640625 0.7109375 0.37890625 0.830078125 0.384765625
0 0.228515625 1 0.228515625 0.962890625 0 0.962890625 0 1 0.228515625 1
0 0.556640625 0.83984375 0.556640625 0.8046875 0.517578125 0.8046875 0.517578125 0.83984375 0.556640625 0.83984375