0 0.056640625 0.205078125 0.046875 0.2890625 0.564453125 0.353515625 0.57421875 0.271484375
0 0.513671875 0.1015625 0.494140625 0.26171875 0.57421875 0.271484375 0.595703125 0.111328125
0 0.279296875 0 0.080078125 0 0.064453125 0.13671875 0.09765625 0.140625 0.107421875 0.0625 0.513671875 0.11328125 0.513671875 0.1015625 0.595703125 0.111328125 0.603515625 0.041015625
0 0.212890625 0.1875 0.4453125 0.216796875 0.455078125 0.1328125 0.224609375 0.103515625
0 0.62109375 0.021484375 0.58203125 0.34765625 0.66796875 0.357421875 0.705078125 0.033203125
0 0.705078125 0.033203125 0.697265625 0.107421875 1 0.142578125 1 0.06640625
0 0.7265625 0.24609375 0.966796875 0.275390625 0.974609375 0.1953125 0.736328125 0.166015625
0 0.720703125 0.318359375 0.685546875 0.3125 0.677734375 0.373046875 0.978515625 0.408203125 0.990234375 0.326171875 0.724609375 0.29296875
0 0.5703125 0.37890625 0.556640625 0.486328125 1 0.537109375 1 0.4296875
0 0.54296875 0.60546875 1 0.65625 1 0.599609375 0.55078125 0.546875
0 0.5234375 0.71875 1 0.7734375 1 0.71484375 0.53125 0.658203125
0 0.806640625 0.83203125 0.974609375 0.8515625 0.982421875 0.791015625 0.814453125 0.771484375
0 0.421875 0.431640625 0.337890625 0.421875 0.314453125 0.607421875 0.400390625 0.6171875 0.408203125 0.548828125
0 0.46875 0.4375 0.447265625 0.623046875 0.515625 0.630859375 0.5390625 0.4453125
0 0.04296875 0.57421875 0.046875 0.546875 0.017578125 0.54296875 0.00390625 0.65625 0.505859375 0.716796875 0.515625 0.630859375
0 0.044921875 0.330078125 0.025390625 0.498046875 0.05859375 0.501953125 0.072265625 0.388671875 0.541015625 0.4453125 0.546875 0.388671875
0 0.421875 0.431640625 0.41796875 0.470703125 0.46484375 0.474609375 0.46875 0.4375
0 0.408203125 0.548828125 0.400390625 0.6171875 0.447265625 0.623046875 0.455078125 0.5546875
0 0.24609375 0.51953125 0.25390625 0.4609375 0.1171875 0.4453125 0.103515625 0.5546875 0.306640625 0.578125 0.3125 0.52734375
0 0.005859375 0.6796875 0 0.73046875 0 0.81640625 0.017578125 0.8203125 0.017578125 0.8046875 0.056640625 0.80859375 0.0625 0.755859375 0.337890625 0.7890625 0.345703125 0.71875
0 0.09765625 0.900390625 0.1015625 0.873046875 0 0.861328125 0 0.888671875
0 0.244140625 0.79296875 0.1953125 0.787109375 0.181640625 0.912109375 0 0.888671875 0 0.9609375 0.318359375 1 0.33984375 0.8046875 0.28515625 0.798828125 0.2734375 0.890625 0.232421875 0.88671875
0 0.361328125 0.75 0.33203125 0.998046875 0.34375 1 0.384765625 1 0.4140625 0.755859375
0 0.427734375 1 0.65234375 1 0.66015625 0.9375 0.439453125 0.912109375
0 0.634765625 0.00390625 0.875 0.03125 0.876953125 0 0.634765625 0
0 0.9921875 0.294921875 0.978515625 0.408203125 1 0.41015625 1 0.294921875
0 0.998046875 0.0546875 0.998046875 0 0.884765625 0 0.884765625 0.052734375 0.998046875 0.0546875
0 0.0234375 0.064453125 0.0234375 0 0 0 0 0.064453125 0.0234375 0.064453125