0 0 0.017578125 0 0.076171875 0.359375 0.078125 0.359375 0.01953125
0 0.30859375 0.123046875 0.30859375 0.162109375 0 0.15625 0 0.21484375 0.3515625 0.22265625 0.353515625 0.123046875
0 0.091796875 0.322265625 0.091796875 0.271484375 0 0.26953125 0 0.3203125
0 0.119140625 0.25390625 0.119140625 0.3359375 0.1875 0.3359375 0.1875 0.302734375 0.14453125 0.302734375 0.14453125 0.25390625
0 0.3515625 0.259765625 0.31640625 0.259765625 0.31640625 0.384765625 0.3515625 0.384765625
0 0.31640625 0.28125 0.1875 0.28125 0.1875 0.3359375 0.31640625 0.3359375
0 0.119140625 0.466796875 0.33203125 0.4609375 0.330078125 0.41015625 0.1171875 0.416015625
0 0.6796875 0.125 0.8671875 0.126953125 0.8671875 0.0625 0.681640625 0.060546875
0 0.779296875 0.05859375 0.837890625 0.060546875 0.837890625 0 0.779296875 0
0 0.44140625 0.03515625 0.59375 0.03125 0.59765625 0.126953125 0.65234375 0.125 0.646484375 0 0.439453125 0
0 0.427734375 0.14453125 0.42578125 0.19921875 0.5859375 0.201171875 0.583984375 0.337890625 0.6328125 0.33984375 0.63671875 0.146484375
0 0.427734375 0.43359375 0.63671875 0.431640625 0.63671875 0.373046875 0.42578125 0.375
0 0.814453125 0.3046875 0.7734375 0.306640625 0.7734375 0.408203125 0.814453125 0.408203125
0 0.814453125 0.470703125 0.814453125 0.408203125 0.65625 0.41015625 0.65625 0.47265625 0.6875 0.47265625
0 0.666015625 0.23046875 0.666015625 0.296875 0.8359375 0.30078125 0.8359375 0.234375
0 0.8359375 0.234375 0.837890625 0.134765625 0.779296875 0.134765625 0.77734375 0.234375
0 0.505859375 0.5546875 0.505859375 0.5625 0.169921875 0.5703125 0.173828125 0.69140625 0.216796875 0.69140625 0.21484375 0.611328125 0.513671875 0.603515625 0.564453125 0.603515625 0.564453125 0.638671875 0.548828125 0.638671875 0.55078125 0.68359375 0.5859375 0.68359375 0.583984375 0.552734375
0 0.576171875 0.513671875 0.169921875 0.525390625 0.169921875 0.5703125 0.505859375 0.5625 0.505859375 0.5546875 0.583984375 0.552734375
0 0.765625 0.52734375 0.822265625 0.52734375 0.822265625 0.470703125 0.765625 0.470703125
0 0.646484375 0.47265625 0.646484375 0.529296875 0.6875 0.529296875 0.6875 0.47265625 0.65625 0.47265625
0 0.150390625 0.716796875 0.1484375 0.830078125 0.203125 0.830078125 0.203125 0.76953125 0.515625 0.771484375 0.515625 0.83203125 0.5625 0.83203125 0.5625 0.71875
0 0.16796875 0.927734375 0.546875 0.923828125 0.546875 0.87109375 0.16796875 0.875
0 0.642578125 0.578125 0.642578125 0.625 0.783203125 0.626953125 0.78125 0.7421875 0.83203125 0.7421875 0.833984375 0.58203125
0 0.83203125 0.7421875 0.771484375 0.7421875 0.76953125 0.876953125 0.732421875 0.9140625 0.732421875 0.892578125 0.583984375 0.890625 0.58203125 0.96484375 0.751953125 0.966796875 0.83203125 0.90625
0 0.634765625 0.791015625 0.724609375 0.787109375 0.72265625 0.732421875 0.6328125 0.736328125
0 0.076171875 0.732421875 0.0703125 0.509765625 0 0.509765625 0 0.732421875
0 0.943359375 0.57421875 1 0.57421875 1 0.228515625 0.943359375 0.228515625
0 0.9765625 0.638671875 0.974609375 0.8359375 1 0.8359375 1 0.638671875
0 0.08203125 0.958984375 0.119140625 0.95703125 0.1171875 0.787109375 0.080078125 0.7890625
0 0.953125 0.181640625 1 0.181640625 1 0 0.94921875 0
0 0.990234375 0.8359375 0.98828125 0.90625 1 0.90625 1 0.8359375
0 0.099609375 0.46875 0.1015625 0.396484375 0 0.39453125 0 0.466796875 0.099609375 0.46875
0 0.060546875 0.94921875 0.060546875 0.888671875 0 0.888671875 0 0.94921875 0.060546875 0.94921875
0 0.0625 0.81640625 0.0625 0.75 0 0.75 0 0.81640625 0.0625 0.81640625