0 0.609375 0.015625 0.591796875 0 0.5625 0.033203125 0.625 0.087890625 0.703125 0 0.623046875 0
0 1 0.931640625 1 0.888671875 0.939453125 0.927734375 0.958984375 0.958984375
0 0 0.84375 0 0.87109375 0.05859375 0.875 0.060546875 0.845703125
0 0.05859375 0.875 0 0.87109375 0 0.91796875 0.056640625 0.919921875 0.05859375 0.888671875
0 0.052734375 0.998046875 0.0546875 0.9453125 0 0.943359375 0 0.99609375
0 0.060546875 1 0.125 1 0.125 0.95703125 0.0625 0.955078125
0 0.03125 0.708984375 0.00390625 0.728515625 0.015625 0.744140625 0.025390625 0.736328125 0.046875 0.767578125 0.0625 0.7578125 0.041015625 0.7265625
0 0.546875 0.17578125 0.544921875 0.2109375 0.5859375 0.21484375 0.58984375 0.1796875
0 0.619140625 0.181640625 0.615234375 0.220703125 0.66015625 0.224609375 0.6640625 0.185546875
0 0.58984375 0.1796875 0.58203125 0.267578125 0.611328125 0.26953125 0.619140625 0.181640625
0 0.615234375 0.220703125 0.607421875 0.3125 0.65234375 0.31640625 0.66015625 0.224609375
0 0.6640625 0.328125 0.607421875 0.322265625 0.603515625 0.376953125 0.66015625 0.380859375
0 0.580078125 0.2890625 0.572265625 0.38671875 0.6015625 0.388671875 0.609375 0.29296875
0 0.47265625 0.83984375 0.4609375 0.98828125 0.474609375 0.990234375 0.47265625 1 0.505859375 1 0.521484375 0.84375
0 0.544921875 0.65234375 0.490234375 0.646484375 0.47265625 0.83984375 0.529296875 0.845703125 0.53515625 0.765625
0 0.548828125 0.626953125 0.53515625 0.765625 0.5703125 0.767578125 0.572265625 0.744140625 0.60546875 0.748046875 0.615234375 0.6328125 0.55078125 0.626953125
0 0.576171875 0.76953125 0.55859375 0.978515625 0.591796875 0.98046875 0.609375 0.771484375
0 0.556640625 0.568359375 0.552734375 0.607421875 0.6796875 0.619140625 0.68359375 0.578125 0.5859375 0.5703125
0 0.603515625 0.376953125 0.5859375 0.5703125 0.642578125 0.57421875 0.66015625 0.380859375
0 0.572265625 0.38671875 0.556640625 0.568359375 0.5859375 0.5703125 0.6015625 0.388671875
0 0.5625 0.490234375 0.50390625 0.486328125 0.490234375 0.646484375 0.544921875 0.65234375 0.548828125 0.626953125 0.55078125 0.626953125 0.552734375 0.607421875
0 0.728515625 0.3203125 0.73828125 0.189453125 0.703125 0.1875 0.693359375 0.31640625
0 0.833984375 0.400390625 0.845703125 0.26171875 0.77734375 0.255859375 0.765625 0.39453125
0 0.765625 0.39453125 0.76171875 0.451171875 0.8359375 0.458984375 0.841796875 0.40234375 0.833984375 0.400390625
0 0.86328125 0.2578125 0.85546875 0.345703125 0.904296875 0.349609375 0.912109375 0.26171875
0 0.6875 0.328125 0.669921875 0.533203125 0.646484375 0.53125 0.64453125 0.55859375 0.70703125 0.564453125 0.70703125 0.556640625 0.712890625 0.556640625 0.732421875 0.33203125
0 0.904296875 0.349609375 0.85546875 0.345703125 0.8359375 0.568359375 0.884765625 0.572265625 0.88671875 0.5390625
0 0.732421875 0.44921875 0.72265625 0.55859375 0.8359375 0.568359375 0.845703125 0.458984375 0.76171875 0.451171875
0 0.8359375 0.57421875 0.81640625 0.78515625 0.86328125 0.7890625 0.86328125 0.806640625 0.90625 0.80859375 0.908203125 0.79296875 0.927734375 0.794921875 0.9453125 0.583984375
0 0.859375 0.853515625 0.923828125 0.859375 0.927734375 0.822265625 0.861328125 0.81640625
0 0.70703125 0.556640625 0.6875 0.794921875 0.740234375 0.798828125 0.76171875 0.560546875 0.712890625 0.556640625
0 0.626953125 0.76953125 0.607421875 0.9921875 0.669921875 0.998046875 0.689453125 0.775390625 0.638671875 0.76953125
0 0.67578125 0.640625 0.673828125 0.66015625 0.63671875 0.658203125 0.630859375 0.712890625 0.642578125 0.712890625 0.638671875 0.76953125 0.689453125 0.775390625 0.69921875 0.642578125
0 0.447265625 0.92578125 0.478515625 0.544921875 0.42578125 0.541015625 0.392578125 0.921875
0 0.4453125 0.3984375 0.439453125 0.46484375 0.46875 0.466796875 0.470703125 0.44140625 0.56640625 0.44921875 0.568359375 0.41015625
0 0.390625 0.39453125 0.361328125 0.74609375 0.408203125 0.75 0.4375 0.3984375
0 0.4609375 0.19921875 0.3984375 0.1953125 0.392578125 0.263671875 0.455078125 0.26953125 0.4609375 0.203125
0 0.3125 0.2578125 0.306640625 0.322265625 0.44921875 0.3359375 0.455078125 0.26953125
0 0.244140625 0.318359375 0.2421875 0.359375 0.326171875 0.3671875 0.330078125 0.32421875 0.306640625 0.322265625
0 0.267578125 0.384765625 0.248046875 0.619140625 0.302734375 0.623046875 0.32421875 0.388671875
0 0.32421875 0.388671875 0.29296875 0.73828125 0.361328125 0.744140625 0.390625 0.39453125
0 0.330078125 0.32421875 0.32421875 0.388671875 0.4453125 0.400390625 0.44921875 0.3359375
0 0.25 0.259765625 0.1875 0.283203125 0.185546875 0.31640625 0.208984375 0.318359375 0.205078125 0.35546875 0.2421875 0.359375 0.244140625 0.318359375
0 0.53515625 0.765625 0.515625 1 0.587890625 1 0.591796875 0.98046875 0.55859375 0.978515625 0.576171875 0.76953125 0.5703125 0.767578125
0 0.708984375 0.841796875 0.68359375 0.83984375 0.671875 0.9765625 0.697265625 0.978515625 0.703125 0.91015625
0 0.806640625 0.923828125 0.8046875 0.923828125 0.8125 0.845703125 0.771484375 0.841796875 0.765625 0.912109375 0.724609375 0.9296875 0.720703125 0.96875 0.724609375 0.97265625 0.8046875 0.9375
0 0.76171875 0.560546875 0.740234375 0.798828125 0.814453125 0.8046875 0.8359375 0.568359375
0 0.81640625 0.78515625 0.806640625 0.9140625 0.833984375 0.916015625 0.84375 0.7890625
0 0.9453125 0.583984375 0.927734375 0.791015625 0.96875 0.794921875 0.986328125 0.587890625
0 0.904296875 0.349609375 0.88671875 0.5390625 0.9140625 0.541015625 0.931640625 0.3515625
0 0.94140625 0.26953125 0.9375 0.353515625 0.966796875 0.35546875 0.970703125 0.271484375
0 0.931640625 0.3515625 0.9140625 0.541015625 0.8984375 0.5390625 0.89453125 0.568359375 0.9609375 0.57421875 0.978515625 0.365234375 0.9765625 0.365234375 0.9765625 0.35546875 0.9375 0.353515625
0 1 0.29296875 1 0.244140625 0.984375 0.244140625 0.98046875 0.29296875
0 1 0.228515625 1 0.19921875 0.984375 0.19921875 0.982421875 0.228515625
0 0.861328125 0.2421875 0.92578125 0.24609375 0.9296875 0.201171875 0.86328125 0.197265625
0 0.958984375 0.958984375 0.947265625 0.9375 0.890625 0.966796875 0.90625 1 0.98046875 1
0 0.080078125 0.44140625 0.103515625 0.4296875 0.0703125 0.369140625 0.048828125 0.380859375
0 0.568359375 0.41015625 0.5859375 0.21484375 0.4609375 0.203125 0.4453125 0.3984375 0.509765625 0.404296875
0 0.80859375 0.15625 0.814453125 0.11328125 0.763671875 0.10546875 0.7578125 0.1484375 0.80859375 0.15625
0 0.9765625 0.83203125 0.974609375 0.794921875 0.943359375 0.798828125 0.947265625 0.833984375 0.9765625 0.83203125
0 0.12890625 0.47265625 0.109375 0.44140625 0.083984375 0.458984375 0.103515625 0.490234375 0.12890625 0.47265625