0 0.30078125 0.1484375 0.451171875 0.2890625 0.6328125 0.09765625 0.529296875 0 0.439453125 0
0 0.681640625 0.166015625 0.80078125 0.275390625 0.89453125 0.17578125 0.775390625 0.064453125
0 0.798828125 0.494140625 0.92578125 0.619140625 0.93359375 0.615234375 1 0.69921875 1 0.576171875 0.849609375 0.439453125
0 0.873046875 0.3671875 0.966796875 0.462890625 1 0.4296875 1 0.240234375
0 0.55078125 0.59375 0.669921875 0.775390625 0.748046875 0.72265625 0.630859375 0.54296875
0 0.71875 0.857421875 0.7578125 0.91796875 0.861328125 0.849609375 0.8203125 0.7890625
0 0.236328125 0.236328125 0.2265625 0.22265625 0.0234375 0.36328125 0.029296875 0.373046875 0.00390625 0.390625 0.08203125 0.509765625 0.109375 0.490234375 0.125 0.51171875 0.330078125 0.373046875 0.31640625 0.353515625 0.341796875 0.3359375 0.263671875 0.21875
0 0.37109375 0.3984375 0.1015625 0.56640625 0.208984375 0.73828125 0.4765625 0.56640625
0 0.54296875 0.568359375 0.57421875 0.548828125 0.51171875 0.4453125 0.48046875 0.46484375
0 0.240234375 0.794921875 0.357421875 0.974609375 0.63671875 0.79296875 0.51953125 0.61328125
0 0.1328125 0.82421875 0.1015625 0.76953125 0.048828125 0.798828125 0.080078125 0.853515625 0.09375 0.845703125
0 0.048828125 0.798828125 0 0.826171875 0 0.8984375 0.080078125 0.853515625
0 0.015625 0.962890625 0 0.970703125 0 1 0.03515625 1
0 0.125 0.90234375 0.09375 0.845703125 0 0.8984375 0 0.970703125 0.015625 0.962890625
0 0.0390625 0.771484375 0.037109375 0.666015625 0 0.666015625 0 0.771484375 0.0390625 0.771484375
0 0.1953125 0.947265625 0.177734375 0.912109375 0.0703125 0.974609375 0.08984375 1 0.1953125 0.947265625