0 0.6953125 0.05859375 0.6953125 0 0.44140625 0 0.44140625 0.32421875 0.826171875 0.326171875 0.826171875 0.05859375
0 0.08984375 0.267578125 0.08984375 0.1953125 0 0.1953125 0 0.267578125
0 0.091796875 0.40625 0.091796875 0.33203125 0 0.333984375 0 0.408203125
0 0.09765625 0.552734375 0.095703125 0.474609375 0 0.474609375 0 0.552734375
0 0.072265625 0.7265625 0.0703125 0.66015625 0 0.662109375 0 0.7265625
0 0.080078125 0.66015625 0.080078125 0.609375 0 0.609375 0 0.662109375 0.0703125 0.66015625
0 0.1328125 0.720703125 0.263671875 0.720703125 0.265625 0.490234375 0.1328125 0.48828125
0 0.05078125 1 0.369140625 1 0.369140625 0.974609375 0.052734375 0.96875
0 0.34765625 0.005859375 0.34765625 0.0625 0.26171875 0.0625 0.26171875 0.0859375 0 0.0859375 0 0.13671875 0.27734375 0.13671875 0.27734375 0.11328125 0.32421875 0.11328125 0.32421875 0.091796875 0.3984375 0.091796875 0.3984375 0 0 0 0 0.005859375
0 0.19921875 0.302734375 0.294921875 0.302734375 0.296875 0.265625 0.201171875 0.265625
0 0.341796875 0.1796875 0.341796875 0.34765625 0.19921875 0.345703125 0.201171875 0.220703125 0.16015625 0.220703125 0.158203125 0.39453125 0.388671875 0.396484375 0.390625 0.1796875
0 0.361328125 0.4296875 0.359375 0.5 0.30078125 0.5 0.30078125 0.53515625 0.38671875 0.537109375 0.388671875 0.4296875
0 0.373046875 0.6015625 0.28515625 0.6015625 0.283203125 0.7421875 0.373046875 0.7421875 0.373046875 0.69140625
0 0.826171875 0.314453125 0.826171875 0.326171875 0.794921875 0.326171875 0.791015625 0.4140625 0.861328125 0.416015625 0.865234375 0.31640625
0 0.82421875 0.5234375 0.818359375 0.6328125 0.857421875 0.634765625 0.86328125 0.525390625 0.833984375 0.5234375
0 0.837890625 0.431640625 0.833984375 0.5234375 0.86328125 0.525390625 0.869140625 0.43359375
0 0.65625 0.466796875 0.654296875 0.513671875 0.7734375 0.51953125 0.775390625 0.470703125 0.6875 0.466796875
0 0.7578125 0.412109375 0.7578125 0.40234375 0.7265625 0.400390625 0.724609375 0.431640625 0.689453125 0.431640625 0.6875 0.466796875 0.826171875 0.47265625 0.828125 0.4140625 0.791015625 0.4140625
0 0.712890625 0.52734375 0.681640625 0.525390625 0.6796875 0.634765625 0.7109375 0.634765625 0.7109375 0.611328125
0 0.712890625 0.53515625 0.7109375 0.611328125 0.771484375 0.61328125 0.7734375 0.53515625
0 0.8125 0.525390625 0.7734375 0.5234375 0.771484375 0.630859375 0.810546875 0.630859375 0.810546875 0.61328125
0 0.7421875 0.72265625 0.76171875 0.72265625 0.76171875 0.625 0.7421875 0.625
0 0.689453125 0.734375 0.732421875 0.734375 0.732421875 0.70703125 0.689453125 0.705078125
0 0.73046875 0.76171875 0.73046875 0.748046875 0.66015625 0.744140625 0.66015625 0.759765625
0 0.662109375 0.681640625 0.6171875 0.6796875 0.6171875 0.673828125 0.578125 0.671875 0.576171875 0.7578125 0.66015625 0.759765625 0.66015625 0.744140625
0 0.42578125 0.443359375 0.421875 0.595703125 0.455078125 0.595703125 0.455078125 0.572265625 0.46484375 0.572265625 0.466796875 0.4453125
0 0.458984375 0.6015625 0.458984375 0.66796875 0.41015625 0.66796875 0.408203125 0.75 0.552734375 0.751953125 0.5546875 0.6015625
0 0.33203125 0.849609375 0 0.837890625 0 0.923828125 0.2890625 0.93359375 0.2890625 0.953125 0.375 0.95703125 0.376953125 0.896484375
0 0.458984375 0.845703125 0.4140625 0.876953125 0.412109375 1 0.458984375 1 0.4609375 0.904296875 0.4921875 0.904296875 0.4921875 0.845703125
0 0.861328125 0.9375 0.861328125 0.892578125 0.8359375 0.873046875 0.5859375 0.873046875 0.5859375 0.939453125 0.765625 0.939453125
0 0.765625 0.939453125 0.765625 1 0.861328125 1 0.861328125 0.9375
0 0.015625 0.99609375 0.015625 0.943359375 0 0.94140625 0 0.994140625
0 0.490234375 1 0.54296875 1 0.544921875 0.888671875 0.57421875 0.888671875 0.576171875 0.845703125 0.4921875 0.845703125 0.4921875 0.904296875
0 0.998046875 0.9609375 1 0.87109375 0.966796875 0.87109375 0.966796875 0.958984375 0.998046875 0.9609375
0 0.14453125 0.314453125 0.14453125 0.255859375 0.103515625 0.255859375 0.103515625 0.314453125 0.14453125 0.314453125
0 0.998046875 0.998046875 0.998046875 0.95703125 0.96875 0.95703125 0.96875 0.998046875 0.998046875 0.998046875