0 0.109375 0.40234375 0.04296875 0.419921875 0.060546875 0.482421875 0.125 0.46484375
0 0.060546875 0.482421875 0.04296875 0.419921875 0 0.4296875 0 0.4609375 0.009765625 0.49609375 0.041015625 0.48828125
0 0.03515625 0.357421875 0.099609375 0.33984375 0.083984375 0.283203125 0.01953125 0.30078125
0 0.052734375 0.94921875 0.181640625 0.9140625 0.158203125 0.828125 0.029296875 0.86328125
0 0.8984375 0.984375 0.904296875 1 0.98828125 1 0.984375 0.98046875 0.96484375 0.986328125 0.958984375 0.966796875
0 0.724609375 0.92578125 0.71484375 0.892578125 0.69921875 0.896484375 0.69140625 0.875 0.623046875 0.896484375 0.626953125 0.91015625 0.6171875 0.9140625 0.611328125 0.8984375 0.48046875 0.9375 0.498046875 0.9921875 0.55859375 0.974609375
0 0.806640625 0.701171875 0.779296875 0.693359375 0.767578125 0.734375 0.73828125 0.728515625 0.724609375 0.78515625 0.966796875 0.84375 0.98046875 0.787109375 0.966796875 0.783203125 0.9765625 0.7421875 0.9453125 0.734375 0.94140625 0.75 0.802734375 0.71484375
0 0.591796875 0.69140625 0.5703125 0.697265625 0.576171875 0.712890625 0.556640625 0.71875 0.49609375 0.736328125 0.4921875 0.72265625 0.47265625 0.728515625 0.482421875 0.763671875 0.4453125 0.775390625 0.4609375 0.826171875 0.640625 0.771484375 0.625 0.720703125 0.6015625 0.728515625 0.59765625 0.716796875
0 0.423828125 0.80078125 0.482421875 1 0.564453125 1 0.55859375 0.974609375 0.498046875 0.9921875 0.48046875 0.9375 0.54296875 0.919921875 0.509765625 0.810546875 0.4609375 0.826171875 0.451171875 0.79296875
0 0.474609375 0.734375 0.45703125 0.73828125 0.46484375 0.76953125 0.482421875 0.763671875
0 0.728515625 0.716796875 0.685546875 0.71484375 0.640625 0.71484375 0.59765625 0.716796875 0.6015625 0.728515625 0.625 0.720703125 0.640625 0.771484375 0.572265625 0.79296875 0.615234375 0.791015625 0.658203125 0.791015625 0.701171875 0.794921875 0.744140625 0.798828125 0.787109375 0.806640625 0.830078125 0.81640625 0.87109375 0.828125 0.912109375 0.84375 0.953125 0.859375 0.9921875 0.876953125 1 0.880859375 1 0.783203125 0.970703125 0.771484375 0.966796875 0.783203125 0.98046875 0.787109375 0.966796875 0.84375 0.724609375 0.78515625 0.73828125 0.728515625 0.767578125 0.734375 0.771484375 0.720703125
0 0.353515625 0.53125 0.34765625 0.50390625 0.294921875 0.51953125 0.302734375 0.544921875 0.318359375 0.541015625 0.32421875 0.55859375 0.349609375 0.55078125 0.345703125 0.533203125