0 0.6108141447368421 0.9638157894736841 0.6108141447368421 0.7958470394736843 0.9213610197368419 0.7958470394736843 0.9213610197368419 0.9638157894736841
0 0.19952713815789475 0.9566200657894737 0.19952713815789475 0.7925575657894737 0.5217927631578946 0.7925575657894737 0.5217927631578946 0.9566200657894737
0 0 0.637952302631579 0 0.587171052631579 0.056640625000000014 0.587171052631579 0.056640625000000014 0.637952302631579
0 0.19654605263157893 0.5915912828947368 0.19654605263157893 0.46073190789473684 0.3918585526315789 0.46073190789473684 0.3918585526315789 0.5915912828947368
0 0.19541529605263158 0.6099917763157895 0.4004934210526316 0.6099917763157895 0.4004934210526316 0.7447574013157895 0.19541529605263158 0.7447574013157895
0 0.7308799342105262 0.606188322368421 0.9008018092105262 0.606188322368421 0.9008018092105262 0.703844572368421 0.7308799342105262 0.703844572368421
0 0.6172902960526315 0.563939144736842 0.6954152960526315 0.563939144736842 0.6954152960526315 0.694798519736842 0.6172902960526315 0.694798519736842
0 0.782483552631579 0.5747327302631579 0.782483552631579 0.46926398026315785 0.942639802631579 0.46926398026315785 0.942639802631579 0.5747327302631579
0 0 0.9241365131578947 0 0.8186677631578947 0.091796875 0.8186677631578947 0.091796875 0.9241365131578947
0 0 0.7735402960526315 0 0.6797902960526315 0.076171875 0.6797902960526315 0.076171875 0.7735402960526315
0 0.158203125 0.005859375 0.158203125 0 0.55078125 0 0.55078125 0.005859375
0 0.7377672697368421 0.5645559210526315 0.7377672697368421 0.4493215460526315 0.7748766447368421 0.4493215460526315 0.7748766447368421 0.5645559210526315