0 0.21484375 0.060546875 0.216796875 0 0 0 0 0.052734375
0 0.033203125 0.126953125 0.03125 0.19140625 0.2109375 0.197265625 0.212890625 0.1328125
0 0.212890625 0.123046875 0.212890625 0.17578125 0.28125 0.1796875 0.283203125 0.125
0 0.216796875 0 0.212890625 0.123046875 0.283203125 0.125 0.287109375 0.001953125
0 0.3828125 0.478515625 0.044921875 0.46875 0.04296875 0.517578125 0.3828125 0.52734375 0.3828125 0.498046875
0 0.431640625 0.423828125 0.384765625 0.421875 0.3828125 0.498046875 0.4296875 0.498046875
0 0.447265625 0.408203125 0.4453125 0.498046875 0.416015625 0.498046875 0.4140625 0.541015625 0.501953125 0.54296875 0.505859375 0.41015625
0 0.30859375 0.5703125 0.306640625 0.62890625 0.474609375 0.6328125 0.474609375 0.57421875 0.369140625 0.572265625
0 0.369140625 0.5390625 0.369140625 0.572265625 0.474609375 0.57421875 0.4765625 0.54296875 0.4140625 0.541015625
0 0.123046875 0.712890625 0.3984375 0.720703125 0.3984375 0.666015625 0.125 0.658203125
0 0.431640625 0.669921875 0.4296875 0.744140625 0.482421875 0.74609375 0.484375 0.671875
0 0.10546875 0.7109375 0.111328125 0.658203125 0 0.646484375 0 0.69921875
0 0.1171875 0.841796875 0.12109375 0.794921875 0 0.783203125 0 0.830078125
0 0.13671875 0.84375 0.4609375 0.876953125 0.466796875 0.8203125 0.142578125 0.7890625
0 0.484375 0.03125 0.908203125 0.04296875 0.908203125 0 0.484375 0
0 0.31640625 0.0390625 0.443359375 0.04296875 0.443359375 0 0.31640625 0
0 0.435546875 0.19140625 0.4375 0.099609375 0.341796875 0.095703125 0.337890625 0.24609375 0.45703125 0.25 0.458984375 0.193359375
0 0.6796875 0.185546875 0.6796875 0.236328125 0.892578125 0.2421875 0.892578125 0.19140625
0 0.6796875 0.19140625 0.484375 0.185546875 0.482421875 0.234375 0.6796875 0.240234375 0.6796875 0.236328125
0 0.48828125 0.134765625 0.876953125 0.146484375 0.87890625 0.099609375 0.490234375 0.087890625
0 0.955078125 0.21875 1 0.21875 1 0.16796875 0.955078125 0.16796875
0 0.955078125 0.046875 1 0.046875 1 0 0.955078125 0
0 0.669921875 0.5 0.87890625 0.505859375 0.880859375 0.44921875 0.671875 0.443359375
0 0.513671875 0.486328125 0.646484375 0.490234375 0.6484375 0.4453125 0.515625 0.44140625
0 0.857421875 0.70703125 0.796875 0.705078125 0.794921875 0.76953125 0.85546875 0.771484375 0.857421875 0.71875
0 0.796875 0.705078125 0.54296875 0.69921875 0.541015625 0.77734375 0.794921875 0.78515625 0.794921875 0.76953125
0 0.04296875 0.3203125 0.298828125 0.298828125 0.29296875 0.236328125 0.037109375 0.255859375
0 0.328125 0.30859375 0.451171875 0.3125 0.453125 0.271484375 0.330078125 0.267578125
0 0.033203125 0.423828125 0.306640625 0.431640625 0.30859375 0.373046875 0.03515625 0.365234375
0 0.701171875 0.33203125 0.69921875 0.3828125 0.912109375 0.390625 0.9140625 0.33984375
0 0.494140625 0.345703125 0.39453125 0.341796875 0.392578125 0.388671875 0.4921875 0.392578125
0 0.494140625 0.3359375 0.4921875 0.392578125 0.69921875 0.3984375 0.701171875 0.34375
0 0.998046875 0.78515625 1 0.720703125 0.86328125 0.71484375 0.859375 0.779296875 0.998046875 0.78515625
0 1 0.408203125 0.998046875 0.349609375 0.916015625 0.349609375 0.91796875 0.408203125 1 0.408203125
0 0.998046875 0.63671875 1 0.580078125 0.912109375 0.580078125 0.912109375 0.63671875 0.998046875 0.63671875
0 0.998046875 0.521484375 1 0.4609375 0.91796875 0.458984375 0.91796875 0.51953125 0.998046875 0.521484375
0 0.962890625 0.953125 0.96875 0.916015625 0.90234375 0.904296875 0.896484375 0.94140625 0.962890625 0.953125
0 0.0234375 0.59375 0.0234375 0.400390625 0 0.400390625 0 0.59375 0.0234375 0.59375
0 0.998046875 0.451171875 0.998046875 0.421875 0.91796875 0.421875 0.91796875 0.453125 0.998046875 0.451171875
0 0.84765625 1 0.849609375 0.9765625 0.650390625 0.974609375 0.650390625 0.998046875 0.84765625 1