0 0.087890625 0.716796875 0.0859375 0.65234375 0 0.65625 0 0.720703125
0 0.12109375 0.712890625 0.232421875 0.70703125 0.228515625 0.638671875 0.1171875 0.642578125
0 0.091796875 0.875 0.087890625 0.8046875 0 0.80859375 0 0.87890625
0 0.125 0.86328125 0.302734375 0.85546875 0.30078125 0.79296875 0.123046875 0.80078125
0 0.130859375 1 0.2421875 1 0.2421875 0.9453125 0.12890625 0.94921875
0 0.091796875 0.95703125 0 0.9609375 0 1 0.09375 1
0 0.125 0.37890625 0.123046875 0.3203125 0 0.326171875 0 0.3828125
0 0.099609375 0.55859375 0.291015625 0.55078125 0.287109375 0.478515625 0.09765625 0.486328125
0 0.171875 0.044921875 0.4375 0.033203125 0.43359375 0 0.16796875 0
0 0.060546875 0.560546875 0.05859375 0.49609375 0 0.498046875 0 0.5625
0 0.125 0.21875 0.123046875 0.154296875 0 0.16015625 0 0.22265625
0 0.392578125 0.318359375 0.451171875 0.314453125 0.4453125 0.201171875 0.38671875 0.205078125
0 0.451171875 0.314453125 0.189453125 0.326171875 0.193359375 0.38671875 0.453125 0.375
0 0.44921875 0.201171875 0.4453125 0.138671875 0.17578125 0.150390625 0.1796875 0.21484375 0.38671875 0.205078125
0 0.40625 0.46875 0.361328125 0.470703125 0.365234375 0.54296875 0.41015625 0.541015625 0.40625 0.478515625
0 0.4765625 0.603515625 0.470703125 0.474609375 0.40625 0.478515625 0.412109375 0.60546875 0.458984375 0.603515625
0 0.439453125 0.890625 0.5 0.890625 0.48828125 0.669921875 0.427734375 0.671875
0 0.43359375 0.60546875 0.435546875 0.62109375 0.359375 0.625 0.359375 0.607421875 0.33203125 0.609375 0.333984375 0.626953125 0.3046875 0.626953125 0.306640625 0.677734375 0.486328125 0.669921875 0.484375 0.619140625 0.458984375 0.62109375 0.458984375 0.603515625
0 0.48828125 0.923828125 0.46875 0.923828125 0.46875 0.931640625 0.462890625 0.931640625 0.462890625 0.94921875 0.38671875 0.953125 0.38671875 0.935546875 0.361328125 0.9375 0.36328125 0.95703125 0.337890625 0.958984375 0.33984375 0.99609375 0.369140625 0.99609375 0.369140625 1 0.484375 1 0.484375 0.990234375 0.517578125 0.98828125 0.515625 0.94921875 0.48828125 0.951171875 0.48828125 0.931640625
0 0.919921875 0.75390625 1 0.748046875 1 0.6796875 0.916015625 0.685546875
0 0.837890625 0.68359375 0.8359375 0.634765625 0.701171875 0.638671875 0.703125 0.69140625 0.734375 0.69140625 0.736328125 0.75 0.818359375 0.748046875 0.81640625 0.68359375
0 0.74609375 0.63671875 0.744140625 0.58203125 0.7734375 0.580078125 0.76953125 0.51171875 0.677734375 0.515625 0.689453125 0.77734375 0.751953125 0.7734375 0.751953125 0.75 0.736328125 0.75 0.734375 0.69140625 0.703125 0.69140625 0.701171875 0.638671875
0 0.861328125 0.984375 0.859375 0.93359375 0.724609375 0.939453125 0.7265625 0.9921875 0.751953125 0.990234375 0.751953125 1 0.84375 1 0.84375 0.986328125
0 0.763671875 0.939453125 0.76171875 0.8828125 0.798828125 0.880859375 0.796875 0.837890625 0.708984375 0.841796875 0.71484375 1 0.751953125 1 0.751953125 0.990234375 0.7265625 0.9921875 0.724609375 0.939453125
0 1 0.57421875 1 0.5078125 0.904296875 0.513671875 0.908203125 0.580078125
0 0.666015625 0.203125 0.666015625 0.201171875 0.6640625 0.201171875 0.669921875 0.326171875 0.736328125 0.3203125 0.73046875 0.19921875
0 0.9375 0.181640625 0.931640625 0.107421875 0.66015625 0.12890625 0.666015625 0.203125 0.73046875 0.19921875
0 0.93359375 0.306640625 0.669921875 0.326171875 0.67578125 0.408203125 0.939453125 0.390625
0 0.125 0.0390625 0.125 0 0 0 0 0.0390625 0.125 0.0390625
0 0.927734375 0.0390625 0.927734375 0 0.669921875 0 0.669921875 0.0390625 0.927734375 0.0390625