0 0.130859375 0.365234375 0.283203125 0.36328125 0.28125 0.15234375 0.12890625 0.154296875 0.130859375 0.24609375
0 0.130859375 0.24609375 0.12890625 0.154296875 0 0.154296875 0 0.24609375
0 0.533203125 0.232421875 0.51953125 0.140625 0.34765625 0.1640625 0.361328125 0.2578125 0.494140625 0.23828125
0 0.37890625 0.62890625 0.3828125 0.654296875 0.32421875 0.662109375 0.3203125 0.63671875 0.24609375 0.6484375 0.255859375 0.716796875 0.447265625 0.689453125 0.4375 0.62109375
0 0.736328125 0.1171875 0.73828125 0.1328125 0.671875 0.142578125 0.669921875 0.126953125 0.634765625 0.1328125 0.640625 0.169921875 0.603515625 0.17578125 0.611328125 0.22265625 0.802734375 0.1953125 0.794921875 0.146484375 0.771484375 0.150390625 0.765625 0.11328125
0 0.974609375 0.12109375 0.9765625 0.134765625 0.931640625 0.142578125 0.939453125 0.197265625 1 0.1875 1 0.1171875
0 0.775390625 0.88671875 1 0.853515625 1 0.79296875 0.767578125 0.828125
0 0.478515625 0.6171875 0.685546875 0.5859375 0.67578125 0.51953125 0.46875 0.55078125
0 0.70703125 0.38671875 0.970703125 0.34765625 0.9609375 0.2890625 0.697265625 0.328125
0 0.75 0.73046875 1 0.693359375 1 0.6328125 0.7421875 0.669921875
0 0.494140625 0.779296875 0.703125 0.75 0.693359375 0.68359375 0.484375 0.712890625
0 0.732421875 0.56640625 0.99609375 0.52734375 0.98828125 0.46875 0.724609375 0.5078125
0 0.455078125 0.4296875 0.6640625 0.400390625 0.654296875 0.333984375 0.447265625 0.36328125
0 0.541015625 0.94140625 0.748046875 0.91015625 0.73828125 0.84375 0.53125 0.875
0 0.80078125 0.958984375 0.646484375 1 0.810546875 1
0 0.837890625 1 0.998046875 1 1 0.998046875 1 0.9140625 0.828125 0.95703125
0 0.068359375 0.515625 0.068359375 0.416015625 0 0.416015625 0 0.515625 0.068359375 0.515625