0 0.99609375 0.85546875 1 0.84765625 1 0.771484375 0.888671875 0.703125 0.8515625 0.765625 0.970703125 0.83984375
0 0.828125 0.802734375 0.947265625 0.876953125 0.970703125 0.83984375 0.8515625 0.765625
0 0.775390625 0.923828125 0.916015625 1 0.9453125 1 0.970703125 0.955078125 0.806640625 0.8671875
0 0.69921875 0.787109375 0.677734375 0.828125 0.650390625 0.880859375 0.625 0.927734375 0.724609375 0.98046875 0.798828125 0.83984375
0 0.537109375 0.751953125 0.5078125 0.8046875 0.650390625 0.880859375 0.677734375 0.828125 0.587890625 0.779296875
0 0.6171875 0.599609375 0.580078125 0.669921875 0.728515625 0.748046875 0.765625 0.677734375
0 0.580078125 0.669921875 0.537109375 0.751953125 0.587890625 0.779296875 0.630859375 0.6953125
0 0.814453125 0.76953125 0.890625 0.623046875 0.81640625 0.58203125 0.73828125 0.728515625
0 0.3984375 0.404296875 0.3125 0.5625 0.3984375 0.609375 0.484375 0.451171875
0 0.4453125 0.5234375 0.3984375 0.609375 0.521484375 0.67578125 0.56640625 0.58984375
0 0.529296875 0.544921875 0.587890625 0.578125 0.65234375 0.45703125 0.595703125 0.42578125 0.55859375 0.4921875
0 0.599609375 0.416015625 0.439453125 0.330078125 0.3984375 0.404296875 0.55859375 0.4921875 0.595703125 0.42578125
0 0.580078125 0.10546875 0.494140625 0.25 0.5703125 0.294921875 0.65625 0.15234375
0 0.765625 0.265625 0.74609375 0.302734375 0.76171875 0.310546875 0.78125 0.2734375
0 0.828125 0.15234375 0.765625 0.265625 0.822265625 0.296875 0.884765625 0.181640625
0 0.638671875 0.236328125 0.708984375 0.279296875 0.75 0.208984375 0.6796875 0.166015625
0 0.62890625 0.0234375 0.580078125 0.10546875 0.751953125 0.208984375 0.80078125 0.126953125
0 0.76171875 0.310546875 0.74609375 0.302734375 0.74609375 0.30078125 0.615234375 0.22265625 0.5703125 0.294921875 0.732421875 0.392578125 0.77734375 0.3203125
0 0.921875 0.02734375 0.998046875 0.072265625 1 0.068359375 1 0 0.9375 0
0 0.32421875 0.169921875 0.373046875 0.201171875 0.490234375 0.0234375 0.453125 0 0.435546875 0
0 0.025390625 0.798828125 0.025390625 0.734375 0 0.734375 0 0.798828125 0.025390625 0.798828125
0 1 0.568359375 1 0.490234375 0.970703125 0.490234375 0.970703125 0.568359375 1 0.568359375
0 0.673828125 0.775390625 0.6953125 0.74609375 0.662109375 0.724609375 0.642578125 0.755859375 0.673828125 0.775390625