0 0 0.16015625 0.03670058139534885 0.2498031734496124 0.087890625 0.40625 0 0.40625
0 0.298828125 0.623046875 0.345703125 0.607421875 0.390625 0.728515625 0.34375 0.744140625
0 0.158203125 0.2265625 0.330078125 0.171875 0.345703125 0.212890625 0.173828125 0.267578125
0 0.107421875 0.072265625 0.29296875 0.015625 0.310546875 0.0546875 0.125 0.115234375
0 0.185546875 0.3046875 0.3515625 0.25 0.365234375 0.291015625 0.197265625 0.345703125
0 0.2421875 0.462890625 0.3984375 0.421875 0.423828125 0.482421875 0.267578125 0.5234375
0 0.41015625 0.373046875 0.45703125 0.34765625 0.4765625 0.38671875 0.4296875 0.4140625
0 0.3984375 0.609375 0.470703125 0.5859375 0.490234375 0.642578125 0.41796875 0.66796875
0 0.138671875 0.158203125 0.322265625 0.10546875 0.3359375 0.146484375 0.154296875 0.197265625
0 0.326171875 0.14103618421052633 0.392578125 0.12150493421052633 0.416015625 0.18205180921052633 0.349609375 0.20353618421052633
0 0.3143503289473685 0.03536184210526316 0.3885690789473685 0.015830592105263157 0.4100534539473685 0.06856496710526316 0.3358347039473685 0.09004934210526316
0 0.5023643092105263 0.3994654605263158 0.5297080592105263 0.3896998355263158 0.5531455592105263 0.4619654605263158 0.5277549342105263 0.4717310855263158
0 0.5822368421052632 0.8883634868421052 0.6115337171052632 0.8649259868421052 0.6271587171052632 0.8844572368421052 0.5959087171052632 0.9078947368421052
0 0.4635074013157895 0.96484375 0.5709292763157895 0.87890625 0.6080386513157895 0.9140625 0.5006167763157895 1
0 0.279296875 0.560546875 0.439453125 0.51953125 0.46484375 0.578125 0.3046875 0.6171875
0 0.45703125 0.2734375 0.5 0.26171875 0.53125 0.34375 0.486328125 0.359375
0 0.3558799342105263 0.2680921052631579 0.4242393092105263 0.2387952302631579 0.4418174342105263 0.305201480263158 0.3734580592105263 0.334498355263158
0 0.4541529605263158 0.4864309210526315 0.5264185855263158 0.4668996710526315 0.5459498355263158 0.5176809210526314 0.4756373355263158 0.5391652960526314
0 0.382092927631579 0.8956620065789473 0.409436677631579 0.8858963815789473 0.444592927631579 0.9757401315789473 0.419202302631579 0.9855057565789473
0 0.20703125 0.38671875 0.384765625 0.33203125 0.400390625 0.375 0.220703125 0.4296875
0 0.083984375 0.703125 0.15234375 0.685546875 0.263671875 0.8828125 0.193359375 0.900390625
0 0.2265625 0.9140625 0.28125 0.884765625 0.3046875 0.966796875 0.248046875 0.9921875
0 0.755859375 0.080078125 0.919921875 0.001953125 0.990234375 0.06640625 0.828125 0.14453125
0 0.671875 0.30859375 0.935546875 0.1171875 0.994140625 0.19921875 0.732421875 0.392578125
0 0.7226562499999999 0.43585526315789475 0.9511718749999999 0.24835526315789475 0.9999999999999998 0.32257401315789475 0.7695312499999999 0.5100740131578949
0 0 0.5503700657894737 0.1895559210526316 0.998046875 0 0.9999999999999999
0 0.658203125 0.779296875 0.55859375 0.6171875 0.509765625 0.646484375 0.611328125 0.80859375
0 0.88671875 1 0.88671875 0.966796875 0.80859375 0.966796875 0.80859375 1