0 0.037109375 0.10546875 0.04296875 0.119140625 0.060546875 0.111328125 0.0546875 0.099609375 0.0703125 0.091796875 0.07421875 0.103515625 0.091796875 0.09375 0.0859375 0.08203125 0.2109375 0.01953125 0.216796875 0.029296875 0.236328125 0.01953125 0.23046875 0.0078125 0.24609375 0 0.158203125 0 0 0.078125 0 0.123046875
0 0 0.048828125 0 0.078125 0.158203125 0 0.099609375 0
0 0.4453125 0.06640625 0.419921875 0.017578125 0.03515625 0.216796875 0.060546875 0.265625 0.099609375 0.244140625
0 0.603515625 0.16796875 0.27734375 0.3359375 0.3046875 0.390625 0.630859375 0.22265625
0 0.208984375 0.375 0 0.482421875 0 0.55078125 0.236328125 0.4296875
0 0.658203125 0.525390625 0.35546875 0.5234375 0.35546875 0.591796875 0.658203125 0.591796875
0 0.234375 0.6328125 0 0.705078125 0 0.771484375 0.25390625 0.693359375
0 0.22265625 0.826171875 0.025390625 0.8828125 0.041015625 0.939453125 0.23828125 0.8828125
0 0.662109375 0.755859375 0.353515625 0.755859375 0.353515625 0.8203125 0.662109375 0.8203125
0 0.69921875 0.0234375 0.728515625 0.033203125 0.73046875 0.025390625 0.810546875 0.05078125 0.80859375 0.056640625 0.84765625 0.064453125 0.8515625 0.044921875 0.853515625 0.044921875 0.875 0.046875 0.8984375 0.044921875 0.919921875 0.04296875 0.943359375 0.041015625 0.935546875 0 0.70703125 0
0 0.44921875 0.07421875 0.478515625 0.060546875 0.50390625 0.0859375 0.525390625 0.06640625 0.63671875 0.162109375 0.671875 0.119140625 0.533203125 0 0.490234375 0 0.427734375 0.033203125 0.4453125 0.06640625
0 1 0.54296875 0.76171875 0.541015625 0.75390625 0.609375 1 0.609375
0 0.998046875 0.322265625 0.71875 0.3125 0.71484375 0.384765625 0.998046875 0.400390625
0 1 0.759765625 0.76171875 0.7578125 0.75390625 0.826171875 1 0.826171875
0 1 0.169921875 0.974609375 0.181640625 0.921875 0.1875 0.87890625 0.19140625 0.826171875 0.1796875 0.78125 0.162109375 0.771484375 0.208984375 0.85546875 0.224609375 0.9453125 0.232421875 1 0.220703125