0 0.67578125 0.9296875 0.673828125 0.876953125 0.546875 0.880859375 0.548828125 0.90625 0.564453125 0.92578125 0.5546875 0.93359375 0.578125 0.93359375 0.580078125 0.955078125 0.640625 0.953125 0.638671875 0.931640625
0 0.5390625 0.947265625 0.564453125 0.92578125 0.53125 0.88671875 0.439453125 0.96875 0.466796875 1 0.478515625 1 0.4921875 0.98828125 0.50390625 1 0.51171875 1 0.5546875 0.962890625
0 0.494140625 0.794921875 0.4921875 0.744140625 0.37890625 0.75 0.380859375 0.80078125 0.41015625 0.798828125 0.41015625 0.810546875 0.458984375 0.80859375 0.458984375 0.796875
0 0.34375 0.634765625 0.341796875 0.591796875 0.228515625 0.599609375 0.232421875 0.642578125 0.263671875 0.640625 0.263671875 0.654296875 0.30859375 0.650390625 0.30859375 0.638671875
0 0.884765625 0.86328125 0.814453125 0.92578125 0.80078125 0.91015625 0.751953125 0.951171875 0.75390625 0.955078125 0.744140625 0.96484375 0.7734375 1 0.8359375 1 0.931640625 0.91796875
0 0 0.20703125 0 0.2890625 0.017578125 0.310546875 0.048828125 0.27734375 0.05078125 0.251953125 0.02734375 0.236328125 0.0234375 0.21875 0.041015625 0.228515625 0.052734375 0.203125 0.037109375 0.189453125 0.021484375 0.185546875
0 0.021484375 0.447265625 0.052734375 0.4140625 0.0546875 0.390625 0.03125 0.373046875 0.02734375 0.357421875 0.04296875 0.3671875 0.0546875 0.341796875 0.0390625 0.326171875 0.025390625 0.322265625 0 0.349609375 0 0.423828125
0 0.015625 0.62109375 0.009765625 0.609375 0.037109375 0.5859375 0.056640625 0.5859375 0.0625 0.603515625 0.1015625 0.6015625 0.109375 0.587890625 0.138671875 0.5859375 0.13671875 0.533203125 0.12890625 0.53125 0.029296875 0.537109375 0.029296875 0.55859375 0.013671875 0.568359375 0.001953125 0.552734375 0 0.552734375 0 0.638671875
0 0.078125 0.7734375 0.095703125 0.794921875 0.123046875 0.826171875 0.146484375 0.84765625 0.1640625 0.837890625 0.173828125 0.83984375 0.173828125 0.85546875 0.203125 0.86328125 0.19140625 0.890625 0.197265625 0.908203125 0.26953125 0.908203125 0.2734375 0.880859375 0.265625 0.8671875 0.263671875 0.861328125 0.294921875 0.853515625 0.283203125 0.810546875 0.236328125 0.82421875 0.208984375 0.8203125 0.16796875 0.806640625 0.169921875 0.783203125 0.13671875 0.7421875 0.130859375 0.751953125 0.10546875 0.73046875 0.0703125 0.763671875
0 0.26953125 0.99609375 0.271484375 1 0.3671875 1 0.34765625 0.9765625 0.3359375 0.986328125 0.310546875 0.958984375
0 0.92578125 0.283203125 0.951171875 0.314453125 0.970703125 0.298828125 0.9765625 0.3046875 1 0.28515625 1 0.27734375 0.99609375 0.271484375 1 0.267578125 1 0.22265625
0 0.85546875 0.15625 0.87890625 0.18359375 0.900390625 0.166015625 0.904296875 0.171875 0.935546875 0.1484375 0.927734375 0.140625 0.955078125 0.119140625 0.9609375 0.12890625 0.990234375 0.103515625 0.98046875 0.091796875 1 0.07421875 1 0.0390625
0 0.82421875 0.259765625 0.79296875 0.2265625 0.724609375 0.291015625 0.755859375 0.322265625 0.767578125 0.3125 0.8203125 0.37109375 0.822265625 0.37109375 0.80859375 0.380859375 0.845703125 0.419921875 0.908203125 0.36328125 0.87109375 0.32421875 0.81640625 0.265625
0 0.10546875 0.1171875 0.08203125 0.138671875 0.15234375 0.208984375 0.166015625 0.19140625 0.166015625 0.169921875 0.185546875 0.173828125 0.1875 0.189453125 0.232421875 0.19921875 0.240234375 0.1015625 0.203125 0.09375 0.1953125 0.0546875 0.109375 0.064453125
0 0.2734375 0.349609375 0.314453125 0.353515625 0.322265625 0.373046875 0.31640625 0.380859375 0.337890625 0.421875 0.4140625 0.38671875 0.39453125 0.34375 0.3828125 0.345703125 0.390625 0.326171875 0.400390625 0.33203125 0.4296875 0.310546875 0.37109375 0.2421875 0.337890625 0.265625 0.34375 0.27734375 0.322265625 0.28515625 0.322265625 0.275390625 0.2890625 0.267578125 0.28515625 0.27734375
0 0.509765625 0.45703125 0.515625 0.46875 0.50390625 0.474609375 0.46484375 0.466796875 0.447265625 0.544921875 0.482421875 0.546875 0.4921875 0.560546875 0.482421875 0.568359375 0.509765625 0.611328125 0.5859375 0.57421875 0.56640625 0.533203125 0.55859375 0.53125 0.560546875 0.515625 0.5703125 0.521484375 0.603515625 0.49609375 0.546875 0.4296875
0 0.732421875 0.71875 0.72265625 0.720703125 0.724609375 0.701171875 0.76953125 0.6796875 0.7109375 0.615234375 0.673828125 0.638671875 0.681640625 0.646484375 0.666015625 0.658203125 0.625 0.646484375 0.607421875 0.7265625 0.642578125 0.734375 0.654296875 0.73046875 0.662109375 0.748046875 0.650390625 0.75 0.654296875 0.76171875 0.681640625 0.79296875 0.689453125 0.78515625 0.703125 0.775390625 0.740234375 0.7421875
0 0.10546875 0.1171875 0.109375 0.064453125 0 0.150390625 0 0.20703125 0.021484375 0.185546875 0.08203125 0.138671875
0 0.888671875 0.544921875 0.955078125 0.61328125 0.98828125 0.580078125 0.939453125 0.578125 0.939453125 0.5390625 0.970703125 0.5390625 0.970703125 0.525390625 0.9609375 0.525390625 0.9609375 0.517578125 0.953125 0.517578125 0.951171875 0.498046875 1 0.498046875 1 0.44140625
0 0.03125 0.060546875 0.03125 0 0 0 0 0.060546875 0.03125 0.060546875