0 0.154296875 0.86328125 0.185546875 0.84765625 0.15234375 0.787109375 0.025390625 0.8515625 0.05859375 0.9140625 0.08203125 0.900390625 0.087890625 0.912109375 0.1171875 0.896484375 0.111328125 0.88671875 0.130859375 0.876953125 0.134765625 0.88671875 0.16015625 0.873046875
0 1 0.900390625 1 0.814453125 0.931640625 0.849609375 0.966796875 0.91796875
0 0.791015625 0.703125 0.75390625 0.72265625 0.89453125 1 0.94140625 1
0 0.703125 0.83203125 0.47265625 0.94921875 0.490234375 0.986328125 0.72265625 0.8671875
0 0.72265625 0.94921875 0.62109375 1 0.75 1
0 0.388671875 0.26171875 0.431640625 0.240234375 0.40234375 0.18359375 0.359375 0.205078125
0 0.53515625 0.115234375 0.50390625 0.0546875 0.328125 0.14453125 0.359375 0.205078125 0.40234375 0.18359375
0 0.599609375 0.26171875 0.5703125 0.205078125 0.4140625 0.28515625 0.443359375 0.341796875
0 0.978515625 0.046875 0.953125 0 0.890625 0 0.693359375 0.1015625 0.73046875 0.173828125 0.8359375 0.119140625 0.857421875 0.162109375 0.9140625 0.1328125 0.890625 0.08984375
0 0.728515625 0.05078125 0.7578125 0.03515625 0.744140625 0.0078125 0.7578125 0 0.703125 0
0 0.607421875 0.7265625 0.53515625 0.763671875 0.560546875 0.8125 0.630859375 0.775390625
0 0.513671875 0.775390625 0.4296875 0.818359375 0.455078125 0.8671875 0.5390625 0.82421875
0 0.412109375 0.826171875 0.337890625 0.865234375 0.36328125 0.9140625 0.4375 0.875
0 0.564453125 0.6328125 0.48828125 0.671875 0.5234375 0.744140625 0.599609375 0.705078125
0 0.466796875 0.68359375 0.3828125 0.7265625 0.419921875 0.796875 0.50390625 0.75390625
0 0.3671875 0.734375 0.291015625 0.7734375 0.328125 0.84375 0.404296875 0.8046875
0 0.634765625 0.7734375 0.560546875 0.8125 0.5859375 0.865234375 0.662109375 0.826171875
0 0.5390625 0.82421875 0.455078125 0.8671875 0.482421875 0.91796875 0.56640625 0.875
0 0.4375 0.875 0.36328125 0.9140625 0.388671875 0.96484375 0.462890625 0.927734375
0 0.9453125 0.8359375 0.92578125 0.80078125 0.8671875 0.830078125 0.88671875 0.8671875 0.9453125 0.8359375
0 0.349609375 0.03125 0.349609375 0 0.263671875 0 0.263671875 0.03125 0.349609375 0.03125