0 0.82421875 1 0.93359375 1 0.93359375 0.90234375 0.82421875 0.90234375
0 0.134765625 0.015625 0.134765625 0.1015625 0.173828125 0.1015625 0.173828125 0.015625
0 0.544921875 0.068359375 0.544921875 0.275390625 0.62109375 0.275390625 0.62109375 0.068359375
0 0.62109375 0.28515625 1 0.28515625 1 0.068359375 0.62109375 0.068359375 0.62109375 0.275390625
0 0.953125 0.34765625 0.953125 0.400390625 1 0.400390625 1 0.34765625
0 0.880859375 0.375 0.880859375 0.400390625 0.9296875 0.400390625 0.9296875 0.375
0 0.83203125 0.771484375 1 0.771484375 1 0.5546875 0.83203125 0.5546875
0 0.640625 0.603515625 0.640625 0.5546875 0.466796875 0.5546875 0.466796875 0.603515625 0.568359375 0.603515625 0.568359375 0.62109375 0.60546875 0.62109375 0.60546875 0.603515625
0 0.57421875 0.806640625 0.640625 0.806640625 0.640625 0.65625 0.57421875 0.65625
0 0.482421875 0.654296875 0.482421875 0.806640625 0.53515625 0.806640625 0.53515625 0.654296875
0 0.208984375 0.625 0.208984375 0.87109375 0.423828125 0.87109375 0.423828125 0.625
0 0.171875 0.955078125 0.171875 1 0.41796875 1 0.41796875 0.96875 0.236328125 0.96875 0.236328125 0.955078125
0 0.791015625 0.994140625 0.791015625 0.861328125 0.501953125 0.861328125 0.501953125 0.994140625
0 0.732421875 0.8125 0.787109375 0.8125 0.787109375 0.685546875 0.732421875 0.685546875
0 1 0.8828125 1 0.82421875 0.833984375 0.822265625 0.833984375 0.880859375 1 0.8828125
0 0.634765625 0.04296875 0.634765625 0 0.185546875 0 0.185546875 0.04296875 0.634765625 0.04296875
0 0.69140625 0.4375 0.69140625 0.400390625 0.650390625 0.400390625 0.650390625 0.439453125 0.69140625 0.4375
0 0.998046875 0.048828125 0.998046875 0 0.666015625 0 0.666015625 0.046875 0.998046875 0.048828125
0 0.8203125 0.625 0.818359375 0.58984375 0.7265625 0.59375 0.728515625 0.626953125 0.8203125 0.625