0 0.779296875 0.30078125 0.87109375 0.23046875 0.890625 0.259765625 0.798828125 0.330078125
0 0.3390893683862434 0.41829943783068785 0.4328393683862434 0.35384631283068785 0.4562768683862434 0.38704943783068785 0.3625268683862434 0.45150256283068785
0 0.4453125 0.314453125 0.5625 0.228515625 0.59765625 0.279296875 0.48046875 0.365234375
0 0.6315789473684211 0.2933799342105263 0.6592310855263158 0.2690172697368421 0.6924342105263158 0.3139391447368421 0.661389802631579 0.33758223684210525
0 0.6565583881578947 0.26912006578947373 0.6917146381578947 0.24763569078947373 0.7229646381578947 0.29060444078947373 0.6878083881578947 0.31208881578947373
0 0.5152138157894736 0.1259251644736842 0.5601356907894736 0.09662828947368421 0.5855263157894736 0.1356907894736842 0.5425575657894736 0.1649876644736842
0 0.3961759868421053 0.27775493421052655 0.5582853618421053 0.15275493421052633 0.5895353618421053 0.20158305921052633 0.4293791118421053 0.32853618421052655
0 0.345703125 0.3687375992063492 0.408203125 0.3277219742063492 0.427734375 0.3570188492063492 0.3671875 0.3999875992063492
0 0.3522663288288288 0.47684403153153154 0.4870319538288288 0.37723465653153154 0.5358600788288286 0.43387528153153154 0.4050007038288288 0.5334846565315317
0 0.08984375 0.765625 0.26171875 0.64453125 0.294921875 0.68359375 0.125 0.8046875
0 0.574013157894737 0.33244243421052627 0.6349712171052633 0.293688322368421 0.6603618421052633 0.332750822368421 0.5997121710526316 0.37356085526315785
0 0.7312911184210527 0.2240953947368421 0.7937911184210527 0.1811266447368421 0.8250411184210527 0.2201891447368421 0.7586348684210527 0.26315789473684226
0 0.31721230158730157 0.39715608465608465 0.35041542658730157 0.37176545965608465 0.36604042658730157 0.39324983465608465 0.33283730158730157 0.41864045965608465
0 0.2712570271164021 0.39745577050264547 0.2966476521164021 0.37987764550264547 0.3318039021164021 0.43065889550264547 0.3044601521164021 0.44823702050264547
0 0.7142381298449613 0.8849473110465116 0.808109253875969 0.8243852955426356 0.9504299903100776 0.998046875 0.7975109011627907 0.998046875
0 0.595108695652174 0.9390042701863355 0.661514945652174 0.8921292701863355 0.708389945652174 0.9507230201863355 0.641983695652174 0.9956448951863355
0 0.3215793918918919 0.5240357545045046 0.3704075168918919 0.49473887950450457 0.3957981418918919 0.5318482545045046 0.3489231418918919 0.5611451295045046
0 0.8515625 0.83203125 0.939453125 0.763671875 0.998046875 0.86328125 0.912109375 0.93359375
0 0.35207648026315796 0.17094983552631576 0.514185855263158 0.05180921052631578 0.551295230263158 0.10063733552631578 0.38723273026315796 0.21977796052631576
0 0.328125 0.1015625 0.333984375 0.001953125 0.3828125 0.00390625 0.375 0.103515625
0 0.490234375 0.759765625 0.578125 0.712890625 0.650390625 0.794921875 0.564453125 0.841796875
0 0.7333470394736842 0.8238075657894736 0.611328125 0.672388980263158 0.828125 0.535670230263158 0.9451069078947368 0.6881167763157894
0 0.22294739906832295 0.951171875 0.47685364906832295 0.796875 0.519822399068323 0.845703125 0.26786927406832295 1
0 0.0036393633540372505 0.8450116459627329 0.04856123835403725 0.8137616459627329 0.08371748835403725 0.8625897709627329 0.03879561335403725 0.8938397709627329
0 0.04852484472049687 0.7989130434782609 0.09344671972049687 0.7676630434782609 0.12860296972049687 0.8164911684782609 0.08368109472049687 0.8477411684782609
0 0.392578125 0.62109375 0.375 0.59375 0.279296875 0.654296875 0.298828125 0.68359375
0 1 0.76953125 1 0.671875 0.962890625 0.671875 0.962890625 0.76953125