0 0.1953125 0.00390625 0.19921875 0.001953125 0.197265625 0 0.041015625 0 0 0.009765625 0.0078125 0.044921875 0.013671875 0.044921875 0.017578125 0.0625 0.19921875 0.021484375
0 0.521484375 0.0546875 0.505859375 0 0.48046875 0 0.037109375 0.107421875 0.052734375 0.169921875
0 0.91796875 0.439453125 0.84375 0.09765625 0.25 0.244140625 0.337890625 0.591796875 0.380859375 0.58203125
0 0.380859375 0.58203125 0.38671875 0.603515625 0.908203125 0.466796875 0.90234375 0.443359375
0 0.04296875 0.32421875 0.052734375 0.240234375 0.166015625 0.2109375 0.15625 0.17578125 0.02734375 0.2109375 0.0234375 0.220703125 0.02734375 0.23828125 0.0234375 0.32421875
0 0.228515625 0.64453125 0.23046875 0.583984375 0.1171875 0.58203125 0.115234375 0.640625
0 0.078125 0.67578125 0.078125 0.71484375 0.09765625 0.71484375 0.09765625 0.7265625 0.30078125 0.728515625 0.30078125 0.716796875 0.318359375 0.716796875 0.318359375 0.677734375
0 0.125 0.291015625 0.0625 0.2890625 0.052734375 0.638671875 0.115234375 0.640625 0.1171875 0.58203125
0 0.330078125 0.9375 0.33203125 0.888671875 0.333984375 0.748046875 0.2734375 0.74609375 0.271484375 0.8828125 0.095703125 1 0.234375 1 0.28515625 0.966796875
0 0.169921875 0.90625 0.16796875 0.802734375 0.048828125 0.806640625 0.052734375 0.939453125 0.119140625 0.9375
0 0.03125 0.412109375 0.03125 0.353515625 0 0.353515625 0 0.412109375 0.03125 0.412109375
0 0.900390625 0.162109375 0.876953125 0.0625 0.83984375 0.072265625 0.86328125 0.169921875 0.900390625 0.162109375
0 0.93359375 0.06640625 0.91015625 0.009765625 0.861328125 0.029296875 0.884765625 0.0859375 0.93359375 0.06640625