0 0.16488486842105265 0.10937500000000003 0.1720805921052632 0 0.5250822368421053 0.022512335526315763 0.5153166118421053 0.14360608552631565
0 0 0.3379934210526316 0.15234375 0.3223684210526316 0.169921875 0.4688527960526316 0.017578125 0.4844777960526316
0 0.1417659344059406 0.9949334777227723 0.2624849276527331 0.7580197447749196 0.2898286776527331 0.7677853697749196 0.18140857054455445 0.998046875
0 0.07311649133663364 0.9657332920792079 0.08874149133663364 0.9305770420792079 0.12585086633663364 0.9520614170792079 0.11022586633663364 0.9891707920792079
0 0.5337171052631579 0.498046875 0.5434827302631579 0.453125 0.6157483552631579 0.4609375 0.6059827302631579 0.5078125
0 0.22077723378212977 0.5767543859649121 0.2886226285189718 0.46470668859649117 0.4152131782945737 0.501892562984496 0.4000726744186047 0.5609405281007751 0.3682776162790698 0.6063620397286821 0.3420765758873929 0.6415158991228069
0 0.845203488372093 0.998046875 0.875484496124031 0.9053869912790697 1 0.916015625 0.982421875 1
0 0.89453125 0.7734375 1 0.7734375 1 0.8203125 0.89453125 0.8203125
0 0.832750822368421 0.13743832236842105 0.840563322368421 0.07493832236842106 0.875719572368421 0.08079769736842106 0.869860197368421 0.14525082236842105
0 0.9453125 0.6399054276315789 1 0.6399054276315789 1 0.6906866776315789 0.9453125 0.6906866776315789
0 0.7758018092105262 0.6849300986842105 0.7777549342105262 0.6419613486842105 0.9496299342105262 0.6497738486842105 0.9476768092105262 0.6946957236842105
0 0.8320312500000001 0.6018708881578947 0.8320312500000001 0.5413240131578947 1 0.5413240131578947 1 0.6018708881578947
0 0.84375 0 0.884765625 0 0.884765625 0.0234375 0.84375 0.0234375
0 0.849609375 0.07421875 0.85546875 0.025390625 1 0.048828125 0.994140625 0.09765625
0 0.83984375 0.177734375 0.845703125 0.134765625 0.998046875 0.162109375 0.9921875 0.203125
0 0.7458881578947368 0.6471011513157895 0.7693256578947368 0.4849917763157895 0.8259662828947368 0.4928042763157895 0.8005756578947368 0.6529605263157895
0 0.958984375 0.28525904605263186 0.966796875 0.20908717105263158 1 0.21494654605263158 0.994140625 0.29307154605263186
0 0.810546875 0.279296875 0.82421875 0.201171875 0.880859375 0.208984375 0.865234375 0.287109375
0 0.7890624999999999 0.4354440789473684 0.9999999999999998 0.4354440789473684 0.9999999999999998 0.5116159539473687 0.7890624999999999 0.5116159539473687
0 0.369140625 0.44644325657894735 0.37890625 0.42105263157894735 0.453125 0.44644325657894735 0.439453125 0.47378700657894735
0 0.46820494186046513 0.9863886870155039 0.39391287994696045 0.9585660189718482 0.4833454457364341 0.8012880584455324 0.5643471414728682 0.8077307412790699 0.5681322674418605 0.8743489583333334 0.521953730620155 0.8811621850775194