0 0.724609375 1 0.759765625 1 0.732421875 0.986328125
0 0.443359375 0.884765625 0.44921875 0.873046875 0.4375 0.8671875 0.42578125 0.890625 0.455078125 0.904296875 0.458984375 0.892578125
0 0.443359375 0.927734375 0.451171875 0.931640625 0.462890625 0.908203125 0.455078125 0.904296875
0 0.265625 0.84375 0.279296875 0.822265625 0.25390625 0.80859375 0.240234375 0.830078125
0 0.568359375 0.44921875 0.556640625 0.478515625 0.626953125 0.5078125 0.638671875 0.48046875
0 0.556640625 0.478515625 0.544921875 0.5078125 0.615234375 0.537109375 0.626953125 0.5078125
0 0.705078125 0.2890625 0.703125 0.26953125 0.69921875 0.251953125 0.69140625 0.234375 0.68359375 0.216796875 0.671875 0.201171875 0.66015625 0.1875 0.64453125 0.17578125 0.5625 0.126953125 0.515625 0.208984375 0.595703125 0.255859375 0.595703125 0.2578125 0.603515625 0.259765625 0.609375 0.263671875 0.615234375 0.267578125 0.62109375 0.2734375 0.625 0.279296875 0.62890625 0.287109375 0.62890625 0.29296875 0.630859375 0.30078125 0.62890625 0.30859375 0.62890625 0.31640625 0.625 0.314453125 0.619140625 0.33203125 0.568359375 0.44921875 0.640625 0.48046875 0.697265625 0.345703125 0.703125 0.326171875 0.705078125 0.30859375
0 0.52734375 0.3046875 0.447265625 0.265625 0.36328125 0.447265625 0.365234375 0.458984375 0.36328125 0.4765625 0.36328125 0.4921875 0.3671875 0.49609375 0.37109375 0.5 0.375 0.50390625 0.380859375 0.505859375 0.3828125 0.5078125 0.384765625 0.5078125 0.388671875 0.509765625 0.390625 0.51171875 0.392578125 0.513671875 0.39453125 0.515625 0.39453125 0.517578125 0.396484375 0.521484375 0.396484375 0.5234375 0.396484375 0.52734375 0.39453125 0.529296875 0.39453125 0.53125 0.392578125 0.53515625 0.390625 0.537109375 0.388671875 0.5390625 0.384765625 0.5390625 0.384765625 0.541015625 0.3828125 0.54296875 0.3828125 0.55078125 0.384765625 0.556640625 0.384765625 0.5625 0.388671875 0.568359375 0.392578125 0.57421875 0.396484375 0.578125 0.541015625 0.66015625 0.58203125 0.58984375 0.44921875 0.513671875 0.443359375 0.484375 0.45703125 0.45703125
0 0.98828125 0.77734375 0.970703125 0.818359375 0.99609375 0.830078125 0.98828125 0.84765625 1 0.8515625 1 0.78125
0 0.791015625 0.677734375 0.7734375 0.71875 0.806640625 0.734375 0.80078125 0.75 0.865234375 0.77734375 0.873046875 0.76171875 0.91015625 0.779296875 0.9296875 0.73828125
0 0.8359375 0.546875 0.94921875 0.650390625 0.99609375 0.599609375 0.8828125 0.49609375
0 0.93359375 0.380859375 1 0.45703125 1 0.392578125 0.96484375 0.353515625
0 0.83984375 0.134765625 0.857421875 0.12890625 0.85546875 0.119140625 0.8359375 0.125
0 0.8125 0.00390625 0.814453125 0 0.8046875 0
0 0.775390625 0.091796875 0.78515625 0.09375 0.791015625 0.076171875 0.78125 0.07421875
0 0.35546875 1 0.3203125 0.9140625 0.220703125 0.884765625 0.1015625 0.8671875 0.005859375 0.73828125 0 0.734375 0 0.998046875