0 0.888671875 1 0.98828125 1 0.990234375 0.951171875 0.890625 0.947265625
0 0.4375 0.1796875 0.41015625 0 0.34765625 0 0.35546875 0.1796875
0 0.279296875 0.21484375 0.35546875 0.212890625 0.34765625 0 0.271484375 0
0 0.373046875 0.2109375 0.279296875 0.21484375 0.28125 0.26953125 0.373046875 0.265625
0 0.5390625 0 0.41015625 0 0.4375 0.1796875 0.568359375 0.177734375
0 0.6328125 0.259765625 0.634765625 0.177734375 0.4375 0.1796875 0.35546875 0.1796875 0.35546875 0.212890625 0.373046875 0.2109375 0.373046875 0.265625 0.43359375 0.263671875
0 0.630859375 0.314453125 0.6328125 0.259765625 0.43359375 0.263671875 0.43359375 0.318359375
0 0.626953125 0.37109375 0.70703125 0.36328125 0.705078125 0.3359375 0.623046875 0.34375
0 0.43359375 0.263671875 0.28125 0.26953125 0.2890625 0.462890625 0.357421875 0.4609375 0.353515625 0.3203125 0.43359375 0.318359375
0 0.359375 0.47265625 0.359375 0.4609375 0.2890625 0.462890625 0.2890625 0.51171875 0.361328125 0.509765625 0.603515625 0.529296875 0.6015625 0.48828125
0 0.712890625 0.529296875 0.71484375 0.501953125 0.6640625 0.5 0.6640625 0.52734375
0 0.0390625 0.37890625 0.041015625 0.21484375 0 0.21484375 0 0.376953125
0 0.0625 0.458984375 0.072265625 0.400390625 0 0.38671875 0 0.447265625
0 0.087890625 0.443359375 0.134765625 0.453125 0.14453125 0.4140625 0.09765625 0.40234375
0 0.072265625 0.251953125 0.201171875 0.251953125 0.201171875 0.193359375 0.0703125 0.1953125
0 0.26953125 0.232421875 0.265625 0.158203125 0.216796875 0.16015625 0.22265625 0.236328125
0 0.05859375 0.173828125 0.109375 0.16796875 0.1015625 0.10546875 0.05078125 0.111328125
0 0.208984375 0.087890625 0.1328125 0.08984375 0.134765625 0.12109375 0.2109375 0.119140625
0 0.1796875 0.03125 0.1796875 0 0.0546875 0.00390625 0.056640625 0.064453125 0.1171875 0.0625 0.1171875 0.08984375 0.208984375 0.087890625 0.20703125 0.029296875
0 0.259765625 0.0859375 0.255859375 0 0.205078125 0 0.208984375 0.087890625
0 0.259765625 0.115234375 0.259765625 0.0859375 0.208984375 0.087890625 0.2109375 0.1171875
0 0.3984375 0.599609375 0.4609375 0.61328125 0.470703125 0.576171875 0.408203125 0.5625
0 0.509765625 0.638671875 0.71484375 0.642578125 0.71484375 0.58203125 0.51171875 0.578125
0 0.6953125 0.755859375 0.7421875 0.75390625 0.73828125 0.6640625 0.69140625 0.666015625
0 0.470703125 0.666015625 0.462890625 0.70703125 0.53515625 0.72265625 0.54296875 0.6796875
0 0.53515625 0.72265625 0.65625 0.748046875 0.666015625 0.705078125 0.54296875 0.6796875
0 0.55078125 0.771484375 0.501953125 0.984375 0.552734375 0.99609375 0.599609375 0.783203125
0 0.58984375 0.830078125 0.736328125 0.86328125 0.748046875 0.81640625 0.599609375 0.783203125
0 0.755859375 1 0.78515625 1 0.787109375 0.955078125 0.7578125 0.955078125
0 0.705078125 0.26171875 0.7109375 0 0.63671875 0 0.6328125 0.259765625
0 0.048828125 0.193359375 0.048828125 0.115234375 0 0.115234375 0 0.193359375 0.048828125 0.193359375
0 0.326171875 0.5625 0.333984375 0.521484375 0.263671875 0.509765625 0.2578125 0.55078125 0.326171875 0.5625
0 0.033203125 0.033203125 0.033203125 0 0 0 0 0.033203125 0.033203125 0.033203125
0 0.80078125 0.6015625 0.80078125 0.5546875 0.716796875 0.556640625 0.71875 0.6015625 0.80078125 0.6015625
0 0.208984375 0.537109375 0.212890625 0.501953125 0.087890625 0.48828125 0.0859375 0.5234375 0.208984375 0.537109375