0 0.632601868872549 0.7685546875 0.6885279605263158 0.7425986842105263 0.7041529605263158 0.7797080592105263 0.6500822368421052 0.8011924342105262
0 0.6192650888480393 0.7376589307598039 0.6466088388480393 0.7278933057598039 0.6563744638480393 0.7571901807598039 0.6290307138480393 0.7650026807598039
0 0.6494427849264706 0.7281709558823529 0.6728802849264706 0.7164522058823529 0.6845990349264706 0.7398897058823529 0.6611615349264706 0.7516084558823529
0 0.3270278261952191 0.19935103336653387 0.4334225597609561 0.15640562749003983 0.4707731573705179 0.16263072709163345 0.48555776892430275 0.21632221115537847 0.45598854581673304 0.21787848605577687 0.3750622509960159 0.24666957171314738 0.3509399900398406 0.2474477091633466
0 0.48011080677290835 0.5571464143426295 0.5874937749003983 0.5229083665338645 0.62484437250996 0.5221302290836652 0.6497447709163346 0.5750435756972111 0.5874937749003983 0.6131723107569721 0.505789342629482 0.609281623505976
0 0.6796875 0.505859375 0.8359375 0.45703125 0.861328125 0.513671875 0.70703125 0.564453125
0 0.6294202302631579 0.23355263157894735 0.6723889802631579 0.21792763157894735 0.7641858552631579 0.43081825657894735 0.7212171052631579 0.44839638157894735
0 0.6053659539473685 0.15758634868421054 0.6346628289473685 0.14391447368421054 0.6561472039473685 0.20055509868421062 0.6288034539473685 0.21227384868421068
0 0.37895293824701193 0.2497821215139442 0.4489853087649402 0.21710034860557764 0.49800796812749054 0.22410358565737049 0.6155067231075702 0.5143488545816726 0.587493774900399 0.5229083665338634 0.495673555776893 0.5548120019920308
0 0.34765625 0.41601562500000006 0.369140625 0.40429687500000006 0.3984375 0.47460937499999967 0.37890625 0.48632812499999956
0 0.7474300986842105 0.2992393092105263 0.8176398026315789 0.2759046052631579 0.8608141447368421 0.37664473684210525 0.8186677631578947 0.39617598684210525 0.782689144736842 0.39000822368421056
0 0.8351151315789473 0.10217927631578955 0.8834292763157895 0.08367598684210531 0.9409950657894736 0.22759046052631587 0.8967927631578946 0.24814967105263136
0 0.8941200657894739 0.2491776315789474 0.942434210526316 0.23067434210526322 0.9913651315789472 0.3447779605263158 0.9451069078947368 0.368421052631579