0 0.53125 0.46875 0.974609375 0.451171875 0.966796875 0.2890625 0.525390625 0.306640625
0 0.703125 0.11328125 0.509765625 0.12109375 0.515625 0.2578125 0.708984375 0.25
0 0.97265625 0.111328125 0.947265625 0.111328125 0.951171875 0.208984375 0.9765625 0.20703125
0 0.650390625 0.50390625 0.587890625 0.5078125 0.591796875 0.62890625 0.654296875 0.626953125
0 0.814453125 0.541015625 0.814453125 0.556640625 0.7265625 0.560546875 0.7265625 0.544921875 0.66015625 0.546875 0.6640625 0.599609375 0.875 0.591796875 0.873046875 0.537109375
0 0.201171875 0.48046875 0.1953125 0.328125 0.130859375 0.330078125 0.13671875 0.482421875 0.150390625 0.482421875
0 0.400390625 0.34765625 0.34375 0.349609375 0.349609375 0.474609375 0.40625 0.470703125
0 0.41015625 0.564453125 0.40625 0.470703125 0.13671875 0.482421875 0.140625 0.57421875 0.15625 0.57421875
0 0.1796875 0.328125 0.177734375 0.298828125 0.408203125 0.2890625 0.404296875 0.18359375 0.125 0.1953125 0.130859375 0.330078125 0.138671875 0.330078125
0 0.078125 0.263671875 0.076171875 0.197265625 0 0.19921875 0 0.265625
0 0.078125 0.263671875 0 0.265625 0 0.3046875 0.080078125 0.302734375
0 0.083984375 0.626953125 0.076171875 0.44140625 0 0.443359375 0 0.62890625
0 0.095703125 0.7421875 0.09375 0.68359375 0 0.6875 0 0.74609375
0 0.927734375 0.962890625 0.92578125 0.884765625 0.73828125 0.890625 0.7421875 0.970703125 0.927734375 0.962890625
0 0.5078125 0.66796875 0.5 0.556640625 0.462890625 0.55859375 0.470703125 0.669921875 0.5078125 0.66796875
0 0.673828125 0.904296875 0.671875 0.8671875 0.59375 0.869140625 0.595703125 0.90625 0.673828125 0.904296875
0 0.94140625 0.65625 0.94140625 0.619140625 0.892578125 0.62109375 0.89453125 0.658203125 0.94140625 0.65625
0 0.939453125 0.103515625 0.935546875 0.072265625 0.86328125 0.078125 0.865234375 0.111328125 0.939453125 0.103515625