0 0.126953125 0.15234375 0.1328125 0.09375 0 0.078125 0 0.138671875
0 0.142578125 0 0.0703125 0 0.0625 0.0859375 0.1328125 0.09375
0 0.115234375 0.330078125 0.119140625 0.279296875 0 0.265625 0 0.318359375
0 0.060546875 0.623046875 0.06640625 0.556640625 0 0.548828125 0 0.615234375
0 0 0.73046875 0 0.7890625 0.037109375 0.794921875 0.044921875 0.734375 0.015625 0.732421875
0 0 0.646484375 0 0.71875 0.017578125 0.720703125 0.015625 0.732421875 0.044921875 0.734375 0.052734375 0.650390625
0 0.09765625 0.458984375 0.103515625 0.400390625 0 0.388671875 0 0.447265625
0 0.390625 0.0546875 0.689453125 0.0859375 0.69921875 0.00390625 0.66015625 0 0.39453125 0
0 0.74609375 0.0234375 0.8359375 0.017578125 0.833984375 0 0.744140625 0
0 0.888671875 0.443359375 0.884765625 0.41015625 0.76953125 0.419921875 0.7734375 0.453125 0.7890625 0.453125 0.79296875 0.48828125 0.87890625 0.48046875 0.875 0.443359375
0 0.869140625 0.236328125 0.865234375 0.203125 0.75 0.21484375 0.75390625 0.248046875 0.76953125 0.24609375 0.7734375 0.283203125 0.859375 0.2734375 0.85546875 0.23828125
0 0.962890625 0.3671875 1 0.361328125 1 0.298828125 0.955078125 0.3046875
0 0.818359375 0.654296875 0.779296875 0.658203125 0.78515625 0.724609375 0.82421875 0.720703125 0.822265625 0.69140625
0 0.931640625 0.6796875 0.927734375 0.642578125 0.818359375 0.654296875 0.822265625 0.69140625 0.833984375 0.689453125 0.837890625 0.73046875 0.921875 0.720703125 0.91796875 0.681640625
0 0.8046875 0.8828125 0.95703125 0.86328125 0.947265625 0.7890625 0.796875 0.80859375
0 0.453125 0.341796875 0.71484375 0.310546875 0.705078125 0.232421875 0.443359375 0.26171875
0 0.490234375 0.51171875 0.734375 0.4921875 0.7265625 0.41015625 0.482421875 0.4296875
0 0.234375 0.7890625 0.1640625 0.775390625 0.140625 0.896484375 0.19921875 0.95703125 0.4375 0.916015625 0.435546875 0.90234375 0.453125 0.8984375 0.4453125 0.84375 0.240234375 0.87890625 0.21875 0.861328125
0 0.251953125 0.537109375 0.1875 0.552734375 0.1796875 0.615234375 0.28125 0.591796875 0.271484375 0.54296875 0.25390625 0.546875
0 0.423828125 0.396484375 0.296875 0.423828125 0.3125 0.5 0.4375 0.470703125
0 0.32421875 0.103515625 0.369140625 0.091796875 0.341796875 0 0.294921875 0
0 0.314453125 0.0703125 0.30859375 0.044921875 0.2890625 0.04296875 0.29296875 0.009765625 0.27734375 0.0078125 0.27734375 0 0.234375 0 0.220703125 0.123046875 0.30859375 0.1328125 0.310546875 0.109375
0 0.255859375 0.193359375 0.20703125 0.1875 0.181640625 0.416015625 0.23046875 0.421875 0.25 0.25390625
0 0.30078125 0.29296875 0.328125 0.287109375 0.318359375 0.240234375 0.25 0.25390625 0.2421875 0.326171875 0.3046875 0.314453125
0 0.310546875 0.34375 0.33984375 0.337890625 0.34765625 0.375 0.412109375 0.361328125 0.408203125 0.34765625 0.42578125 0.345703125 0.41796875 0.3125 0.40234375 0.31640625 0.3984375 0.298828125 0.333984375 0.3125 0.328125 0.287109375 0.30078125 0.29296875 0.3046875 0.314453125
0 0.345703125 0.125 0.314453125 0.130859375 0.341796875 0.27734375 0.373046875 0.271484375
0 0.345703125 0.125 0.37109375 0.263671875 0.3984375 0.2578125 0.392578125 0.2265625 0.431640625 0.220703125 0.416015625 0.126953125 0.375 0.134765625 0.373046875 0.12109375
0 0.330078125 0.583984375 0.45703125 0.55859375 0.4375 0.470703125 0.3125 0.5
0 0.2578125 0.59765625 0.1796875 0.615234375 0.16015625 0.775390625 0.234375 0.7890625 0.25 0.654296875
0 0.623046875 0.73046875 0.6796875 0.71875 0.666015625 0.6640625 0.611328125 0.67578125
0 0.716796875 0.65234375 0.666015625 0.6640625 0.6953125 0.787109375 0.74609375 0.77734375
0 0.470703125 0.919921875 0.779296875 0.8515625 0.759765625 0.7734375 0.453125 0.841796875
0 0.71484375 0.64453125 0.736328125 0.640625 0.720703125 0.57421875 0.701171875 0.580078125
0 0.716796875 0.65234375 0.701171875 0.580078125 0.3515625 0.658203125 0.3671875 0.73046875 0.611328125 0.67578125
0 0.810546875 0.986328125 0.810546875 1 1 1 1 0.978515625
0 0.8046875 0.923828125 0.794921875 0.8671875 0.640625 0.892578125 0.650390625 0.951171875 0.8046875 0.923828125
0 0.05078125 0.9921875 0.052734375 0.865234375 0 0.86328125 0 0.9921875 0.05078125 0.9921875