0 0.203125 0.1875 0.00390625 0.205078125 0.009765625 0.26953125 0.208984375 0.251953125
0 0.44921875 0.23046875 0.443359375 0.1640625 0.251953125 0.181640625 0.255859375 0.248046875 0.349609375 0.23828125
0 0.251953125 0.18359375 0.203125 0.1875 0.208984375 0.251953125 0.255859375 0.248046875
0 0.1328125 0.0234375 0 0.03515625 0 0.095703125 0.13671875 0.083984375
0 0.49609375 0.0625 0.490234375 0.001953125 0.279296875 0.01953125 0.28515625 0.080078125 0.384765625 0.072265625
0 0.58984375 0.74609375 0.583984375 0.681640625 0.275390625 0.708984375 0.28125 0.7734375 0.31640625 0.76953125
0 0.232421875 0.7734375 0.2265625 0.703125 0 0.72265625 0 0.79296875
0 0.1484375 0.447265625 0.015625 0.458984375 0.01953125 0.517578125 0.154296875 0.505859375
0 0.73828125 0.482421875 0.732421875 0.421875 0.59375 0.43359375 0.59765625 0.494140625 0.724609375 0.482421875
0 0.455078125 0.44140625 0.3125 0.455078125 0.318359375 0.51171875 0.4609375 0.5
0 0.81640625 0.732421875 0.810546875 0.669921875 0.658203125 0.68359375 0.6640625 0.74609375 0.748046875 0.73828125
0 0.751953125 0.765625 0.830078125 0.7578125 0.8125 0.5546875 0.734375 0.560546875 0.744140625 0.67578125 0.810546875 0.669921875 0.81640625 0.732421875 0.748046875 0.73828125
0 0.296875 0.40234375 0.3046875 0.494140625 0.31640625 0.494140625 0.3125 0.455078125 0.455078125 0.44140625 0.458984375 0.482421875 0.595703125 0.470703125 0.59375 0.43359375 0.732421875 0.421875 0.73828125 0.482421875 0.724609375 0.482421875 0.73046875 0.548828125 0.806640625 0.54296875 0.796875 0.4296875 0.740234375 0.36328125
0 0.1953125 0.478515625 0.1875 0.390625 0 0.40625 0 0.494140625 0.017578125 0.494140625 0.015625 0.458984375 0.1484375 0.447265625 0.150390625 0.482421875
0 0.76953125 0 0.638671875 0 0.640625 0.025390625 0.681640625 0.0234375 0.68359375 0.041015625 0.73828125 0.0390625 0.73828125 0.021484375 0.771484375 0.01953125
0 0.619140625 0.154296875 0.62109375 0.169921875 0.5234375 0.177734375 0.5234375 0.162109375 0.498046875 0.1640625 0.50390625 0.232421875 0.64453125 0.21875 0.638671875 0.15234375
0 0.712890625 0.197265625 0.734375 0.185546875 0.75 0.171875 0.765625 0.154296875 0.7734375 0.13671875 0.771484375 0.01953125 0.73828125 0.021484375 0.73828125 0.0390625 0.68359375 0.041015625 0.681640625 0.099609375 0.677734375 0.11328125 0.66796875 0.138671875 0.638671875 0.15234375 0.64453125 0.21875 0.677734375 0.2109375
0 1 0.099609375 0.998046875 0.037109375 0.974609375 0.0390625 0.974609375 0.099609375 1 0.099609375