0 0.529296875 0.515625 0.544921875 0.486328125 0.197265625 0.2890625 0.181640625 0.318359375 0.52734375 0.515625
0 0.181640625 0.318359375 0.162109375 0.3515625 0.509765625 0.546875 0.52734375 0.515625
0 0.625 0.626953125 0.68359375 0.521484375 0.654296875 0.505859375 0.595703125 0.611328125
0 0.650390625 0.513671875 0.595703125 0.482421875 0.505859375 0.640625 0.560546875 0.671875 0.595703125 0.611328125
0 0.23046875 0.701171875 0.26171875 0.64453125 0.1875 0.603515625 0.15625 0.66015625
0 0.521484375 0.583984375 0.21875 0.4140625 0.130859375 0.5703125 0.390625 0.716796875 0.3984375 0.703125 0.4296875 0.720703125 0.46484375 0.662109375 0.474609375 0.66796875 0.494140625 0.634765625
0 0.15625 0.66015625 0.140625 0.685546875 0.24609375 0.744140625 0.26171875 0.71875
0 0.26171875 0.64453125 0.23046875 0.701171875 0.26171875 0.71875 0.29296875 0.662109375
0 0.015625 0.671875 0.10546875 0.72265625 0.123046875 0.69140625 0.033203125 0.640625
0 0.244140625 0.9609375 0.33984375 0.912109375 0.32421875 0.880859375 0.2265625 0.9296875
0 0.26953125 0.908203125 0.20703125 0.78515625 0 0.890625 0 1 0.08984375 1 0.2265625 0.9296875
0 0.630859375 0.0390625 0.734375 0.09765625 0.779296875 0.01953125 0.744140625 0 0.65234375 0
0 0.8046875 0.158203125 0.90234375 0.21484375 0.9375 0.1484375 0.841796875 0.09375
0 1 0.09765625 1 0 0.880859375 0 0.880859375 0.09765625 1 0.09765625