0 0.26953125 0.583984375 0.107421875 0.576171875 0.103515625 0.642578125 0.267578125 0.6484375 0.267578125 0.615234375
0 0.171875 0.71875 0.0546875 0.712890625 0.05078125 0.783203125 0.078125 0.82421875 0.119140625 0.826171875 0.119140625 0.837890625 0.16796875 0.83984375 0.169921875 0.78125
0 0.3125 0.787109375 0.310546875 0.84375 0.376953125 0.84765625 0.37890625 0.7890625
0 0.169921875 0.78125 0.16796875 0.83984375 0.310546875 0.84375 0.3125 0.787109375
0 0.5234375 0.666015625 0.5234375 0.6484375 0.419921875 0.64453125 0.416015625 0.736328125 0.66015625 0.74609375 0.662109375 0.671875
0 0.310546875 0.248046875 0.3046875 0.306640625 0.45703125 0.31640625 0.4609375 0.2578125
0 0.384765625 0.111328125 0.380859375 0.212890625 0.443359375 0.21484375 0.447265625 0.11328125 0.41015625 0.11328125
0 0.939453125 0.486328125 0.93359375 0.578125 1 0.578125 1 0.48828125
0 0.568359375 0.1171875 0.568359375 0.060546875 0.412109375 0.056640625 0.41015625 0.11328125 0.447265625 0.11328125
0 0.310546875 0.248046875 0.267578125 0.25390625 0.2109375 0.375 0.19140625 0.45703125 0.408203125 0.583984375 0.451171875 0.58203125 0.453125 0.517578125 0.3671875 0.51171875 0.369140625 0.501953125 0.30078125 0.49609375 0.302734375 0.462890625 0.23828125 0.458984375 0.244140625 0.376953125 0.2734375 0.37890625 0.27734375 0.3046875 0.3046875 0.306640625
0 0.265625 0.669921875 0.361328125 0.673828125 0.36328125 0.619140625 0.267578125 0.615234375 0.267578125 0.6484375
0 0.3671875 0.705078125 0.322265625 0.705078125 0.3203125 0.76953125 0.365234375 0.76953125
0 0.390625 0.7734375 0.38671875 0.853515625 0.6328125 0.86328125 0.634765625 0.78515625 0.62109375 0.78515625
0 1 0.826171875 1 0.677734375 0.958984375 0.67578125 0.951171875 0.82421875 0.9921875 0.826171875
0 0.791015625 0.65625 0.703125 0.650390625 0.693359375 0.810546875 0.783203125 0.814453125
0 0.6875 0.80859375 0.68359375 0.853515625 0.6953125 0.85546875 0.693359375 0.8828125 0.9765625 0.8984375 0.978515625 0.869140625 0.990234375 0.87109375 0.9921875 0.826171875 0.693359375 0.810546875
0 0.45703125 0.46875 0.37890625 0.462890625 0.37890625 0.44921875 0.302734375 0.443359375 0.30078125 0.49609375 0.369140625 0.501953125 0.3671875 0.51171875 0.453125 0.517578125
0 0.27734375 0.3046875 0.2734375 0.37890625 0.244140625 0.376953125 0.23828125 0.458984375 0.302734375 0.462890625 0.30859375 0.3828125 0.33203125 0.3828125 0.337890625 0.30859375 0.3046875 0.306640625
0 0.6015625 0.10546875 0.599609375 0.193359375 0.65625 0.193359375 0.658203125 0.10546875
0 1 0.45703125 1 0.34375 0.947265625 0.341796875 0.94140625 0.455078125
0 1 0.158203125 1 0.087890625 0.66015625 0.08203125 0.658203125 0.15234375
0 0.48828125 0.234375 0.486328125 0.328125 0.54296875 0.328125 0.54296875 0.234375
0 0.5390625 0.37890625 0.537109375 0.435546875 0.94140625 0.455078125 0.943359375 0.3984375
0 1 0.2734375 1 0.19140625 0.947265625 0.19140625 0.9453125 0.2734375
0 0.48046875 0.375 0.474609375 0.5 0.533203125 0.50390625 0.5390625 0.37890625
0 0.4765625 0.52734375 0.474609375 0.58984375 0.93359375 0.611328125 0.935546875 0.55078125
0 0.54296875 0.23046875 0.54296875 0.28515625 0.9453125 0.2890625 0.947265625 0.234375
0 0.07421875 0.328125 0.08984375 0.33203125 0.099609375 0.279296875 0.044921875 0.26171875 0.041015625 0.283203125 0 0.271484375 0 0.33984375 0 0.458984375
0 0.171875 0.2109375 0.17578125 0.1953125 0.193359375 0.203125 0.244140625 0.09765625 0.189453125 0.072265625 0.158203125 0.142578125 0.015625 0.111328125 0.03125 0.033203125 0 0.025390625 0 0.16796875
0 1 0.021484375 1 0 0.6953125 0 0.6953125 0.021484375 1 0.021484375