0 0.978515625 0.916015625 0.96484375 0.953125 1 0.966796875 1 0.923828125 0.994140625 0.921875
0 0.140625 0.78125 0.142578125 0.796875 0.12890625 0.796875 0.134765625 0.861328125 0.1484375 0.859375 0.150390625 0.875 0.205078125 0.869140625 0.203125 0.853515625 0.21875 0.8515625 0.212890625 0.7890625 0.197265625 0.791015625 0.1953125 0.775390625
0 0.345703125 0.75 0.318359375 0.783203125 0.296875 0.783203125 0.296875 0.76953125 0.2578125 0.771484375 0.259765625 0.845703125 0.287109375 0.84375 0.287109375 0.85546875 0.3359375 0.853515625 0.333984375 0.828125 0.37890625 0.77734375
0 0.0859375 0.78515625 0.0859375 0.751953125 0 0.75390625 0 0.7890625 0.009765625 0.7890625 0.01171875 0.833984375 0.056640625 0.83203125 0.0546875 0.787109375
0 0.1015625 0.513671875 0.134765625 0.53515625 0.109375 0.57421875 0.1484375 0.6015625 0.173828125 0.5625 0.220703125 0.595703125 0.1953125 0.6328125 0.236328125 0.66015625 0.26171875 0.623046875 0.298828125 0.6484375 0.322265625 0.611328125 0.126953125 0.4765625
0 0.400390625 0.64453125 0.3515625 0.619140625 0.3359375 0.6484375 0.298828125 0.65234375 0.306640625 0.701171875 0.3515625 0.6953125 0.359375 0.69921875 0.3671875 0.73046875 0.404296875 0.720703125 0.388671875 0.666015625
0 0.876953125 0.947265625 0.90234375 0.953125 0.92578125 0.865234375 0.900390625 0.859375
0 0.03515625 0.3671875 0.044921875 0.30078125 0.01953125 0.296875 0.009765625 0.36328125
0 0.173828125 0.3515625 0.087890625 0.2890625 0.072265625 0.30859375 0.158203125 0.373046875 0.16015625 0.37109375
0 0.103515625 0.373046875 0.03125 0.376953125 0.03125 0.400390625 0.10546875 0.396484375
0 0.220703125 0.435546875 0.181640625 0.40625 0.1875 0.3984375 0.123046875 0.349609375 0.103515625 0.375 0.193359375 0.44140625 0.1875 0.447265625 0.205078125 0.458984375 0.208984375 0.453125
0 0.173828125 0.3515625 0.16015625 0.37109375 0.248046875 0.435546875 0.259765625 0.41796875
0 0.259765625 0.41796875 0.21875 0.474609375 0.240234375 0.490234375 0.283203125 0.43359375
0 0.23046875 0.423828125 0.201171875 0.462890625 0.21875 0.474609375 0.248046875 0.435546875
0 0.30078125 0.474609375 0.369140625 0.521484375 0.3828125 0.50390625 0.314453125 0.455078125
0 0.736328125 0.73046875 0.708984375 0.724609375 0.705078125 0.7421875 0.67578125 0.748046875 0.6796875 0.77734375 0.7265625 0.76953125
0 0.671875 0.73046875 0.60546875 0.7421875 0.61328125 0.7890625 0.6796875 0.77734375
0 0.595703125 0.712890625 0.560546875 0.689453125 0.556640625 0.689453125 0.529296875 0.728515625 0.53515625 0.75390625 0.599609375 0.7421875
0 0.60546875 0.7421875 0.505859375 0.7578125 0.515625 0.814453125 0.61328125 0.796875 0.61328125 0.7890625
0 0.548828125 0.642578125 0.53125 0.66796875 0.595703125 0.712890625 0.61328125 0.689453125
0 0.65234375 0.818359375 0.62890625 0.861328125 0.6640625 0.880859375 0.6875 0.837890625
0 0.7734375 0.861328125 0.8359375 0.861328125 0.8359375 0.810546875 0.7734375 0.810546875
0 0.580078125 1 0.6171875 1 0.58203125 0.95703125 0.560546875 0.9765625
0 0.939453125 0.08203125 0.982421875 0.0234375 0.939453125 0 0.896484375 0.048828125 0.939453125 0.08203125