0 0.447265625 0.125 0.474609375 0.076171875 0.34765625 0 0.267578125 0 0.259765625 0.013671875
0 0.126953125 0.33203125 0 0.2578125 0 0.322265625 0.09765625 0.380859375 0.310546875 0.41015625 0.318359375 0.359375
0 0.16015625 0.13671875 0 0.0390625 0 0.1015625 0.130859375 0.18359375 0.236328125 0.234375 0.3671875 0.255859375 0.376953125 0.19921875 0.236328125 0.17578125
0 0.123046875 0.564453125 0.13671875 0.50390625 0 0.47265625 0 0.53515625
0 0.599609375 0.416015625 0.412109375 0.30078125 0.384765625 0.345703125 0.576171875 0.462890625 0.744140625 0.5078125 0.7578125 0.45703125
0 0.681640625 0.263671875 0.494140625 0.1484375 0.466796875 0.193359375 0.658203125 0.310546875 0.826171875 0.35546875 0.83984375 0.3046875
0 0.78515625 0.09765625 0.625 0 0.58984375 0 0.572265625 0.029296875 0.76171875 0.146484375 0.931640625 0.19140625 0.943359375 0.140625
0 0.533203125 0.123046875 0.662109375 0.19921875 0.693359375 0.1484375 0.5625 0.072265625
0 0.4375 0.306640625 0.583984375 0.400390625 0.6171875 0.34765625 0.470703125 0.25390625
0 0.88671875 0.697265625 0.888671875 0.681640625 0.71875 0.642578125 0.701171875 0.71484375 0.873046875 0.75390625 0.869140625 0.767578125 0.94921875 0.78515625 0.966796875 0.716796875
0 0.669921875 0.701171875 0.6875 0.63671875 0.44140625 0.572265625 0.423828125 0.63671875
0 0.083984375 0.939453125 0.314453125 0.982421875 0.32421875 0.9296875 0.09375 0.884765625
0 0.126953125 0.759765625 0.359375 0.806640625 0.37109375 0.751953125 0.138671875 0.705078125
0 0.166015625 0.5859375 0.38671875 0.630859375 0.400390625 0.572265625 0.1796875 0.525390625
0 0.34765625 0.998046875 0.35546875 1 0.568359375 1 0.572265625 0.982421875 0.359375 0.939453125
0 0.556640625 0.87890625 0.830078125 0.9375 0.841796875 0.87890625 0.5703125 0.8203125
0 0.39453125 0.833984375 0.521484375 0.86328125 0.53515625 0.8046875 0.41015625 0.7734375
0 0.86328125 0.931640625 1 0.962890625 1 0.87109375 0.884765625 0.84375
0 0.98046875 0.39453125 0.953125 0.4375 1 0.46484375 1 0.404296875
0 0.921875 0.490234375 0.892578125 0.541015625 1 0.603515625 1 0.53515625 0.947265625 0.505859375
0 0.044921875 0.736328125 0.05078125 0.673828125 0 0.669921875 0 0.73046875 0.044921875 0.736328125
0 0.31640625 0.90625 0.326171875 0.853515625 0.201171875 0.83203125 0.19140625 0.884765625 0.31640625 0.90625