0 0.326171875 0.478515625 0.21875 0.533203125 0.26171875 0.619140625 0.369140625 0.5625
0 0.287109375 0.392578125 0.18359375 0.443359375 0.208984375 0.490234375 0.310546875 0.4375
0 0.078125 0.28125 0.150390625 0.423828125 0.255859375 0.369140625 0.220703125 0.30078125 0.171875 0.326171875 0.134765625 0.251953125
0 0.345703125 0.8671875 0.18359375 0.94140625 0.205078125 0.98828125 0.3671875 0.9140625
0 0.1484375 0.498046875 0.126953125 0.455078125 0.009765625 0.515625 0.03125 0.55859375 0.048828125 0.548828125 0.05859375 0.56640625 0.083984375 0.552734375 0.07421875 0.53515625 0.1015625 0.521484375 0.109375 0.5390625 0.138671875 0.5234375 0.12890625 0.5078125
0 0.01171875 0.568359375 0.03125 0.55859375 0.009765625 0.515625 0 0.51953125 0 0.59375 0.01953125 0.583984375
0 0.5 0.65234375 0.533203125 0.634765625 0.505859375 0.583984375 0.30078125 0.689453125 0.328125 0.7421875 0.361328125 0.724609375 0.3671875 0.732421875 0.396484375 0.716796875 0.392578125 0.70703125 0.470703125 0.66796875 0.474609375 0.67578125 0.50390625 0.662109375
0 0.267578125 0.796875 0.279296875 0.791015625 0.25 0.734375 0.11328125 0.8046875 0.142578125 0.86328125 0.15625 0.85546875 0.16015625 0.86328125 0.203125 0.83984375 0.19921875 0.833984375 0.220703125 0.822265625 0.2265625 0.83203125 0.2734375 0.80859375
0 0.099609375 0.92578125 0.09375 0.912109375 0.03515625 0.943359375 0.041015625 0.955078125 0.00390625 0.974609375 0 0.96875 0 1 0.052734375 1 0.068359375 0.9921875 0.072265625 1 0.10546875 1 0.1171875 0.994140625 0.107421875 0.97265625 0.146484375 0.953125 0.125 0.912109375
0 0.9609375 0.93359375 0.990234375 0.91796875 0.958984375 0.85546875 0.83203125 0.921875 0.86328125 0.982421875 0.888671875 0.970703125 0.89453125 0.98046875 0.923828125 0.96484375 0.91796875 0.955078125 0.935546875 0.9453125 0.94140625 0.95703125 0.966796875 0.943359375
0 0.662109375 0.90625 0.6953125 0.888671875 0.66796875 0.837890625 0.462890625 0.9453125 0.490234375 0.99609375 0.5234375 0.978515625 0.529296875 0.98828125 0.560546875 0.970703125 0.5546875 0.962890625 0.6328125 0.921875 0.63671875 0.931640625 0.666015625 0.916015625
0 0.765625 0 0.68359375 0 0.58203125 0.052734375 0.6015625 0.08984375 0.76953125 0.00390625
0 0.849609375 0.009765625 0.814453125 0.02734375 0.83984375 0.076171875 0.875 0.056640625 0.884765625 0.076171875 0.927734375 0.052734375 0.91796875 0.03515625 0.955078125 0.015625 0.9453125 0 0.84375 0
0 0.74609375 0.134765625 0.77734375 0.119140625 0.74609375 0.0546875 0.6328125 0.11328125 0.666015625 0.17578125 0.697265625 0.16015625 0.703125 0.16796875 0.75 0.14453125
0 0.44140625 0.1328125 0.380859375 0.18359375 0.56640625 0.412109375 0.62890625 0.36328125