0 0.974609375 0.59375 0.978515625 0.6015625 0.955078125 0.61328125 0.951171875 0.607421875 0.916015625 0.625 0.927734375 0.64453125 0.91015625 0.65234375 0.923828125 0.677734375 0.94140625 0.66796875 0.9453125 0.677734375 0.9765625 0.662109375 0.974609375 0.658203125 0.998046875 0.64453125 1 0.646484375 1 0.580078125
0 0.849609375 0.650390625 0.716796875 0.71875 0.73828125 0.759765625 0.755859375 0.75 0.76171875 0.759765625 0.791015625 0.744140625 0.787109375 0.734375 0.810546875 0.72265625 0.814453125 0.732421875 0.84765625 0.71484375 0.84375 0.705078125 0.87109375 0.689453125 0.85546875 0.658203125
0 0.69921875 0.685546875 0.626953125 0.72265625 0.650390625 0.76953125 0.724609375 0.732421875
0 0.8828125 0.64453125 0.85546875 0.658203125 0.87109375 0.689453125 0.84375 0.705078125 0.84765625 0.71484375 0.814453125 0.732421875 0.810546875 0.72265625 0.787109375 0.734375 0.791015625 0.744140625 0.76171875 0.759765625 0.755859375 0.75 0.73828125 0.759765625 0.724609375 0.732421875 0.650390625 0.76953125 0.681640625 0.828125 0.916015625 0.70703125
0 0.99609375 0.060546875 0.9921875 0.05078125 0.951171875 0.07421875 0.978515625 0.126953125 0.9921875 0.12109375 0.99609375 0.12890625 1 0.126953125 1 0.056640625
0 0.138671875 0.744140625 0.15625 0.736328125 0.130859375 0.6875 0 0.75390625 0 0.83203125 0.03515625 0.8125 0.029296875 0.80078125 0.046875 0.791015625 0.052734375 0.8046875 0.09375 0.783203125 0.087890625 0.771484375 0.10546875 0.76171875 0.111328125 0.7734375 0.14453125 0.7578125
0 0.216796875 0.984375 0.220703125 0.994140625 0.208984375 1 0.279296875 1 0.265625 0.970703125 0.251953125 0.9765625 0.248046875 0.96875
0 0.51953125 0.81640625 0.4453125 0.85546875 0.470703125 0.904296875 0.544921875 0.8671875
0 0.470703125 0.904296875 0.4453125 0.85546875 0.306640625 0.927734375 0.33203125 0.9765625 0.44140625 0.919921875
0 0.544921875 0.8671875 0.33203125 0.9765625 0.306640625 0.927734375 0.2890625 0.935546875 0.3203125 1 0.337890625 1 0.5546875 0.88671875
0 0.23828125 0.5859375 0.201171875 0.5859375 0.201171875 0.67578125 0.328125 0.67578125 0.328125 0.5859375 0.283203125 0.5859375 0.283203125 0.60546875 0.23828125 0.60546875
0 0.1484375 0.341796875 0.1484375 0.400390625 0.177734375 0.400390625 0.177734375 0.416015625 0.22265625 0.416015625 0.22265625 0.40234375 0.255859375 0.40234375 0.255859375 0.416015625 0.29296875 0.416015625 0.29296875 0.40234375 0.3359375 0.40234375 0.3359375 0.341796875
0 0.341796875 0.0078125 0.34375 0.02734375 0.3046875 0.029296875 0.3046875 0.009765625 0.267578125 0.01171875 0.271484375 0.08984375 0.28125 0.08984375 0.28125 0.099609375 0.30859375 0.099609375 0.30859375 0.087890625 0.33984375 0.0859375 0.341796875 0.09765625 0.376953125 0.095703125 0.376953125 0.083984375 0.390625 0.083984375 0.38671875 0.005859375
0 0.61328125 0.244140625 0.61328125 0.189453125 0.421875 0.189453125 0.421875 0.244140625 0.470703125 0.244140625 0.470703125 0.267578125 0.509765625 0.267578125 0.509765625 0.244140625 0.53515625 0.244140625 0.53515625 0.267578125 0.58203125 0.267578125 0.58203125 0.244140625
0 0.5234375 0.419921875 0.521484375 0.443359375 0.5 0.443359375 0.5 0.5 0.517578125 0.5 0.515625 0.515625 0.546875 0.51953125 0.548828125 0.5 0.583984375 0.5 0.583984375 0.51953125 0.619140625 0.521484375 0.62109375 0.5 0.6328125 0.5 0.6328125 0.44140625 0.623046875 0.443359375 0.623046875 0.431640625 0.587890625 0.4296875 0.587890625 0.443359375 0.5546875 0.443359375 0.556640625 0.421875
0 0.86328125 0.044921875 0.87890625 0.037109375 0.859375 0 0.830078125 0 0.623046875 0.107421875 0.6484375 0.15625 0.662109375 0.1484375 0.669921875 0.162109375 0.72265625 0.134765625 0.716796875 0.12109375 0.736328125 0.109375 0.744140625 0.125 0.802734375 0.09375 0.794921875 0.080078125 0.8125 0.0703125 0.8203125 0.083984375 0.869140625 0.05859375
0 0.931640625 0.287109375 0.9375 0.296875 0.908203125 0.310546875 0.904296875 0.302734375 0.857421875 0.326171875 0.861328125 0.3359375 0.833984375 0.349609375 0.830078125 0.33984375 0.779296875 0.3671875 0.783203125 0.375 0.759765625 0.38671875 0.755859375 0.37890625 0.72265625 0.396484375 0.75 0.451171875 0.76953125 0.44140625 0.775390625 0.451171875 0.791015625 0.44140625 0.787109375 0.431640625 0.796875 0.42578125 0.802734375 0.435546875 0.822265625 0.42578125 0.818359375 0.416015625 0.833984375 0.408203125 0.837890625 0.41796875 0.865234375 0.404296875 0.861328125 0.39453125 0.880859375 0.3828125 0.88671875 0.392578125 0.904296875 0.384765625 0.8984375 0.375 0.923828125 0.361328125 0.927734375 0.37109375 0.978515625 0.345703125 0.97265625 0.3359375 0.9921875 0.32421875 0.96484375 0.271484375
0 0.048828125 0.15234375 0.048828125 0.169921875 0.01171875 0.171875 0.01171875 0.15234375 0 0.15234375 0 0.2421875 0.013671875 0.2421875 0.013671875 0.232421875 0.046875 0.23046875 0.046875 0.2421875 0.08203125 0.240234375 0.08203125 0.228515625 0.095703125 0.228515625 0.091796875 0.150390625
0 0.998046875 0.64453125 0.974609375 0.658203125 0.9765625 0.662109375 0.9453125 0.677734375 0.94140625 0.66796875 0.9296875 0.673828125 0.94140625 0.693359375 1 0.662109375 1 0.646484375
0 1 0.998046875 1 0.939453125 0.904296875 0.939453125 0.904296875 0.998046875 1 0.998046875