0 0.3125 0.970703125 0.169921875 0.890625 0.107421875 1 0.294921875 1
0 0.267578125 0.775390625 0.298828125 0.79296875 0.27734375 0.83203125 0.375 0.888671875 0.3828125 0.873046875 0.419921875 0.892578125 0.41015625 0.908203125 0.513671875 0.966796875 0.53515625 0.927734375 0.548828125 0.935546875 0.580078125 0.87890625 0.298828125 0.71875
0 0.71484375 1 0.791015625 1 0.896484375 0.814453125 0.83984375 0.78125
0 0.578125 0.611328125 0.525390625 0.580078125 0.39453125 0.541015625 0.35546875 0.61328125 0.611328125 0.7578125 0.638671875 0.7734375 0.67578125 0.705078125
0 0.67578125 0.017578125 0.62890625 0.09765625 0.77734375 0.18359375 0.82421875 0.1015625
0 0.5859375 0.17578125 0.70703125 0.24609375 0.751953125 0.16796875 0.62890625 0.09765625
0 0.8203125 0.029296875 0.8359375 0 0.767578125 0
0 0.41796875 0.109375 0.482421875 0.146484375 0.564453125 0 0.478515625 0
0 0.392578125 0.107421875 0.421875 0.056640625 0.322265625 0 0.203125 0
0 0.443359375 0.16015625 0.388671875 0.12890625 0.322265625 0.244140625 0.376953125 0.275390625 0.380859375 0.267578125
0 0.21875 0.453125 0.099609375 0.662109375 0.185546875 0.7109375 0.3046875 0.501953125
0 0.119140625 0.025390625 0.07421875 0.103515625 0.322265625 0.244140625 0.3671875 0.166015625
0 0.37890625 0.625 0.349609375 0.677734375 0.58203125 0.80859375 0.611328125 0.7578125
0 0.044921875 0.892578125 0.076171875 0.830078125 0 0.79296875 0 0.869140625
0 0.1640625 0.35546875 0.134765625 0.40625 0.3046875 0.501953125 0.33203125 0.451171875
0 0.88671875 0.30859375 0.947265625 0.341796875 1 0.248046875 1 0.1875 0.966796875 0.169921875
0 0.01171875 0.24609375 0 0.265625 0 0.30859375 0.111328125 0.373046875 0.142578125 0.3203125
0 0.046875 0.486328125 0.111328125 0.373046875 0 0.30859375 0 0.654296875 0.0078125 0.66015625 0.091796875 0.51171875
0 0.919921875 0.529296875 0.90234375 0.55859375 0.94921875 0.583984375 0.966796875 0.556640625
0 1 0.130859375 0.99609375 0 0.873046875 0 0.875 0.1328125 1 0.130859375
0 0.8671875 0.30859375 0.95703125 0.15625 0.91015625 0.12890625 0.818359375 0.28125 0.8671875 0.30859375