0 0.544921875 0.103515625 0.544921875 0.173828125 0.611328125 0.173828125 0.611328125 0.16796875 0.646484375 0.16796875 0.64453125 0.1015625
0 0.193359375 0 0.1484375 0 0.158203125 0.0234375 0.197265625 0.009765625
0 0.328125 0 0.21875 0 0.080078125 0.0546875 0.11328125 0.138671875 0.345703125 0.046875
0 0.6484375 0.326171875 0.6484375 0.384765625 0.8515625 0.3828125 0.849609375 0.32421875
0 0.95703125 0.47265625 0.95703125 0.416015625 0.75 0.419921875 0.751953125 0.4765625
0 0.71484375 0.048828125 0.71484375 0.0546875 0.697265625 0.0546875 0.697265625 0.06640625 0.69140625 0.06640625 0.689453125 0.09375 0.759765625 0.095703125 0.76171875 0.05078125 0.755859375 0.05078125
0 0.76171875 0.0234375 0.76171875 0.0390625 0.755859375 0.0390625 0.755859375 0.05078125 0.76171875 0.05078125 0.76171875 0.068359375 0.828125 0.0703125 0.830078125 0.0390625 0.822265625 0.0390625 0.822265625 0.025390625
0 0.68359375 0.615234375 0.68359375 0.638671875 0.6953125 0.638671875 0.6953125 0.615234375
0 0.669921875 0.60546875 0.669921875 0.615234375 0.6953125 0.615234375 0.6953125 0.60546875
0 0.62109375 1 0.63671875 1 0.634765625 0.978515625 0.619140625 0.982421875
0 0.728515625 1 0.783203125 1 0.783203125 0.984375 0.73046875 0.984375
0 0.7890625 1 0.8046875 1 0.8046875 0.9921875 0.7890625 0.9921875
0 0.92578125 0 0.88671875 0 0.89453125 0.017578125 0.927734375 0.00390625
0 0.9453125 0.044921875 0.9296875 0.01171875 0.896484375 0.02734375 0.912109375 0.060546875
0 0.998046875 0 0.9453125 0 0.93359375 0.0078125 0.94921875 0.03125
0 0.982421875 0.123046875 0.947265625 0.14453125 0.96875 0.177734375 1 0.158203125 1 0.1484375
0 0.50390625 0.578125 0.474609375 0.578125 0.474609375 0.59765625 0.50390625 0.59765625
0 0.009765625 0.224609375 0 0.2265625 0 0.244140625 0.009765625 0.26953125 0.0234375 0.263671875
0 0.30078125 0.130859375 0.27734375 0.1328125 0.28125 0.15625 0.302734375 0.15234375
0 0.294921875 0.119140625 0.2890625 0.10546875 0.25 0.123046875 0.255859375 0.13671875
0 0.310546875 0.169921875 0.30078125 0.1640625 0.287109375 0.18359375 0.298828125 0.19140625
0 0.921875 0.076171875 0.943359375 0.119140625 0.970703125 0.10546875 0.951171875 0.0625
0 0.8828125 0.140625 0.892578125 0.166015625 0.927734375 0.150390625 0.91796875 0.126953125 0.892578125 0.13671875
0 0.931640625 0.12109375 0.919921875 0.091796875 0.880859375 0.107421875 0.892578125 0.13671875 0.91796875 0.126953125
0 0.978515625 0.0546875 0.99609375 0.08203125 1 0.078125 1 0.0390625
0 0.62890625 0.482421875 0.56640625 0.310546875 0.4921875 0.337890625 0.5546875 0.5078125 0.62890625 0.482421875
0 0.6640625 0.55859375 0.63671875 0.48828125 0.5625 0.517578125 0.58984375 0.5859375 0.6640625 0.55859375
0 0.5625 0.314453125 0.515625 0.173828125 0.47265625 0.1875 0.51953125 0.330078125 0.5625 0.314453125