0 0.0703125 0.181640625 0.076171875 0.201171875 0.0234375 0.216796875 0.033203125 0.251953125 0.0859375 0.234375 0.08984375 0.24609375 0.12890625 0.234375 0.126953125 0.22265625 0.1484375 0.216796875 0.138671875 0.181640625 0.115234375 0.189453125 0.109375 0.169921875
0 0.232421875 0.466796875 0.20703125 0.474609375 0.208984375 0.486328125 0.169921875 0.498046875 0.166015625 0.486328125 0.16015625 0.48828125 0.173828125 0.533203125 0.15625 0.55078125 0.140625 0.568359375 0.125 0.5859375 0.11328125 0.607421875 0.103515625 0.62890625 0.095703125 0.650390625 0.08984375 0.673828125 0.0859375 0.697265625 0.0234375 0.71484375 0.037109375 0.76171875 0 0.771484375 0 0.794921875 0.13671875 0.755859375 0.13671875 0.736328125 0.134765625 0.716796875 0.134765625 0.697265625 0.13671875 0.6796875 0.140625 0.662109375 0.146484375 0.64453125 0.15625 0.626953125 0.166015625 0.611328125 0.177734375 0.59765625 0.19140625 0.583984375 0.20703125 0.57421875 0.224609375 0.564453125 0.2421875 0.55859375 0.259765625 0.5546875 0.251953125 0.53125 0.234375 0.4765625
0 0.037109375 0.76171875 0.021484375 0.708984375 0 0.71484375 0 0.771484375
0 0.150390625 0.43359375 0.15625 0.453125 0.103515625 0.46875 0.11328125 0.501953125 0.166015625 0.486328125 0.169921875 0.498046875 0.208984375 0.486328125 0.20703125 0.474609375 0.23046875 0.46875 0.21875 0.43359375 0.197265625 0.44140625 0.19140625 0.421875
0 0.712890625 0.12109375 0.591796875 0.16015625 0.615234375 0.234375 0.73828125 0.1953125
0 0.900390625 0.0859375 0.802734375 0.1171875 0.8203125 0.169921875 0.916015625 0.138671875
0 0.712890625 0.12109375 0.73828125 0.1953125 0.8203125 0.169921875 0.802734375 0.1171875 0.900390625 0.0859375 0.916015625 0.138671875 0.923828125 0.13671875 0.900390625 0.0625
0 0.998046875 0.849609375 0.98046875 0.88671875 0.9609375 0.921875 0.939453125 0.955078125 0.916015625 0.986328125 0.904296875 1 1 1 1 0.84765625
0 0.310546875 0.521484375 0.3515625 0.51171875 0.33203125 0.43359375 0.29296875 0.443359375
0 0.69140625 0.564453125 0.7578125 0.59765625 1 0.53125 1 0.283203125 0.720703125 0.359375 0.70703125 0.314453125 0.62890625 0.3359375 0.669921875 0.490234375
0 0.380859375 0.16015625 0.361328125 0.099609375 0.322265625 0.111328125 0.341796875 0.171875 0.380859375 0.16015625
0 0.310546875 0.142578125 0.2890625 0.095703125 0.240234375 0.1171875 0.259765625 0.1640625 0.310546875 0.142578125
0 0.07421875 0.04296875 0.07421875 0 0 0 0 0.04296875 0.07421875 0.04296875
0 0.404296875 0.509765625 0.38671875 0.435546875 0.353515625 0.443359375 0.369140625 0.517578125 0.404296875 0.509765625
0 0.59765625 0.130859375 0.572265625 0.041015625 0.515625 0.056640625 0.5390625 0.146484375 0.59765625 0.130859375
0 0.37109375 1 0.373046875 0.923828125 0.1953125 0.919921875 0.193359375 0.998046875 0.37109375 1
0 0.349609375 0.56640625 0.341796875 0.53125 0.27734375 0.546875 0.287109375 0.583984375 0.349609375 0.56640625