0 0.00390625 0.666015625 0.013671875 0.626953125 0 0.623046875 0 0.6640625
0 0 0.853515625 0 0.900390625 0.013671875 0.904296875 0.0234375 0.859375
0 0 0.95703125 0 0.990234375 0.0078125 0.9921875 0.015625 0.9609375
0 0.078125 0.7265625 0.0625 0.791015625 0.09375 0.798828125 0.08984375 0.818359375 0.1171875 0.82421875 0.13671875 0.740234375
0 0.0546875 0.7890625 0.0078125 0.9921875 0.03125 0.998046875 0.068359375 0.830078125 0.0859375 0.833984375 0.09375 0.798828125 0.0625 0.791015625
0 0.099609375 0.8203125 0.060546875 0.990234375 0.078125 0.994140625 0.1171875 0.82421875
0 0.166015625 0.888671875 0.197265625 0.89453125 0.20703125 0.8515625 0.17578125 0.84375
0 0.017578125 0.607421875 0.025390625 0.578125 0 0.572265625 0 0.6015625
0 0 0.5234375 0 0.560546875 0.169921875 0.59765625 0.177734375 0.564453125
0 0 0.484375 0 0.5234375 0.177734375 0.564453125 0.185546875 0.52734375
0 0.044921875 0.234375 0.076171875 0.2421875 0.087890625 0.193359375 0.0546875 0.185546875
0 0.140625 0.193359375 0.126953125 0.25390625 0.177734375 0.265625 0.173828125 0.28125 0.2265625 0.29296875 0.244140625 0.216796875
0 0.173828125 0.376953125 0.212890625 0.384765625 0.224609375 0.33203125 0.185546875 0.322265625
0 0.322265625 0.185546875 0.3125 0.2265625 0.37890625 0.2421875 0.388671875 0.19921875
0 0.302734375 0.224609375 0.2890625 0.283203125 0.328125 0.291015625 0.32421875 0.3046875 0.328125 0.3046875 0.32421875 0.32421875 0.365234375 0.333984375 0.38671875 0.244140625
0 0.095703125 0.0390625 0.087890625 0.080078125 0.13671875 0.091796875 0.146484375 0.05078125
0 0.814453125 1 0.845703125 1 0.84765625 0.998046875 0.818359375 0.990234375
0 0.73828125 0.88671875 0.712890625 1 0.7421875 1 0.767578125 0.89453125
0 0.58203125 0.66796875 0.642578125 0.681640625 0.6484375 0.658203125 0.587890625 0.646484375
0 0.876953125 0.68359375 0.966796875 0.703125 0.97265625 0.6796875 0.8828125 0.658203125
0 0.939453125 0.71484375 0.931640625 0.740234375 0.955078125 0.74609375 0.9609375 0.71875
0 0.140625 0.966796875 0.158203125 0.970703125 0.169921875 0.919921875 0.15234375 0.916015625
0 0.103515625 0.990234375 0.12890625 0.99609375 0.134765625 0.970703125 0.109375 0.96484375
0 0.21875 0.939453125 0.2109375 0.97265625 0.18359375 0.96484375 0.1796875 0.984375 0.2265625 0.99609375 0.23828125 0.943359375
0 0.818359375 0.150390625 0.9375 0.150390625 0.9375 0.103515625 0.818359375 0.103515625
0 0.75 0.166015625 0.787109375 0.166015625 0.787109375 0.13671875 0.75 0.13671875
0 0.6875 0.169921875 0.732421875 0.169921875 0.732421875 0.12890625 0.6875 0.12890625
0 0.611328125 0.185546875 0.6484375 0.19140625 0.66015625 0.130859375 0.623046875 0.125
0 0.55078125 0.154296875 0.498046875 0.15625 0.5 0.201171875 0.5546875 0.19921875 0.552734375 0.193359375
0 0.58984375 0.1328125 0.55078125 0.134765625 0.552734375 0.193359375 0.591796875 0.189453125
0 0.4296875 0.203125 0.474609375 0.205078125 0.4765625 0.173828125 0.431640625 0.171875
0 0.4921875 0.2578125 0.564453125 0.2578125 0.564453125 0.21875 0.494140625 0.216796875
0 0.998046875 0.251953125 1 0.212890625 0.953125 0.212890625 0.951171875 0.251953125 0.998046875 0.251953125