0 0.021484375 0.73046875 0.021484375 0.697265625 0 0.697265625 0 0.73046875
0 0.0390625 0.697265625 0.0390625 0.736328125 0.083984375 0.736328125 0.083984375 0.697265625
0 0.099609375 0.732421875 0.142578125 0.732421875 0.142578125 0.697265625 0.099609375 0.697265625
0 0.083984375 0.697265625 0.083984375 0.736328125 0.099609375 0.736328125 0.099609375 0.697265625
0 0.16015625 0.73046875 0.20703125 0.73046875 0.205078125 0.693359375 0.16015625 0.6953125
0 0.1328125 0.61328125 0.1875 0.611328125 0.185546875 0.5703125 0.130859375 0.5703125
0 0.060546875 0.630859375 0.0625 0.580078125 0.005859375 0.578125 0.00390625 0.62890625
0 0.0625 0.615234375 0.1171875 0.615234375 0.1171875 0.568359375 0.0625 0.568359375
0 0.025390625 0.673828125 0.025390625 0.638671875 0 0.638671875 0 0.673828125
0 0.03515625 0.673828125 0.080078125 0.673828125 0.080078125 0.640625 0.03515625 0.640625
0 0.091796875 0.67578125 0.130859375 0.67578125 0.12890625 0.638671875 0.091796875 0.638671875
0 0.1484375 0.673828125 0.189453125 0.673828125 0.1875 0.638671875 0.1484375 0.640625
0 0.23828125 0.728515625 0.275390625 0.728515625 0.27734375 0.697265625 0.23828125 0.697265625
0 0.2421875 0.673828125 0.28125 0.673828125 0.28125 0.634765625 0.2421875 0.63671875
0 0.291015625 0.671875 0.33984375 0.671875 0.33984375 0.63671875 0.291015625 0.63671875
0 0.298828125 0.697265625 0.298828125 0.701171875 0.28515625 0.701171875 0.28515625 0.72265625 0.298828125 0.72265625 0.298828125 0.7265625 0.33984375 0.7265625 0.33984375 0.697265625
0 0.21484375 0.615234375 0.296875 0.611328125 0.294921875 0.5703125 0.212890625 0.572265625
0 0.4140625 0.56640625 0.357421875 0.56640625 0.357421875 0.62109375 0.4140625 0.62109375
0 0.4609375 0.56640625 0.4140625 0.56640625 0.4140625 0.62109375 0.4609375 0.62109375 0.4609375 0.568359375
0 0.501953125 0.568359375 0.4609375 0.568359375 0.4609375 0.630859375 0.501953125 0.630859375
0 0.39453125 0.642578125 0.451171875 0.642578125 0.451171875 0.62109375 0.39453125 0.62109375
0 0.36328125 0.75390625 0.404296875 0.75390625 0.404296875 0.71484375 0.36328125 0.71484375
0 0.5546875 0.654296875 0.580078125 0.654296875 0.580078125 0.6171875 0.5546875 0.6171875
0 0.59375 0.6171875 0.59375 0.568359375 0.501953125 0.568359375 0.501953125 0.6171875 0.580078125 0.6171875
0 0.734375 0.630859375 0.734375 0.578125 0.63671875 0.580078125 0.638671875 0.6328125 0.662109375 0.6328125
0 0.8203125 0.8359375 0.822265625 0.84765625 0.98046875 0.845703125 0.98046875 0.8984375 0.822265625 0.8984375 0.822265625 0.984375 1 0.982421875 1 0.76953125 0.541015625 0.7734375 0.541015625 0.837890625 0.64453125 0.837890625
0 0.607421875 0.93359375 0.58203125 0.96484375 0.578125 0.984375 0.578125 0.99609375 0.578125 1 0.6953125 1 0.697265625 0.998046875 0.703125 0.986328125 0.708984375 0.966796875 0.708984375 0.958984375 0.705078125 0.9453125 0.689453125 0.92578125 0.68359375 0.919921875 0.6796875 0.91796875 0.662109375 0.9140625 0.62890625 0.919921875 0.611328125 0.931640625
0 1 0.703125 1 0.64453125 0.962890625 0.646484375 0.96484375 0.705078125 0.98046875 0.705078125
0 0.9140625 0.669921875 0.9140625 0.734375 0.98046875 0.734375 0.98046875 0.705078125 0.96484375 0.705078125 0.962890625 0.669921875
0 0.908203125 0.609375 1 0.609375 1 0.548828125 0.908203125 0.548828125
0 0.98828125 0.53125 0.98828125 0.548828125 1 0.548828125 1 0.53125
0 0.0234375 0.2109375 0.0234375 0.216796875 0.001953125 0.216796875 0.001953125 0.240234375 0 0.240234375 0 0.279296875 0.025390625 0.279296875 0.0390625 0.26171875 0.0390625 0.251953125 0.03515625 0.2109375
0 0.205078125 0.013671875 0.205078125 0.029296875 0.16015625 0.03125 0.16015625 0.08203125 0.27734375 0.080078125 0.27734375 0.072265625 0.3046875 0.0703125 0.3046875 0.025390625 0.2890625 0.02734375 0.2890625 0.01171875
0 0.3828125 0.0390625 0.384765625 0.060546875 0.36328125 0.0625 0.365234375 0.12109375 0.423828125 0.119140625 0.423828125 0.109375 0.44140625 0.107421875 0.44140625 0.119140625 0.544921875 0.115234375 0.54296875 0.0546875 0.51171875 0.056640625 0.51171875 0.03515625
0 0.6640625 0.0703125 0.62890625 0.072265625 0.62890625 0.078125 0.623046875 0.078125 0.625 0.12109375 0.666015625 0.119140625
0 0.666015625 0.123046875 0.712890625 0.12109375 0.712890625 0.09375 0.703125 0.09375 0.703125 0.078125 0.69140625 0.078125 0.69140625 0.068359375 0.6640625 0.0703125 0.666015625 0.119140625
0 0.74609375 0.072265625 0.74609375 0.095703125 0.740234375 0.095703125 0.740234375 0.119140625 0.8359375 0.119140625 0.8359375 0.091796875 0.830078125 0.091796875 0.828125 0.072265625
0 0.654296875 0.212890625 0.677734375 0.2109375 0.677734375 0.203125 0.708984375 0.203125 0.70703125 0.171875 0.705078125 0.171875 0.708984375 0.150390625 0.615234375 0.150390625 0.615234375 0.216796875 0.654296875 0.216796875
0 0.8359375 0.173828125 0.826171875 0.146484375 0.771484375 0.146484375 0.771484375 0.154296875 0.74609375 0.154296875 0.74609375 0.173828125 0.74609375 0.203125 0.7890625 0.203125 0.833984375 0.201171875
0 0.3125 0.216796875 0.3125 0.193359375 0.322265625 0.193359375 0.3203125 0.171875 0.1796875 0.177734375 0.181640625 0.224609375 0.203125 0.224609375 0.203125 0.240234375 0.2890625 0.236328125 0.2890625 0.216796875
0 0.35546875 0.166015625 0.357421875 0.220703125 0.380859375 0.220703125 0.380859375 0.2421875 0.51171875 0.23828125 0.51171875 0.216796875 0.54296875 0.21484375 0.54296875 0.181640625 0.53125 0.181640625 0.53125 0.16015625
0 0.625 0.228515625 0.625 0.283203125 0.716796875 0.28125 0.71484375 0.234375 0.701171875 0.234375 0.701171875 0.2265625
0 0.828125 0.267578125 0.837890625 0.267578125 0.837890625 0.248046875 0.822265625 0.220703125 0.755859375 0.22265625 0.755859375 0.228515625 0.74609375 0.228515625 0.74609375 0.279296875 0.828125 0.279296875
0 0.927734375 0.083984375 0.927734375 0.23046875 0.99609375 0.23046875 0.99609375 0.2265625 1 0.224609375 1 0.177734375 0.974609375 0.177734375 0.974609375 0.12890625 0.966796875 0.12890625 0.966796875 0.083984375
0 0.943359375 0.052734375 1 0.05078125 1 0.005859375 0.943359375 0.0078125
0 0.83203125 0 0.74609375 0 0.748046875 0.01953125 0.740234375 0.01953125 0.740234375 0.04296875 0.837890625 0.044921875 0.837890625 0.01953125
0 0.646484375 0.916015625 0.64453125 0.91015625 0.64453125 0.837890625 0.611328125 0.837890625 0.611328125 0.91015625 0.611328125 0.931640625 0.62890625 0.919921875
0 0.515625 0.712890625 0.416015625 0.71484375 0.416015625 0.748046875 0.515625 0.748046875
0 0.45703125 0.673828125 0.36328125 0.67578125 0.36328125 0.71484375 0.45703125 0.712890625
0 0.546875 0.65625 0.45703125 0.65625 0.45703125 0.712890625 0.548828125 0.712890625
0 0.6953125 0.6328125 0.662109375 0.6328125 0.662109375 0.6875 0.697265625 0.6875
0 0.697265625 0.6875 0.666015625 0.6875 0.666015625 0.716796875 0.697265625 0.716796875
0 0.662109375 0.6875 0.662109375 0.654296875 0.546875 0.65625 0.548828125 0.71875 0.666015625 0.716796875 0.666015625 0.6875
0 0.228515625 0.8125 0.06640625 0.81640625 0.06640625 1 0.466796875 1 0.46484375 0.810546875 0.248046875 0.8125 0.248046875 0.869140625 0.4140625 0.869140625 0.4140625 0.9453125 0.287109375 0.9453125 0.287109375 0.96875 0.248046875 0.96875 0.248046875 0.908203125 0.24609375 0.8125 0.23046875 0.8125 0.23046875 0.869140625
0 0.69921875 0.0390625 0.69921875 0 0.59375 0 0.59375 0.0390625 0.69921875 0.0390625
0 0.046875 0.111328125 0.046875 0.0234375 0 0.0234375 0 0.111328125 0.046875 0.111328125
0 0.896484375 0.603515625 0.896484375 0.533203125 0.841796875 0.533203125 0.841796875 0.603515625 0.896484375 0.603515625
0 0.484375 0.5546875 0.484375 0.517578125 0.32421875 0.521484375 0.32421875 0.560546875 0.484375 0.5546875
0 0.88671875 0.529296875 0.88671875 0.501953125 0.77734375 0.50390625 0.77734375 0.53125 0.88671875 0.529296875
0 0.818359375 0.6328125 0.818359375 0.564453125 0.76171875 0.5625 0.76171875 0.6328125 0.818359375 0.6328125