0 0.857421875 0.931640625 0.888671875 0.931640625 0.888671875 0.904296875 0.857421875 0.904296875
0 0.736328125 0.908203125 0.7265625 0.908203125 0.724609375 0.935546875 0.736328125 0.935546875
0 0.380859375 0.498046875 0.423828125 0.5625 0.447265625 0.546875 0.40234375 0.482421875
0 0.373046875 0.666015625 0.42578125 0.66796875 0.42578125 0.64453125 0.373046875 0.642578125
0 0.484375 0.685546875 0.484375 0.763671875 0.51171875 0.76171875 0.509765625 0.68359375 0.486328125 0.685546875
0 0.509765625 0.68359375 0.509765625 0.650390625 0.486328125 0.650390625 0.486328125 0.685546875
0 0.423828125 0.62109375 0.435546875 0.646484375 0.44921875 0.638671875 0.4375 0.615234375
0 0.474609375 0.615234375 0.486328125 0.630859375 0.494140625 0.623046875 0.482421875 0.609375
0 0.20703125 0.560546875 0.314453125 0.5625 0.314453125 0.53515625 0.20703125 0.533203125
0 0.216796875 0.60546875 0.33203125 0.60546875 0.33203125 0.58203125 0.216796875 0.580078125
0 0.216796875 0.646484375 0.345703125 0.646484375 0.345703125 0.623046875 0.216796875 0.623046875
0 0.15625 0.66015625 0.177734375 0.66015625 0.1796875 0.6328125 0.15625 0.6328125
0 0.794921875 0.005859375 0.783203125 0.0078125 0.78515625 0.111328125 0.779296875 0.111328125 0.78125 0.24609375 1 0.244140625 1 0 0.794921875 0
0 0.361328125 0.04296875 0.357421875 0.19140625 0.3203125 0.19140625 0.318359375 0.275390625 0.4375 0.27734375 0.443359375 0.044921875
0 0.306640625 0.076171875 0.306640625 0.001953125 0.181640625 0.001953125 0.181640625 0.041015625 0.16015625 0.041015625 0.16015625 0.228515625 0.181640625 0.228515625 0.181640625 0.2734375 0.2734375 0.2734375 0.2734375 0.19140625 0.23046875 0.19140625 0.23046875 0.076171875
0 0.033203125 0.0859375 0.033203125 0.095703125 0.013671875 0.095703125 0.013671875 0.130859375 0.03125 0.130859375 0.03125 0.142578125 0.103515625 0.142578125 0.1015625 0.083984375
0 0 0.212890625 0 0.2890625 0.115234375 0.2890625 0.115234375 0.228515625 0.021484375 0.228515625 0.021484375 0.212890625
0 0.099609375 0.552734375 0.099609375 0.4921875 0 0.4921875 0 0.552734375
0 0.111328125 0.763671875 0.111328125 0.703125 0 0.703125 0 0.763671875
0 0.048828125 0.9375 0.048828125 0.927734375 0 0.927734375 0 0.98828125 0.083984375 0.98828125 0.083984375 0.9375
0 0.19921875 0.919921875 0.197265625 0.982421875 0.232421875 0.982421875 0.232421875 0.994140625 0.2890625 0.994140625 0.2890625 0.98046875 0.345703125 0.982421875 0.34375 0.994140625 0.42578125 0.99609375 0.427734375 0.921875
0 0.17578125 0.818359375 0.197265625 0.81640625 0.1953125 0.806640625 0.17578125 0.80859375
0 0.333984375 0.833984375 0.333984375 0.818359375 0.267578125 0.8203125 0.26953125 0.8359375 0.30859375 0.833984375
0 0.744140625 0.578125 0.744140625 0.634765625 0.77734375 0.634765625 0.77734375 0.64453125 0.869140625 0.64453125 0.869140625 0.6328125 0.9140625 0.630859375 0.9140625 0.64453125 1 0.642578125 1 0.576171875
0 0.744140625 0.771484375 0.744140625 0.83203125 0.77734375 0.83203125 0.77734375 0.841796875 1 0.83984375 1 0.771484375
0 0.986328125 0.990234375 0.986328125 0.98046875 0.74609375 0.98046875 0.74609375 1 1 1 1 0.990234375
0 0.076171875 0.01953125 0.076171875 0 0.00390625 0 0.00390625 0.021484375 0.076171875 0.01953125
0 0.033203125 0.865234375 0.033203125 0.8046875 0 0.8046875 0 0.865234375 0.033203125 0.865234375