0 0.177734375 0.33984375 0.078125 0.33984375 0.078125 0.373046875 0.1015625 0.373046875 0.1015625 0.375 0.078125 0.375 0.078125 0.384765625 0.0546875 0.384765625 0.0546875 0.4140625 0.19921875 0.4140625 0.19921875 0.384765625 0.177734375 0.384765625 0.177734375 0.380859375 0.15625 0.380859375 0.15625 0.37109375 0.177734375 0.37109375 0.177734375 0.34375
0 0.07421875 0.625 0.07421875 0.630859375 0.060546875 0.630859375 0.060546875 0.662109375 0.0703125 0.662109375 0.068359375 0.697265625 0.134765625 0.69921875 0.13671875 0.666015625 0.162109375 0.666015625 0.162109375 0.6953125 0.224609375 0.697265625 0.2265625 0.66796875 0.234375 0.66796875 0.236328125 0.630859375 0.193359375 0.62890625
0 0.009765625 0.5703125 0.04296875 0.572265625 0.044921875 0.556640625 0.01171875 0.5546875
0 0.162109375 0.666015625 0.13671875 0.666015625 0.134765625 0.69921875 0.162109375 0.6953125
0 0.060546875 0.662109375 0 0.666015625 0 0.673828125 0.060546875 0.673828125 0.060546875 0.697265625 0.068359375 0.697265625 0.0703125 0.662109375
0 0 0.345703125 0 0.412109375 0.0546875 0.4140625 0.0546875 0.384765625 0.078125 0.384765625 0.078125 0.375 0.1015625 0.375 0.1015625 0.373046875 0.078125 0.373046875 0.078125 0.345703125
0 0.177734375 0.34375 0.177734375 0.37109375 0.15625 0.37109375 0.15625 0.380859375 0.177734375 0.380859375 0.177734375 0.384765625 0.19921875 0.384765625 0.19921875 0.4140625 0.17578125 0.4140625 0.17578125 0.611328125 0.193359375 0.611328125 0.193359375 0.62890625 0.236328125 0.630859375 0.234375 0.66796875 0.2265625 0.66796875 0.224609375 0.697265625 0.251953125 0.69921875 0.26171875 0.458984375 0.205078125 0.34375
0 0.12109375 0.873046875 0.119140625 0.91015625 0.064453125 0.908203125 0.0625 0.94140625 0.0703125 0.94140625 0.0703125 0.9765625 0.10546875 0.978515625 0.10546875 0.931640625 0.169921875 0.93359375 0.16796875 0.974609375 0.2109375 0.9765625 0.2109375 0.93359375 0.22265625 0.93359375 0.22265625 0.912109375 0.162109375 0.91015625 0.1640625 0.875
0 0.744140625 0.4375 0.744140625 0.376953125 0.962890625 0.376953125 0.962890625 0.359375 0.63671875 0.359375 0.63671875 0.40625 0.6484375 0.416015625 0.619140625 0.443359375 0.609375 0.43359375 0.5625 0.43359375 0.5625 0.5078125 0.578125 0.5078125 0.578125 0.509765625 0.626953125 0.509765625 0.626953125 0.453125 0.6328125 0.458984375 0.6640625 0.431640625 0.685546875 0.453125 0.716796875 0.453125 0.794921875 0.453125 0.794921875 0.501953125 0.712890625 0.583984375 0.728515625 0.599609375 0.728515625 0.646484375 0.640625 0.646484375 0.640625 0.552734375 0.58203125 0.552734375 0.58203125 0.671875 0.86328125 0.671875 0.89453125 0.66015625 0.89453125 0.708984375 0.974609375 0.708984375 0.974609375 0.66015625 1 0.66015625 1 0.640625 0.89453125 0.640625 0.861328125 0.646484375 0.783203125 0.646484375 0.783203125 0.6328125 0.84375 0.572265625 1 0.5703125 1 0.4375
0 0.962890625 0.4375 0.962890625 0.376953125 0.744140625 0.376953125 0.744140625 0.4375 0.837890625 0.4375
0 0.58203125 0.74609375 0.86328125 0.74609375 0.86328125 0.671875 0.58203125 0.671875
0 0.8515625 0.951171875 0.583984375 0.951171875 0.583984375 1 0.8515625 1
0 0.609375 0.923828125 0.58203125 0.923828125 0.568359375 0.943359375 0.568359375 1 0.583984375 1 0.583984375 0.951171875 0.609375 0.951171875
0 0.97265625 0.990234375 0.97265625 0.94140625 0.8671875 0.94140625 0.8671875 0.990234375
0 0.060546875 0.673828125 0 0.673828125 0 0.708984375 0.001953125 0.708984375 0.001953125 0.751953125 0.041015625 0.751953125 0.041015625 0.708984375 0.060546875 0.708984375 0.060546875 0.697265625
0 0.779296875 0.060546875 0.779296875 0 0.65625 0 0.65625 0.060546875 0.779296875 0.060546875
0 1 0.3125 0.998046875 0.25390625 0.9453125 0.25390625 0.9453125 0.314453125 1 0.3125