0 0.185546875 0.96875 0.18359375 0.87890625 0.076171875 0.880859375 0.078125 0.970703125 0.09765625 0.970703125 0.099609375 0.998046875 0.17578125 0.99609375 0.17578125 0.96875
0 0.296875 0.759765625 0.29296875 0.68359375 0.197265625 0.689453125 0.201171875 0.767578125 0.21875 0.765625 0.220703125 0.798828125 0.28515625 0.794921875 0.283203125 0.76171875
0 0.5625 0.828125 0.814453125 0.962890625 0.845703125 0.904296875 0.59375 0.76953125
0 0.876953125 0.970703125 0.859375 1 0.9296875 1 0.89453125 0.98046875
0 0.359375 0.767578125 0.490234375 0.8359375 0.517578125 0.7890625 0.38671875 0.71875
0 0.2734375 0.904296875 0.41015625 0.984375 0.4375 0.939453125 0.30078125 0.859375
0 0.92578125 0.923828125 0.89453125 0.98046875 0.931640625 1 0.951171875 1 0.9765625 0.953125
0 0.58984375 0.986328125 0.5078125 0.94140625 0.4765625 1 0.58203125 1
0 0.50390625 0.701171875 0.521484375 0.66796875 0.376953125 0.58984375 0.359375 0.62109375
0 0.25390625 0.564453125 0.2265625 0.615234375 0.5078125 0.767578125 0.53515625 0.716796875
0 0.587890625 0 0.509765625 0 0.7265625 0.126953125 0.732421875 0.115234375 0.751953125 0.126953125 0.77734375 0.0859375 0.7421875 0.064453125 0.73046875 0.083984375 0.708984375 0.072265625
0 0.708984375 0.072265625 0.73046875 0.083984375 0.7421875 0.064453125 0.775390625 0.083984375 0.82421875 0 0.751953125 0
0 0.888671875 0.115234375 0.935546875 0.142578125 1 0.033203125 1 0 0.95703125 0
0 0.81640625 0.126953125 0.794921875 0.166015625 1 0.28515625 1 0.236328125
0 0.046875 0.021484375 0.025390625 0.060546875 0.322265625 0.220703125 0.34375 0.181640625
0 0.2734375 0.46484375 0.6875 0.6875 0.7109375 0.64453125 0.296875 0.419921875
0 0.4296875 0.1953125 0.404296875 0.244140625 0.62890625 0.365234375 0.654296875 0.318359375
0 0.98046875 0.505859375 0.958984375 0.544921875 1 0.56640625 1 0.515625
0 0.9296875 0.529296875 0.95703125 0.48046875 0.654296875 0.318359375 0.62890625 0.365234375
0 0.84375 0.62890625 0.89453125 0.65625 0.927734375 0.595703125 0.876953125 0.568359375
0 0.75 0.6484375 0.802734375 0.6796875 0.822265625 0.642578125 0.76953125 0.61328125
0 0.712890625 0.716796875 1 0.873046875 1 0.8125 0.73828125 0.671875
0 0.55859375 0.50390625 0.732421875 0.59765625 0.75390625 0.556640625 0.58203125 0.462890625
0 0.580078125 0.439453125 0.7421875 0.525390625 0.763671875 0.484375 0.603515625 0.3984375
0 0.52734375 0.474609375 0.541015625 0.44921875 0.435546875 0.390625 0.421875 0.41796875
0 0.44921875 0.3671875 0.34765625 0.3125 0.3203125 0.36328125 0.421875 0.41796875 0.435546875 0.390625
0 0 0.046875 0.025390625 0.060546875 0.046875 0.021484375 0.34375 0.181640625 0.36328125 0.146484375 0.09375 0 0.0234375 0
0 0.146484375 0.5234375 0.185546875 0.453125 0.150390625 0.431640625 0.109375 0.50390625 0.146484375 0.5234375
0 0.234375 0.35546875 0.263671875 0.287109375 0.2265625 0.271484375 0.1953125 0.33984375 0.234375 0.35546875