0 0.40234375 0.8671875 0.234375 0.8125 0.21484375 0.875 0.380859375 0.931640625
0 0.853515625 0.41015625 0.810546875 0.5390625 1 0.599609375 1 0.45703125
0 0.677734375 0.529296875 0.708984375 0.431640625 0.60546875 0.3984375 0.57421875 0.494140625
0 0.69140625 0.134765625 0.546875 0.087890625 0.4296875 0.447265625 0.57421875 0.494140625 0.60546875 0.3984375
0 0.560546875 0 0.48046875 0 0.38671875 0.2890625 0.458984375 0.3125
0 0 0.740234375 0 0.7578125 0.123046875 0.798828125 0.1484375 0.720703125 0.119140625 0.7109375 0.11328125 0.72265625 0.095703125 0.716796875 0.08984375 0.740234375 0.072265625 0.734375 0.080078125 0.712890625 0.048828125 0.703125 0.044921875 0.712890625 0.013671875 0.701171875
0 0.4296875 0.8671875 0.408203125 0.9296875 0.568359375 0.982421875 0.58984375 0.91796875
0 0.796875 0.9296875 0.80859375 0.89453125 0.734375 0.87109375 0.72265625 0.904296875
0 0.6640625 0.88671875 0.640625 0.95703125 0.771484375 1 0.82421875 1 0.84375 0.9453125
0 0.056640625 0.9453125 0.0859375 0.849609375 0.0390625 0.833984375 0.009765625 0.9296875
0 1 1 1 0.7421875 0.904296875 0.7421875 0.904296875 1 1 1
0 0.736328125 0.8125 0.751953125 0.771484375 0.68359375 0.744140625 0.66796875 0.787109375 0.736328125 0.8125
0 0.830078125 0.21484375 0.796875 0.177734375 0.765625 0.20703125 0.798828125 0.244140625 0.830078125 0.21484375
0 1 0.068359375 1 0.009765625 0.962890625 0.009765625 0.962890625 0.068359375 1 0.068359375
0 0.482421875 0.998046875 0.482421875 0.96484375 0.36328125 0.96484375 0.36328125 0.998046875 0.482421875 0.998046875