0 0.771484375 0.07421875 0.80859375 0.01171875 0.787109375 0 0.650390625 0 0.6484375 0.005859375
0 0.611328125 0.6640625 0.599609375 0.685546875 0.57421875 0.669921875 0.541015625 0.728515625 0.69921875 0.818359375 0.732421875 0.76171875 0.7109375 0.748046875 0.72265625 0.7265625 0.697265625 0.712890625 0.68359375 0.734375 0.65234375 0.71484375 0.62109375 0.697265625 0.6328125 0.67578125
0 0.765625 0.390625 0.75390625 0.412109375 0.728515625 0.3984375 0.6953125 0.455078125 0.85546875 0.544921875 0.88671875 0.48828125 0.865234375 0.474609375 0.87890625 0.453125 0.8515625 0.439453125 0.83984375 0.4609375 0.775390625 0.423828125 0.787109375 0.40234375
0 0.228515625 0.044921875 0.1953125 0.103515625 0.302734375 0.1640625 0.3359375 0.10546875 0.296875 0.083984375
0 0.177734375 0.4296875 0.14453125 0.490234375 0.31640625 0.572265625 0.3515625 0.51171875
0 0.4453125 0.64453125 0.484375 0.576171875 0.44140625 0.55078125 0.4453125 0.544921875 0.40625 0.5234375 0.40234375 0.529296875 0.35546875 0.501953125 0.31640625 0.572265625
0 0.185546875 0.41796875 0.1484375 0.396484375 0.15234375 0.390625 0.109375 0.365234375 0.10546875 0.373046875 0.0625 0.349609375 0.021484375 0.421875 0.14453125 0.490234375 0.177734375 0.4296875
0 0.306640625 0.158203125 0.578125 0.3125 0.609375 0.255859375 0.56640625 0.232421875 0.57421875 0.21875 0.53125 0.193359375 0.5234375 0.20703125 0.421875 0.150390625 0.4296875 0.13671875 0.400390625 0.119140625 0.392578125 0.1328125 0.337890625 0.1015625
0 0.087890625 0.267578125 0.189453125 0.326171875 0.287109375 0.154296875 0.1953125 0.103515625 0.228515625 0.044921875 0.296875 0.083984375 0.34375 0 0.23828125 0
0 1 0.265625 1 0.19140625 0.869140625 0.119140625 0.83203125 0.1875 0.9921875 0.279296875
0 0 0.71875 0 0.775390625 0.14453125 0.859375 0.169921875 0.81640625
0 0.181640625 0.875 0.21875 0.810546875 0.18359375 0.791015625 0.146484375 0.85546875
0 0.11328125 0.990234375 0.146484375 0.931640625 0.107421875 0.91015625 0.07421875 0.96875 0.091796875 0.978515625
0 0.3046875 0.96875 0.28515625 1 0.31640625 1 0.328125 0.982421875
0 0.279296875 0.93359375 0.2890625 0.916015625 0.26171875 0.900390625 0.203125 1 0.287109375 1 0.314453125 0.953125
0 0.2265625 0.884765625 0.158203125 1 0.203125 1 0.259765625 0.90234375
0 0.619140625 0.919921875 0.572265625 1 0.630859375 1 0.6640625 0.9453125
0 0.27734375 0.802734375 0.5546875 0.958984375 0.583984375 0.90625 0.306640625 0.75
0 0.8984375 0.818359375 0.857421875 0.888671875 0.927734375 0.927734375 0.96875 0.857421875
0 0.953125 0.72265625 0.8984375 0.818359375 0.970703125 0.859375 1 0.8046875 1 0.75
0 0.94921875 0.720703125 1 0.75 1 0.630859375
0 0.953125 0.96484375 1 0.990234375 1 0.92578125 0.98046875 0.916015625
0 0.921875 0.23828125 0.806640625 0.44140625 0.83984375 0.4609375 0.8515625 0.439453125 0.87890625 0.453125 0.865234375 0.474609375 0.88671875 0.48828125 1 0.291015625 1 0.28125
0 0.7734375 0.5 0.65234375 0.71484375 0.68359375 0.734375 0.697265625 0.712890625 0.72265625 0.7265625 0.7109375 0.748046875 0.732421875 0.76171875 0.85546875 0.544921875
0 0.265625 0.78125 0.296875 0.7265625 0.16796875 0.65234375 0.13671875 0.705078125 0.265625 0.78125
0 0.04296875 0.259765625 0.04296875 0.130859375 0 0.130859375 0 0.26171875 0.04296875 0.259765625