0 0.353515625 0.87890625 0.333984375 0.87109375 0.271484375 1 0.380859375 1
0 0.03515625 0.1328125 0.08203125 0 0 0 0 0.119140625
0 0.03515625 0.1328125 0.0703125 0.146484375 0.12109375 0 0.08203125 0
0 0.078125 0.29296875 0.111328125 0.302734375 0.19140625 0.05078125 0.158203125 0.041015625
0 0 0.521484375 0 0.66015625 0.103515625 0.357421875 0.060546875 0.34375
0 0.9765625 0.833984375 0.9609375 0.8671875 1 0.884765625 1 0.84375
0 0.89453125 0.419921875 0.869140625 0.48046875 1 0.533203125 1 0.4609375
0 0.73828125 0.572265625 0.720703125 0.75390625 0.767578125 0.775390625 0.787109375 0.578125 0.74609375 0.57421875
0 0.80078125 0.373046875 0.7578125 0.353515625 0.73828125 0.572265625 0.74609375 0.57421875 0.783203125 0.578125 0.783203125 0.576171875
0 0.86328125 0.9375 0.876953125 0.90625 0.833984375 0.88671875 0.796875 0.96484375 0.87109375 1 0.990234375 1 0.9921875 0.998046875
0 0.91015625 0.943359375 1 0.986328125 1 0.953125 0.921875 0.916015625
0 0.86328125 0.892578125 0.89453125 0.810546875 0.80859375 0.775390625 0.77734375 0.857421875 0.86328125 0.892578125
0 0.033203125 0.384765625 0.03125 0.259765625 0 0.259765625 0 0.384765625 0.033203125 0.384765625
0 0.427734375 0.404296875 0.451171875 0.3125 0.3828125 0.296875 0.361328125 0.388671875 0.427734375 0.404296875
0 0.5390625 0.552734375 0.5234375 0.529296875 0.44921875 0.572265625 0.46484375 0.59765625 0.5390625 0.552734375
0 0.9765625 0.3125 0.982421875 0.28125 0.9453125 0.2734375 0.939453125 0.302734375 0.9765625 0.3125