0 0.916015625 0 0.703125 0 0.697265625 0.017578125 1 0.130859375 1 0.029296875
0 0.080078125 0.181640625 0.056640625 0.248046875 0.125 0.2734375 0.1484375 0.20703125
0 0.203125 0.044921875 0.142578125 0.021484375 0.1171875 0.091796875 0.17578125 0.115234375
0 0.1484375 0.20703125 0.18359375 0.1171875 0 0.046875 0 0.150390625
0 0.07421875 0.076171875 0.11328125 0.015625 0.10546875 0.001953125 0.103515625 0 0 0 0 0.048828125
0 0.66796875 0.185546875 0.69921875 0.09765625 0.578125 0.052734375 0.546875 0.140625
0 0.419921875 0 0.365234375 0 0.341796875 0.068359375 0.546875 0.140625 0.578125 0.056640625
0 0.931640625 0.271484375 0.962890625 0.1875 0.853515625 0.146484375 0.8203125 0.23046875
0 0.779296875 0.13671875 0.75390625 0.205078125 0.8203125 0.23046875 0.84765625 0.162109375
0 0.876953125 0.083984375 0.751953125 0.037109375 0.72265625 0.115234375 0.84765625 0.162109375 0.853515625 0.146484375
0 0 0.83203125 0 0.990234375 0.025390625 1 0.05078125 1 0.140625 0.7421875 0.04296875 0.708984375
0 0.6015625 0.4921875 0.5859375 0.533203125 0.759765625 0.599609375 0.775390625 0.55859375 0.765625 0.5546875
0 0.837890625 0.3671875 0.8046875 0.455078125 0.83984375 0.46875 0.873046875 0.380859375
0 0.19921875 0.365234375 0.48828125 0.482421875 0.517578125 0.412109375 0.228515625 0.294921875
0 0.8046875 0.455078125 0.765625 0.5546875 0.810546875 0.572265625 0.84765625 0.47265625 0.83984375 0.46875
0 0.23046875 0.23828125 0.529296875 0.3515625 0.57421875 0.232421875 0.275390625 0.119140625
0 0.845703125 0.34765625 0.681640625 0.283203125 0.673828125 0.306640625 0.654296875 0.298828125 0.63671875 0.34375 0.8203125 0.4140625 0.837890625 0.3671875
0 0.025345203488372076 0.49962148740310075 0.04805595930232556 0.5071917393410853 0.07833696705426355 0.42316194282945735 0 0.390625 0 0.533203125