0 0.9609375 0.373046875 1 0.361328125 1 0.267578125 0.96484375 0.27734375 0.966796875 0.287109375 0.900390625 0.3046875 0.900390625 0.3984375 0.962890625 0.3828125
0 0.927734375 0.875 0.798828125 0.904296875 0.796875 0.994140625 0.923828125 0.96484375
0 0.52734375 0.9140625 0.3984375 0.943359375 0.396484375 1 0.5234375 1
0 0.705078125 0.873046875 0.578125 0.900390625 0.576171875 0.9921875 0.703125 0.962890625
0 0.11328125 0.78515625 0 0.802734375 0 0.89453125 0.11328125 0.875
0 0.2890625 0.775390625 0.20703125 0.79296875 0.203125 0.783203125 0.15234375 0.794921875 0.150390625 0.8828125 0.22265625 0.8671875 0.224609375 0.87890625 0.28125 0.8671875 0.2890625 0.78515625
0 0.44140625 0.15234375 0.298828125 0.171875 0.294921875 0.265625 0.4296875 0.248046875
0 0.025390625 0.18359375 0 0.185546875 0 0.31640625 0.017578125 0.314453125
0 0.234375 0.189453125 0.091796875 0.20703125 0.087890625 0.30078125 0.22265625 0.283203125
0 0.802734375 0.302734375 0.673828125 0.33203125 0.67578125 0.419921875 0.794921875 0.392578125
0 0.064453125 0.572265625 0 0.5859375 0 0.71875 0.064453125 0.705078125
0 0.8359375 0.486328125 0.71484375 0.50390625 0.708984375 0.59375 0.837890625 0.572265625
0 0.884765625 0.669921875 0.755859375 0.69921875 0.75390625 0.7890625 0.880859375 0.759765625
0 0.6875 0.7890625 0.69140625 0.697265625 0.560546875 0.71484375 0.556640625 0.8046875 0.654296875 0.79296875
0 0.49609375 0.73046875 0.361328125 0.748046875 0.359375 0.84375 0.486328125 0.826171875
0 0.60546875 0.314453125 0.46875 0.3359375 0.4609375 0.4375 0.603515625 0.416015625
0 0.419921875 0.3515625 0.275390625 0.37109375 0.275390625 0.462890625 0.412109375 0.443359375
0 0.15234375 0.3984375 0.150390625 0.390625 0.083984375 0.404296875 0.08203125 0.4921875 0.21875 0.47265625 0.21875 0.384765625
0 0.041015625 0.498046875 0.048828125 0.39453125 0 0.400390625 0 0.501953125
0 0.62890625 0.5078125 0.62890625 0.494140625 0.501953125 0.51953125 0.5 0.61328125 0.62890625 0.587890625
0 0.4453125 0.537109375 0.31640625 0.564453125 0.30859375 0.65234375 0.4453125 0.625
0 0.248046875 0.578125 0.109375 0.60546875 0.109375 0.677734375 0.111328125 0.693359375 0.240234375 0.66796875
0 0.32421875 0.96875 0.185546875 0.998046875 0.185546875 1 0.3203125 1
0 1 0.5625 0.99609375 0.470703125 0.90625 0.482421875 0.916015625 0.572265625 1 0.5625
0 1 0.77734375 1 0.6875 0.962890625 0.6875 0.962890625 0.77734375 1 0.77734375
0 0.8125 0.056640625 0.806640625 0.021484375 0.697265625 0.037109375 0.701171875 0.072265625 0.8125 0.056640625
0 0.138671875 0.998046875 0.13671875 0.9453125 0.00390625 0.947265625 0.005859375 1 0.138671875 0.998046875
0 0.54296875 0.107421875 0.53515625 0.07421875 0.451171875 0.091796875 0.45703125 0.125 0.54296875 0.107421875
0 0.91015625 0.037109375 0.90234375 0 0.828125 0.009765625 0.833984375 0.05078125 0.91015625 0.037109375