0 0.42578125 0.029296875 0.478515625 0.03125 0.546875 0.05078125 0.533203125 0 0.419921875 0
0 0.6328125 0.009765625 0.98828125 0.083984375 1 0.02734375 0.8671875 0 0.634765625 0
0 0.255859375 0.810546875 0.322265625 0.50390625 0.259765625 0.490234375 0.19140625 0.796875 0.240234375 0.80859375
0 0.19140625 0.796875 0.181640625 0.845703125 0.23046875 0.85546875 0.240234375 0.80859375
0 0.171875 0.84375 0.1484375 0.94921875 0.189453125 0.95703125 0.2109375 0.8515625 0.181640625 0.845703125
0 0.298828125 0.91015625 0.3984375 0.9296875 0.40625 0.892578125 0.306640625 0.873046875
0 0.404296875 0.95703125 0.39453125 1 0.525390625 1 0.529296875 0.982421875
0 0.3203125 1 0.37109375 1 0.373046875 0.982421875 0.32421875 0.9765625
0 0.455078125 0.28125 0.44140625 0.34765625 0.466796875 0.353515625 0.478515625 0.28515625
0 0.466796875 0.353515625 0.54296875 0.3671875 0.556640625 0.298828125 0.478515625 0.28515625
0 0.439453125 0.302734375 0.4453125 0.265625 0.357421875 0.25390625 0.3515625 0.2890625