0 1 0.078125 1 0.025390625 0.900390625 0.025390625 0.8984375 0.078125
0 0.982421875 0.251953125 0.984375 0.1015625 0.93359375 0.099609375 0.931640625 0.251953125
0 0.892578125 0.30078125 0.791015625 0.162109375 0.44140625 0.15625 0.486328125 0.220703125 0.55078125 0.2265625 0.603515625 0.294921875 0.625 0.294921875 0.740234375 0.451171875
0 0.25390625 0.15234375 0.349609375 0.431640625 0.533203125 0.4375 0.478515625 0.283203125 0.330078125 0.28125 0.287109375 0.15234375
0 0.931640625 0.251953125 0.9296875 0.314453125 1 0.314453125 1 0.251953125 0.982421875 0.251953125
0 0.419921875 0.12109375 0.275390625 0.12109375 0.330078125 0.28125 0.478515625 0.283203125 0.537109375 0.44921875 0.740234375 0.451171875 0.625 0.294921875 0.603515625 0.294921875 0.55078125 0.2265625 0.486328125 0.220703125 0.44140625 0.15625
0 0.1328125 0.4609375 0.2421875 0.462890625 0.25 0.3671875 0.21484375 0.33203125 0.181640625 0.2578125 0.142578125 0.2578125
0 0.810546875 0.92578125 0.814453125 0.8359375 0.69921875 0.830078125 0.6953125 0.921875
0 0.658203125 0.919921875 0.65625 0.953125 0.828125 0.9609375 0.830078125 0.92578125
0 0.65625 0.97265625 0.521484375 0.978515625 0.521484375 1 0.654296875 1
0 0.283203125 0.630859375 0.173828125 0.640625 0.142578125 0.673828125 0.08984375 1 0.1796875 1 0.1953125 0.904296875 0.1328125 0.89453125 0.14453125 0.828125 0.203125 0.837890625 0.220703125 0.732421875 0.1640625 0.720703125 0.173828125 0.65625 0.28515625 0.67578125
0 0.66015625 0.890625 0.529296875 0.88671875 0.52734375 0.947265625 0.65625 0.953125 0.658203125 0.919921875
0 0.65625 0.953125 0.654296875 1 0.689453125 1 0.693359375 0.955078125
0 0.173828125 0.65625 0.1640625 0.720703125 0.220703125 0.732421875 0.203125 0.837890625 0.14453125 0.828125 0.1328125 0.89453125 0.1953125 0.904296875 0.1796875 1 0.236328125 1 0.29296875 0.677734375 0.28515625 0.67578125
0 0.2890625 0.966796875 0.283203125 1 0.470703125 1 0.47265625 0.998046875
0 0.71484375 0.6953125 0.91015625 0.705078125 0.9140625 0.6484375 0.716796875 0.63671875
0 0.966796875 0.771484375 0.923828125 0.763671875 0.908203125 0.83203125 0.953125 0.841796875
0 0.935546875 0.837890625 0.923828125 0.890625 1 0.904296875 1 0.849609375 0.953125 0.841796875
0 0.947265625 0.93359375 0.892578125 0.921875 0.873046875 1 0.931640625 1
0 0.62109375 0.794921875 0.30859375 0.78125 0.3046875 0.8359375 0.619140625 0.849609375 0.62109375 0.818359375
0 0.341796875 0.6328125 0.33984375 0.67578125 0.681640625 0.68359375 0.681640625 0.638671875
0 0.669921875 0.8203125 0.67578125 0.72265625 0.625 0.720703125 0.62109375 0.818359375
0 0.314453125 0.67578125 0.3125 0.76171875 0.359375 0.76171875 0.361328125 0.677734375 0.33984375 0.67578125
0 0.482421875 1 0.494140625 0.92578125 0.412109375 0.912109375 0.3984375 0.986328125 0.47265625 0.998046875
0 1 0.4765625 1 0.396484375 0.953125 0.396484375 0.953125 0.4765625 1 0.4765625
0 0.998046875 0.708984375 1 0.650390625 0.943359375 0.650390625 0.94140625 0.708984375 0.998046875 0.708984375
0 0.84765625 0.998046875 0.84765625 0.9765625 0.6953125 0.9765625 0.6953125 0.998046875 0.84765625 0.998046875
0 0.03125 0.171875 0.03125 0 0 0 0 0.171875 0.03125 0.171875
0 0.861328125 0.099609375 0.861328125 0.029296875 0.712890625 0.03125 0.712890625 0.1015625 0.861328125 0.099609375
0 0.02734375 0.3671875 0.02734375 0.169921875 0 0.169921875 0 0.3671875 0.02734375 0.3671875
0 0.27734375 0.04296875 0.27734375 0 0.2109375 0 0.2109375 0.04296875 0.27734375 0.04296875