0 0.134765625 0.03125 0.12890625 0.169921875 0.19140625 0.173828125 0.1953125 0.0859375 0.23046875 0.087890625 0.228515625 0.123046875 0.478515625 0.134765625 0.48046875 0.1015625 0.509765625 0.103515625 0.505859375 0.189453125 0.583984375 0.193359375 0.58984375 0.0546875
0 0.01953125 0.025390625 0.017578125 0.076171875 0.1328125 0.08203125 0.134765625 0.03125
0 0.03125 0.2890625 0.08984375 0.29296875 0.09765625 0.14453125 0.0390625 0.140625
0 0.244140625 0.404296875 0.23828125 0.509765625 0.4453125 0.51953125 0.451171875 0.4140625
0 0.443359375 0.546875 0.564453125 0.5546875 0.56640625 0.5 0.447265625 0.494140625 0.4453125 0.51953125
0 0.5625 0.43359375 0.56640625 0.375 0.453125 0.369140625 0.451171875 0.427734375
0 0.02734375 0.572265625 0.0390625 0.322265625 0 0.3203125 0 0.5703125
0 0.013671875 0.595703125 0.0078125 0.724609375 0.052734375 0.7265625 0.05859375 0.59765625
0 0.08203125 0.73828125 0.490234375 0.7578125 0.494140625 0.6796875 0.0859375 0.66015625
0 0.494140625 0.6796875 0.486328125 0.826171875 0.59375 0.830078125 0.595703125 0.783203125 0.54296875 0.779296875 0.544921875 0.73828125 0.59765625 0.7421875 0.6015625 0.685546875
0 0.140625 0.83984375 0.14453125 0.75390625 0.017578125 0.748046875 0.013671875 0.833984375 0.064453125 0.8359375
0 0.064453125 0.8359375 0.013671875 0.833984375 0.005859375 0.978515625 0.056640625 0.98046875 0.060546875 0.921875
0 0.005859375 0.978515625 0.00390625 1 0.0546875 1 0.056640625 0.98046875
0 0.740234375 0.31640625 0.734375 0.416015625 1 0.427734375 1 0.328125
0 0.720703125 0.416015625 0.71875 0.48046875 1 0.494140625 1 0.4296875
0 0.734375 0.498046875 0.728515625 0.6171875 0.79296875 0.62109375 0.798828125 0.501953125
0 0.71484375 0.865234375 0.810546875 0.87109375 0.818359375 0.744140625 0.72265625 0.740234375
0 0.73828125 0.6484375 0.734375 0.734375 0.94921875 0.744140625 0.953125 0.66015625
0 0.837890625 0.73828125 0.8359375 0.7890625 0.947265625 0.794921875 0.94921875 0.744140625
0 0.8359375 0.7890625 0.830078125 0.869140625 0.943359375 0.875 0.947265625 0.794921875
0 0.390625 0 0.31640625 0 0.31640625 0.025390625 0.390625 0.029296875 0.390625 0.02734375
0 0.705078125 0.263671875 0.990234375 0.279296875 0.9921875 0.21875 0.70703125 0.203125
0 0.740234375 0.103515625 0.990234375 0.1171875 0.9921875 0.0625 0.7421875 0.048828125
0 0.595703125 1 0.595703125 0.9765625 0.51171875 0.9765625 0.51171875 1 0.595703125 1