0 0.90625 0.494140625 0.8984375 0.568359375 1 0.578125 1 0.501953125 0.91796875 0.494140625
0 0.759765625 1 0.892578125 1 0.8984375 0.982421875 0.779296875 0.9453125
0 0.833984375 0.78125 0.779296875 0.9453125 0.8984375 0.982421875 0.9453125 0.81640625
0 0.9921875 0.6640625 0.888671875 0.630859375 0.857421875 0.708984375 0.96875 0.74609375
0 0.857421875 0.708984375 0.833984375 0.78125 0.9453125 0.81640625 0.96875 0.74609375
0 0.099609375 0.81640625 0.109375 0.7890625 0 0.75 0 0.81640625 0.08984375 0.84765625 0.080078125 0.875 0.189453125 0.9140625 0.2109375 0.853515625
0 0.166015625 0.611328125 0.173828125 0.5859375 0 0.525390625 0 0.583984375 0.15625 0.638671875 0.146484375 0.662109375 0.263671875 0.703125 0.28125 0.65234375
0 0.3203125 0.5546875 0.341796875 0.490234375 0 0.3671875 0 0.4375
0 0.345703125 0.37109375 0.3671875 0.30859375 0 0.1796875 0 0.25
0 0.3984375 0.390625 0.43359375 0.2890625 0.37890625 0.271484375 0.345703125 0.37109375
0 0.4375 0.8515625 0.392578125 0.984375 0.435546875 1 0.521484375 1 0.55859375 0.892578125 0.462890625 0.859375
0 0.619140625 0.74609375 0.658203125 0.640625 0.490234375 0.58203125 0.453125 0.6875 0.517578125 0.7109375
0 0.41796875 0.66015625 0.326171875 0.955078125 0.39453125 0.9765625 0.4375 0.8515625 0.462890625 0.859375 0.517578125 0.7109375 0.453125 0.6875 0.45703125 0.677734375
0 0.96484375 0.3984375 0.939453125 0.455078125 0.91796875 0.494140625 1 0.501953125 1 0.30859375
0 0.216796875 1 0.31640625 1 0.326171875 0.9765625 0.236328125 0.947265625
0 0.7890625 0.072265625 0.7890625 0 0.541015625 0 0.541015625 0.072265625 0.7890625 0.072265625