0 0.59375 0.03515625 0.609375 0.01953125 0.638671875 0.046875 0.662109375 0.0234375 0.638671875 0 0.556640625 0
0 0.736328125 0.1875 0.69921875 0.1484375 0.546875 0.296875 0.5859375 0.3359375 0.61328125 0.30859375 0.64453125 0.33984375 0.669921875 0.314453125 0.638671875 0.283203125 0.685546875 0.23828125 0.712890625 0.267578125 0.736328125 0.244140625 0.708984375 0.21484375
0 0.83984375 0.1875 0.876953125 0.22265625 0.85546875 0.244140625 0.880859375 0.271484375 0.904296875 0.248046875 0.94921875 0.294921875 0.927734375 0.31640625 0.953125 0.341796875 0.974609375 0.3203125 0.99609375 0.33984375 1 0.3359375 1 0.2734375 0.876953125 0.150390625
0 0.87890625 0.36328125 0.8828125 0.357421875 0.8671875 0.345703125 0.86328125 0.353515625
0 0.826171875 0.509765625 0.85546875 0.5390625 0.837890625 0.55859375 0.8671875 0.5859375 0.88671875 0.56640625 0.939453125 0.615234375 0.919921875 0.63671875 0.94921875 0.666015625 0.96484375 0.650390625 0.98046875 0.666015625 1 0.646484375 1 0.607421875 0.861328125 0.474609375
0 0.73046875 0.501953125 0.69140625 0.46484375 0.541015625 0.619140625 0.578125 0.65625 0.60546875 0.630859375 0.626953125 0.650390625 0.6484375 0.62890625 0.626953125 0.607421875 0.681640625 0.552734375 0.705078125 0.576171875 0.728515625 0.5546875 0.703125 0.529296875
0 0.724609375 0.8671875 0.693359375 0.837890625 0.71484375 0.814453125 0.6796875 0.779296875 0.546875 0.916015625 0.583984375 0.951171875 0.607421875 0.927734375 0.638671875 0.958984375 0.66015625 0.935546875 0.65234375 0.9296875 0.693359375 0.88671875 0.69921875 0.892578125 0.71875 0.873046875
0 0.599609375 0.75390625 0.65234375 0.806640625 0.6796875 0.779296875 0.71484375 0.814453125 0.693359375 0.837890625 0.724609375 0.8671875 0.71875 0.873046875 0.724609375 0.880859375 0.7265625 0.880859375 0.830078125 0.884765625 0.830078125 0.8671875 0.8359375 0.873046875 0.880859375 0.830078125 0.869140625 0.81640625 0.904296875 0.78125 0.91796875 0.79296875 0.962890625 0.748046875 0.908203125 0.6953125 0.830078125 0.7734375 0.830078125 0.755859375 0.759765625 0.755859375 0.6796875 0.67578125
0 0.904296875 0.78125 0.869140625 0.81640625 0.89453125 0.84375 0.87109375 0.865234375 0.97265625 0.96875 0.9921875 0.947265625 1 0.955078125 1 0.875 0.91796875 0.79296875
0 1 0.091796875 1 0 0.9375 0.001953125 0.939453125 0.091796875 1 0.091796875
0 0.78515625 0.431640625 0.75390625 0.40234375 0.71875 0.4375 0.75 0.46875 0.78515625 0.431640625