0 0.033203125 0.66796875 0 0.75390625 0 0.880859375 0.033203125 0.89453125 0.107421875 0.697265625
0 0.087890625 0.595703125 0.056640625 0.677734375 0.087890625 0.689453125 0.119140625 0.607421875
0 0.1484375 0.533203125 0.103515625 0.515625 0.095703125 0.537109375 0.021484375 0.509765625 0.001953125 0.5625 0.119140625 0.607421875
0 0.001953125 0.5625 0.03125 0.486328125 0 0.47265625 0 0.560546875
0 0.71875 1 0.79296875 1 0.728515625 0.9765625
0 0.6171875 0.84765625 0.625 0.822265625 0.49609375 0.775390625 0.4765625 0.826171875 0.607421875 0.875 0.595703125 0.904296875 0.6875 0.9375 0.708984375 0.880859375
0 0.52734375 0.70703125 0.744140625 0.78125 0.76171875 0.732421875 0.544921875 0.658203125
0 0.767578125 0.916015625 0.89453125 0.958984375 0.94140625 0.8203125 0.814453125 0.77734375
0 0.12109375 0.0546875 0.103515625 0.103515625 0.330078125 0.1875 0.34765625 0.138671875 0.306640625 0.123046875
0 0.359375 0.142578125 0.384765625 0.072265625 0.33203125 0.052734375 0.306640625 0.123046875 0.34765625 0.138671875
0 0.068359375 0.0625 0.087890625 0.009765625 0.060546875 0 0 0 0 0.037109375
0 0.033203125 0.212890625 0.048828125 0.166015625 0 0.1484375 0 0.201171875
0 0.060546875 0.228515625 0.28125 0.306640625 0.298828125 0.259765625 0.078125 0.1796875
0 0.01171875 0.36328125 0.240234375 0.44921875 0.2578125 0.40625 0.02734375 0.318359375
0 0.314453125 0.427734375 0.533203125 0.501953125 0.55078125 0.451171875 0.33203125 0.376953125
0 0.583984375 0.5234375 0.810546875 0.6015625 0.826171875 0.5546875 0.599609375 0.4765625
0 0.625 0.376953125 0.849609375 0.455078125 0.8671875 0.40625 0.642578125 0.328125
0 0.36328125 0.283203125 0.587890625 0.361328125 0.60546875 0.3125 0.3828125 0.232421875
0 0.3984375 0.154296875 0.625 0.23828125 0.646484375 0.18359375 0.419921875 0.099609375
0 0.68359375 0.259765625 0.9140625 0.337890625 0.931640625 0.2890625 0.701171875 0.2109375
0 0.71875 0.099609375 0.951171875 0.1796875 0.970703125 0.125 0.73828125 0.046875
0 0.685546875 0.076171875 0.701171875 0.03125 0.61328125 0 0.478515625 0
0 0.943359375 0.337890625 1 0.357421875 1 0.296875 0.962890625 0.28515625
0 0.890625 0.494140625 1 0.529296875 1 0.46875 0.908203125 0.439453125
0 0.83203125 0.6484375 1 0.70703125 1 0.6328125 0.85546875 0.58203125
0 0.189453125 0.794921875 0.12890625 0.962890625 0.177734375 0.98046875 0.23828125 0.8125
0 0.26953125 1 0.48828125 1 0.51953125 0.912109375 0.23828125 0.8125 0.181640625 0.96875
0 0.365234375 0.771484375 0.462890625 0.802734375 0.5 0.69921875 0.40234375 0.666015625
0 0.208984375 0.716796875 0.19140625 0.771484375 0.4453125 0.857421875 0.462890625 0.802734375 0.31640625 0.75390625
0 0.31640625 0.75390625 0.326171875 0.728515625 0.216796875 0.693359375 0.208984375 0.716796875
0 0.349609375 0.669921875 0.373046875 0.6015625 0.265625 0.56640625 0.244140625 0.634765625
0 0.396484375 0.630859375 0.4609375 0.65625 0.470703125 0.62890625 0.40625 0.603515625
0 0.80078125 0.53515625 0.818359375 0.48046875 0.609375 0.41015625 0.58984375 0.46484375 0.80078125 0.53515625
0 0.09375 0.9453125 0.111328125 0.87890625 0.078125 0.87109375 0.060546875 0.935546875 0.09375 0.9453125
0 0.125 0.326171875 0.142578125 0.265625 0.04296875 0.236328125 0.025390625 0.294921875 0.125 0.326171875
0 0.486328125 0.26171875 0.501953125 0.205078125 0.41796875 0.181640625 0.40234375 0.23828125 0.486328125 0.26171875