0 0 0.748046875 0 0.80859375 0.015625 0.814453125 0.03515625 0.759765625
0 0.1875 0.64453125 0.12109375 0.623046875 0.083984375 0.736328125 0.150390625 0.7578125
0 0 0.310546875 0 0.37109375 0.099609375 0.404296875 0.12109375 0.349609375
0 0 0.4921875 0 0.552734375 0.0859375 0.58203125 0.10546875 0.52734375
0 0.2578125 0.39453125 0.240234375 0.44921875 0.1875 0.431640625 0.15625 0.53125 0.216796875 0.55078125 0.26953125 0.3984375
0 0.5390625 0.970703125 0.560546875 0.90234375 0.408203125 0.853515625 0.3828125 0.919921875
0 0.625 1 0.84375 1 0.599609375 0.919921875 0.578125 0.984375
0 0.990234375 1 1 1 1 0.919921875 0.978515625 0.99609375
0 1 0.85546875 1 0.794921875 0.970703125 0.787109375 0.953125 0.841796875
0 0.69921875 0.595703125 0.95703125 0.67578125 0.97265625 0.625 0.71484375 0.544921875
0 0.908203125 0.82421875 0.927734375 0.767578125 0.671875 0.68359375 0.65234375 0.740234375
0 0.26953125 0.720703125 0.322265625 0.736328125 0.3515625 0.6484375 0.298828125 0.630859375
0 0.705078125 0.05859375 0.71484375 0.025390625 0.638671875 0 0.55078125 0 0.548828125 0.005859375
0 0.939453125 0.345703125 0.91015625 0.43359375 0.9609375 0.451171875 0.990234375 0.361328125
0 0.677734375 0.361328125 0.66015625 0.419921875 0.87109375 0.486328125 0.890625 0.427734375
0 0.986328125 0.20703125 0.958984375 0.291015625 1 0.3046875 1 0.2109375
0 0.763671875 0.078125 0.7421875 0.142578125 0.947265625 0.20703125 0.94921875 0.197265625 0.9609375 0.19921875 0.98046875 0.146484375
0 1 0.05859375 1 0 0.8046875 0
0 0.46875 0.220703125 0.505859375 0.111328125 0.4609375 0.095703125 0.419921875 0.220703125 0.44921875 0.23046875 0.44140625 0.25390625 0.435546875 0.251953125 0.42578125 0.27734375 0.43359375 0.279296875 0.41796875 0.32421875 0.6171875 0.392578125 0.63671875 0.333984375 0.58203125 0.31640625 0.578125 0.328125 0.48828125 0.298828125 0.494140625 0.283203125 0.48046875 0.279296875 0.498046875 0.23046875
0 0.1953125 0.6171875 0.212890625 0.5625 0.10546875 0.52734375 0.0859375 0.58203125
0 0.25390625 0.802734375 0.23046875 0.869140625 0.3828125 0.919921875 0.408203125 0.853515625
0 0.3203125 0.568359375 0.298828125 0.630859375 0.611328125 0.734375 0.6328125 0.669921875
0 0.359375 0.4375 0.34375 0.484375 0.6484375 0.587890625 0.6640625 0.541015625
0 0.9453125 0.5078125 0.962890625 0.451171875 0.890625 0.427734375 0.87109375 0.486328125
0 1 0.2109375 1 0.15234375 0.98046875 0.146484375 0.9609375 0.19921875
0 0.71875 0.216796875 0.69921875 0.28125 0.900390625 0.34375 0.90234375 0.333984375 0.990234375 0.361328125 1 0.326171875 1 0.3046875
0 0.126953125 0.8515625 0.146484375 0.794921875 0.03515625 0.759765625 0.015625 0.814453125
0 0.240234375 0.44921875 0.2578125 0.39453125 0.12109375 0.349609375 0.099609375 0.404296875
0 0 0.14453125 0 0.197265625 0.056640625 0.21484375 0.072265625 0.16796875
0 0.00390625 0 0 0 0 0.048828125 0.103515625 0.08203125 0.1171875 0.03515625
0 0.32421875 0.07421875 0.337890625 0.03125 0.236328125 0 0.1484375 0 0.14453125 0.017578125
0 0.12890625 0.041015625 0.11328125 0.087890625 0.32421875 0.15234375 0.33984375 0.10546875
0 0.08203125 0.166015625 0.06640625 0.212890625 0.279296875 0.279296875 0.29296875 0.232421875
0 0.361328125 0.111328125 0.380859375 0.044921875 0.33984375 0.033203125 0.3203125 0.099609375 0.33984375 0.10546875
0 0.32421875 0.240234375 0.34375 0.173828125 0.29296875 0.158203125 0.2734375 0.224609375 0.29296875 0.232421875
0 0.509765625 0.0859375 0.53515625 0 0.486328125 0 0.462890625 0.072265625 0.509765625 0.0859375
0 0.0703125 0.998046875 0.0703125 0.939453125 0 0.939453125 0 0.998046875 0.0703125 0.998046875